5.0430e-02 8.2905e+06
5.0840e-02 8.1842e+06
5.1250e-02 8.0710e+06
5.1670e-02 7.9641e+06
5.2110e-02 7.8600e+06
5.2560e-02 7.7608e+06
5.3010e-02 7.6676e+06
5.3480e-02 7.5699e+06
5.3960e-02 7.4785e+06
5.4460e-02 7.3923e+06
5.4970e-02 7.3049e+06
5.5490e-02 7.2197e+06
5.6030e-02 7.1371e+06
5.6580e-02 7.0619e+06
5.7140e-02 6.9840e+06
5.7730e-02 6.9097e+06
5.8320e-02 6.8379e+06
5.8940e-02 6.7705e+06
5.9570e-02 6.7030e+06
6.0220e-02 6.6401e+06
6.0880e-02 6.5801e+06
6.1570e-02 6.5178e+06
6.2270e-02 6.4600e+06
6.2990e-02 6.4037e+06
6.3720e-02 6.3518e+06
6.4480e-02 6.2977e+06
6.5250e-02 6.2466e+06
6.6050e-02 6.2001e+06
6.6860e-02 6.1529e+06
6.7690e-02 6.1086e+06
6.8540e-02 6.0626e+06
6.9410e-02 6.0200e+06
7.0300e-02 5.9774e+06
7.1200e-02 5.9370e+06
7.2130e-02 5.8962e+06
7.3080e-02 5.8569e+06
7.4040e-02 5.8192e+06
7.5020e-02 5.7808e+06
7.6030e-02 5.7471e+06
7.7050e-02 5.7109e+06
7.8090e-02 5.6741e+06
7.9150e-02 5.6422e+06
8.0240e-02 5.6116e+06
8.1340e-02 5.5776e+06
8.2460e-02 5.5440e+06
8.3590e-02 5.5110e+06
8.4750e-02 5.4787e+06
8.5930e-02 5.4466e+06
8.7120e-02 5.4173e+06
8.8340e-02 5.3843e+06
8.9570e-02 5.3547e+06
9.0820e-02 5.3242e+06
9.2090e-02 5.2923e+06
9.3370e-02 5.2608e+06
9.4670e-02 5.2309e+06
9.5980e-02 5.2068e+06
9.7310e-02 5.1750e+06
9.8650e-02 5.1408e+06
1.0000e-01 5.1147e+06
1.0140e-01 5.0783e+06
1.0270e-01 5.0508e+06
1.0410e-01 5.0202e+06
1.0550e-01 4.9907e+06
1.0690e-01 4.9540e+06
1.0830e-01 4.9220e+06
1.0960e-01 4.8882e+06
1.1100e-01 4.8503e+06
1.1240e-01 4.8145e+06
1.1370e-01 4.7752e+06
1.1510e-01 4.7410e+06
1.1640e-01 4.6981e+06
1.1780e-01 4.6570e+06
1.1910e-01 4.6127e+06
1.2040e-01 4.5741e+06
1.2170e-01 4.5263e+06
1.2290e-01 4.4808e+06
1.2410e-01 4.4299e+06
1.2540e-01 4.3817e+06
1.2660e-01 4.3321e+06
1.2770e-01 4.2753e+06
1.2890e-01 4.2210e+06
1.3000e-01 4.1662e+06
1.3110e-01 4.1111e+06
1.3220e-01 4.0530e+06
1.3320e-01 3.9919e+06
1.3430e-01 3.9341e+06
1.3530e-01 3.8711e+06
1.3630e-01 3.8084e+06
1.3730e-01 3.7472e+06
1.3820e-01 3.6837e+06
1.3920e-01 3.6196e+06
1.4010e-01 3.5588e+06
1.4100e-01 3.4949e+06
1.4200e-01 3.4299e+06
1.4290e-01 3.3672e+06
1.4370e-01 3.3044e+06
1.4460e-01 3.2387e+06
1.4550e-01 3.1798e+06
1.4640e-01 3.1169e+06
1.4730e-01 3.0550e+06
1.4820e-01 2.9936e+06
1.4910e-01 2.9340e+06
1.5000e-01 2.8743e+06
1.5090e-01 2.8167e+06
1.5190e-01 2.7587e+06
1.5280e-01 2.7040e+06
1.5380e-01 2.6475e+06
1.5470e-01 2.5950e+06
1.5570e-01 2.5411e+06
1.5680e-01 2.4904e+06
1.5780e-01 2.4391e+06
1.5890e-01 2.3898e+06
1.6000e-01 2.3407e+06
1.6110e-01 2.2936e+06
1.6230e-01 2.2507e+06
1.6350e-01 2.2056e+06
1.6470e-01 2.1625e+06
1.6600e-01 2.1202e+06
1.6730e-01 2.0812e+06
1.6860e-01 2.0419e+06
1.7000e-01 2.0030e+06
1.7140e-01 1.9671e+06
1.7290e-01 1.9311e+06
1.7440e-01 1.8969e+06
1.7600e-01 1.8630e+06
1.7760e-01 1.8308e+06
1.7920e-01 1.7995e+06
1.8090e-01 1.7687e+06
1.8270e-01 1.7402e+06
1.8450e-01 1.7118e+06
1.8640e-01 1.6849e+06
1.8830e-01 1.6581e+06
1.9020e-01 1.6322e+06
1.9220e-01 1.6065e+06
1.9430e-01 1.5821e+06
1.9640e-01 1.5589e+06
1.9860e-01 1.5355e+06
2.0080e-01 1.5132e+06
2.0310e-01 1.4919e+06
2.0550e-01 1.4704e+06
2.0790e-01 1.4505e+06
2.1040e-01 1.4299e+06
2.1300e-01 1.4113e+06
2.1570e-01 1.3925e+06
2.1840e-01 1.3744e+06
2.2120e-01 1.3567e+06
2.2410e-01 1.3404e+06
2.2710e-01 1.3234e+06
2.3020e-01 1.3077e+06
2.3340e-01 1.2929e+06
2.3670e-01 1.2779e+06
2.4010e-01 1.2626e+06
2.4370e-01 1.2490e+06
2.4740e-01 1.2361e+06
2.5130e-01 1.2238e+06
2.5530e-01 1.2112e+06
2.5960e-01 1.1997e+06
2.6400e-01 1.1887e+06
2.6870e-01 1.1784e+06
2.7360e-01 1.1692e+06
2.7890e-01 1.1600e+06
2.8440e-01 1.1526e+06
2.9030e-01 1.1453e+06
2.9650e-01 1.1391e+06
3.0320e-01 1.1341e+06
3.1020e-01 1.1287e+06
3.1780e-01 1.1255e+06
3.2590e-01 1.1237e+06
3.3450e-01 1.1229e+06
3.4380e-01 1.1234e+06
3.5360e-01 1.1250e+06
3.6410e-01 1.1277e+06
3.7520e-01 1.1323e+06
3.8700e-01 1.1373e+06
3.9950e-01 1.1441e+06
4.1260e-01 1.1525e+06
4.2650e-01 1.1617e+06
4.4090e-01 1.1725e+06
4.5600e-01 1.1838e+06
4.7160e-01 1.1965e+06
4.8750e-01 1.2093e+06
5.0400e-01 1.2237e+06
5.2100e-01 1.2382e+06
5.3830e-01 1.2538e+06
5.5590e-01 1.2693e+06
5.7440e-01 1.2876e+06
5.9220e-01 1.3032e+06
6.1010e-01 1.3185e+06
6.2790e-01 1.3332e+06
6.4560e-01 1.3477e+06
6.6310e-01 1.3610e+06
6.7860e-01 1.3660e+06
6.9570e-01 1.3780e+06
7.1240e-01 1.3884e+06
7.2880e-01 1.3978e+06
7.4470e-01 1.4055e+06
7.6020e-01 1.4122e+06
7.7830e-01 1.4276e+06
7.9270e-01 1.4303e+06
8.0670e-01 1.4315e+06
8.2010e-01 1.4309e+06
8.3310e-01 1.4290e+06
8.4550e-01 1.4252e+06
8.5750e-01 1.4196e+06
8.6900e-01 1.4128e+06
8.8000e-01 1.4049e+06
8.9060e-01 1.3952e+06
9.0080e-01 1.3842e+06
9.1050e-01 1.3728e+06
9.1980e-01 1.3591e+06
9.2880e-01 1.3448e+06
9.3660e-01 1.3271e+06
9.4490e-01 1.3103e+06
9.5280e-01 1.2941e+06
9.6050e-01 1.2763e+06
9.6780e-01 1.2584e+06
9.7490e-01 1.2390e+06
9.8180e-01 1.2205e+06
9.8840e-01 1.2007e+06
9.9520e-01 1.1807e+06
1.0010e+00 1.1604e+06
1.0080e+00 1.1407e+06
1.0140e+00 1.1199e+06
1.0190e+00 1.0995e+06
1.0250e+00 1.0788e+06
1.0310e+00 1.0584e+06
1.0370e+00 1.0389e+06
1.0430e+00 1.0183e+06
1.0490e+00 9.9864e+05
1.0550e+00 9.7884e+05
1.0600e+00 9.5679e+05
1.0660e+00 9.3749e+05
1.0730e+00 9.1968e+05
1.0810e+00 9.0159e+05
1.0890e+00 8.8425e+05
1.0970e+00 8.6697e+05
1.1060e+00 8.5033e+05
1.1160e+00 8.3467e+05
1.1270e+00 8.1938e+05
1.1390e+00 8.0472e+05
1.1530e+00 7.9058e+05
1.1680e+00 7.7708e+05
1.1840e+00 7.6430e+05
1.2030e+00 7.5413e+05
1.2240e+00 7.4237e+05
1.2460e+00 7.3128e+05
1.2710e+00 7.2133e+05
1.2990e+00 7.1143e+05
1.3290e+00 7.0214e+05
1.3620e+00 6.9373e+05
1.3980e+00 6.8564e+05
1.4370e+00 6.7830e+05
1.4800e+00 6.7161e+05
1.5250e+00 6.6522e+05
1.5740e+00 6.5894e+05
1.6270e+00 6.5324e+05
1.6820e+00 6.4784e+05
1.7410e+00 6.4298e+05
1.8020e+00 6.3807e+05
1.8670e+00 6.3357e+05
1.9340e+00 6.2921e+05
2.0050e+00 6.2488e+05
2.0760e+00 6.2070e+05
2.1510e+00 6.1614e+05
2.2280e+00 6.1120e+05
2.3070e+00 6.0715e+05
2.3880e+00 6.0239e+05
2.4700e+00 5.9764e+05
2.5540e+00 5.9238e+05
2.6390e+00 5.8709e+05
2.7250e+00 5.8164e+05
2.8110e+00 5.7622e+05
2.8990e+00 5.7071e+05
2.9870e+00 5.6438e+05
3.0750e+00 5.5845e+05
3.1640e+00 5.5212e+05
3.2540e+00 5.4539e+05
3.3440e+00 5.3917e+05
3.4350e+00 5.3250e+05
3.5250e+00 5.2553e+05
3.6170e+00 5.1903e+05
3.7080e+00 5.1168e+05
3.8000e+00 5.0478e+05
3.8930e+00 4.9761e+05
3.9870e+00 4.9060e+05
4.0810e+00 4.8309e+05
4.1760e+00 4.7617e+05
4.2710e+00 4.6874e+05
4.3680e+00 4.6190e+05
4.4660e+00 4.5466e+05
4.5640e+00 4.4768e+05
4.6650e+00 4.4067e+05
4.7670e+00 4.3364e+05
4.8700e+00 4.2664e+05
4.9750e+00 4.1995e+05
5.0820e+00 4.1303e+05
5.1910e+00 4.0648e+05
5.3030e+00 3.9997e+05
5.4160e+00 3.9334e+05
5.5320e+00 3.8700e+05
5.6500e+00 3.8084e+05
5.7710e+00 3.7438e+05
5.8950e+00 3.6852e+05
6.0220e+00 3.6234e+05
6.1520e+00 3.5664e+05
6.2850e+00 3.5073e+05
6.4220e+00 3.4525e+05
6.5620e+00 3.3945e+05
6.7060e+00 3.3423e+05
6.8540e+00 3.2858e+05
7.0060e+00 3.2333e+05
7.1610e+00 3.1821e+05
7.3210e+00 3.1289e+05
7.4860e+00 3.0810e+05
7.6550e+00 3.0304e+05
7.8270e+00 2.9813e+05
8.0050e+00 2.9328e+05
8.1890e+00 2.8859e+05
8.3770e+00 2.8406e+05
8.5710e+00 2.7939e+05
8.7700e+00 2.7489e+05
8.9760e+00 2.7050e+05
9.1860e+00 2.6607e+05
9.4010e+00 2.6170e+05
9.6230e+00 2.5750e+05
9.8510e+00 2.5332e+05
1.0080e+01 2.4916e+05
1.0330e+01 2.4505e+05
1.0570e+01 2.4090e+05
1.0830e+01 2.3695e+05
1.1090e+01 2.3292e+05
1.1350e+01 2.2911e+05
1.1630e+01 2.2521e+05
1.1910e+01 2.2141e+05
1.2200e+01 2.1750e+05
1.2500e+01 2.1382e+05
1.2810e+01 2.1005e+05
1.3120e+01 2.0634e+05
1.3450e+01 2.0271e+05
1.3780e+01 1.9915e+05
1.4120e+01 1.9565e+05
1.4480e+01 1.9206e+05
1.4840e+01 1.8855e+05
1.5210e+01 1.8511e+05
1.5590e+01 1.8165e+05
1.5990e+01 1.7833e+05
1.6390e+01 1.7497e+05
1.6810e+01 1.7157e+05
1.7240e+01 1.6835e+05
1.7680e+01 1.6507e+05
1.8140e+01 1.6185e+05
1.8610e+01 1.5867e+05
1.9090e+01 1.5541e+05
1.9590e+01 1.5240e+05
2.0100e+01 1.4932e+05
2.0630e+01 1.4627e+05
2.1180e+01 1.4318e+05
2.1740e+01 1.4022e+05
2.2320e+01 1.3734e+05
2.2920e+01 1.3429e+05
2.3540e+01 1.3145e+05
2.4180e+01 1.2864e+05
2.4840e+01 1.2585e+05
2.5520e+01 1.2309e+05
2.6230e+01 1.2036e+05
2.6960e+01 1.1761e+05
2.7710e+01 1.1498e+05
2.8490e+01 1.1231e+05
2.9290e+01 1.0971e+05
3.0130e+01 1.0717e+05
3.0990e+01 1.0464e+05
3.1890e+01 1.0211e+05
3.2820e+01 9.9681e+04
3.3780e+01 9.7248e+04
3.4770e+01 9.4862e+04
3.5800e+01 9.2522e+04
3.6870e+01 9.0200e+04
3.7980e+01 8.7949e+04
3.9140e+01 8.5701e+04
4.0330e+01 8.3494e+04
4.1580e+01 8.1282e+04
4.2870e+01 7.9148e+04
4.4210e+01 7.7050e+04
4.5610e+01 7.4983e+04
4.7060e+01 7.2959e+04
4.8570e+01 7.0929e+04
5.0150e+01 6.8949e+04
5.1790e+01 6.6984e+04
5.3500e+01 6.5119e+04
5.5280e+01 6.3209e+04
5.7140e+01 6.1384e+04
5.9090e+01 5.9577e+04
6.1110e+01 5.7764e+04
6.3240e+01 5.5998e+04
6.5460e+01 5.4281e+04
6.7780e+01 5.2614e+04
7.0210e+01 5.0947e+04
7.2760e+01 4.9309e+04
7.5440e+01 4.7703e+04
7.8250e+01 4.6116e+04
