5.0430e-02 0.0000e+00
5.0840e-02 0.0000e+00
5.1250e-02 0.0000e+00
5.1670e-02 0.0000e+00
5.2110e-02 0.0000e+00
5.2560e-02 0.0000e+00
5.3010e-02 0.0000e+00
5.3480e-02 0.0000e+00
5.3960e-02 0.0000e+00
5.4460e-02 0.0000e+00
5.4970e-02 0.0000e+00
5.5490e-02 0.0000e+00
5.6030e-02 0.0000e+00
5.6580e-02 0.0000e+00
5.7140e-02 0.0000e+00
5.7730e-02 0.0000e+00
5.8320e-02 0.0000e+00
5.8940e-02 0.0000e+00
5.9570e-02 0.0000e+00
6.0220e-02 0.0000e+00
6.0880e-02 0.0000e+00
6.1570e-02 0.0000e+00
6.2270e-02 0.0000e+00
6.2990e-02 0.0000e+00
6.3720e-02 0.0000e+00
6.4480e-02 0.0000e+00
6.5250e-02 0.0000e+00
6.6050e-02 0.0000e+00
6.6860e-02 0.0000e+00
6.7690e-02 0.0000e+00
6.8540e-02 0.0000e+00
6.9410e-02 0.0000e+00
7.0300e-02 0.0000e+00
7.1200e-02 0.0000e+00
7.2130e-02 0.0000e+00
7.3080e-02 0.0000e+00
7.4040e-02 0.0000e+00
7.5020e-02 0.0000e+00
7.6030e-02 0.0000e+00
7.7050e-02 0.0000e+00
7.8090e-02 0.0000e+00
7.9150e-02 0.0000e+00
8.0240e-02 0.0000e+00
8.1340e-02 0.0000e+00
8.2460e-02 0.0000e+00
8.3590e-02 0.0000e+00
8.4750e-02 0.0000e+00
8.5930e-02 0.0000e+00
8.7120e-02 0.0000e+00
8.8340e-02 0.0000e+00
8.9570e-02 0.0000e+00
9.0820e-02 0.0000e+00
9.2090e-02 0.0000e+00
9.3370e-02 0.0000e+00
9.4670e-02 0.0000e+00
9.5980e-02 0.0000e+00
9.7310e-02 0.0000e+00
9.8650e-02 0.0000e+00
1.0000e-01 0.0000e+00
1.0140e-01 0.0000e+00
1.0270e-01 0.0000e+00
1.0410e-01 0.0000e+00
1.0550e-01 0.0000e+00
1.0690e-01 0.0000e+00
1.0830e-01 0.0000e+00
1.0960e-01 0.0000e+00
1.1100e-01 0.0000e+00
1.1240e-01 0.0000e+00
1.1370e-01 0.0000e+00
1.1510e-01 0.0000e+00
1.1640e-01 0.0000e+00
1.1780e-01 0.0000e+00
1.1910e-01 0.0000e+00
1.2040e-01 0.0000e+00
1.2170e-01 0.0000e+00
1.2290e-01 0.0000e+00
1.2410e-01 0.0000e+00
1.2540e-01 0.0000e+00
1.2660e-01 0.0000e+00
1.2770e-01 0.0000e+00
1.2890e-01 0.0000e+00
1.3000e-01 0.0000e+00
1.3110e-01 0.0000e+00
1.3220e-01 0.0000e+00
1.3320e-01 0.0000e+00
1.3430e-01 0.0000e+00
1.3530e-01 0.0000e+00
1.3630e-01 0.0000e+00
1.3730e-01 0.0000e+00
1.3820e-01 0.0000e+00
1.3920e-01 0.0000e+00
1.4010e-01 0.0000e+00
1.4100e-01 0.0000e+00
1.4200e-01 0.0000e+00
1.4290e-01 0.0000e+00
1.4370e-01 0.0000e+00
1.4460e-01 0.0000e+00
1.4550e-01 0.0000e+00
1.4640e-01 0.0000e+00
1.4730e-01 0.0000e+00
1.4820e-01 0.0000e+00
1.4910e-01 0.0000e+00
1.5000e-01 0.0000e+00
1.5090e-01 0.0000e+00
1.5190e-01 0.0000e+00
1.5280e-01 0.0000e+00
1.5380e-01 0.0000e+00
1.5470e-01 0.0000e+00
1.5570e-01 0.0000e+00
1.5680e-01 0.0000e+00
1.5780e-01 0.0000e+00
1.5890e-01 0.0000e+00
1.6000e-01 0.0000e+00
1.6110e-01 0.0000e+00
1.6230e-01 0.0000e+00
1.6350e-01 0.0000e+00
1.6470e-01 0.0000e+00
1.6600e-01 0.0000e+00
1.6730e-01 0.0000e+00
1.6860e-01 0.0000e+00
1.7000e-01 0.0000e+00
1.7140e-01 0.0000e+00
1.7290e-01 0.0000e+00
1.7440e-01 0.0000e+00
1.7600e-01 0.0000e+00
1.7760e-01 0.0000e+00
1.7920e-01 0.0000e+00
1.8090e-01 0.0000e+00
1.8270e-01 0.0000e+00
1.8450e-01 0.0000e+00
1.8640e-01 0.0000e+00
1.8830e-01 0.0000e+00
1.9020e-01 0.0000e+00
1.9220e-01 0.0000e+00
1.9430e-01 0.0000e+00
1.9640e-01 0.0000e+00
1.9860e-01 0.0000e+00
2.0080e-01 0.0000e+00
2.0310e-01 0.0000e+00
2.0550e-01 0.0000e+00
2.0790e-01 0.0000e+00
2.1040e-01 0.0000e+00
2.1300e-01 0.0000e+00
2.1570e-01 0.0000e+00
2.1840e-01 0.0000e+00
2.2120e-01 0.0000e+00
2.2410e-01 0.0000e+00
2.2710e-01 0.0000e+00
2.3020e-01 0.0000e+00
2.3340e-01 0.0000e+00
2.3670e-01 0.0000e+00
2.4010e-01 0.0000e+00
2.4370e-01 0.0000e+00
2.4740e-01 0.0000e+00
2.5130e-01 0.0000e+00
2.5530e-01 0.0000e+00
2.5960e-01 0.0000e+00
2.6400e-01 0.0000e+00
2.6870e-01 0.0000e+00
2.7360e-01 0.0000e+00
2.7890e-01 0.0000e+00
2.8440e-01 0.0000e+00
2.9030e-01 0.0000e+00
2.9650e-01 0.0000e+00
3.0320e-01 0.0000e+00
3.1020e-01 0.0000e+00
3.1780e-01 0.0000e+00
3.2590e-01 0.0000e+00
3.3450e-01 0.0000e+00
3.4380e-01 0.0000e+00
3.5360e-01 0.0000e+00
3.6410e-01 0.0000e+00
3.7520e-01 0.0000e+00
3.8700e-01 0.0000e+00
3.9950e-01 0.0000e+00
4.1260e-01 0.0000e+00
4.2650e-01 0.0000e+00
4.4090e-01 0.0000e+00
4.5600e-01 0.0000e+00
4.7160e-01 0.0000e+00
4.8750e-01 0.0000e+00
5.0400e-01 0.0000e+00
5.2100e-01 0.0000e+00
5.3830e-01 0.0000e+00
5.5590e-01 0.0000e+00
5.7440e-01 1.6950e-09
5.9220e-01 2.3776e-09
6.1010e-01 3.3613e-09
6.2790e-01 4.7873e-09
6.4560e-01 6.8629e-09
6.6310e-01 9.8760e-09
6.7860e-01 1.2096e-07
6.9570e-01 1.8404e-07
7.1240e-01 2.7925e-07
7.2880e-01 4.2198e-07
7.4470e-01 6.3376e-07
7.6020e-01 9.4498e-07
7.7830e-01 1.7350e-01
7.9270e-01 1.7355e-01
8.0670e-01 1.7336e-01
8.2010e-01 1.7293e-01
8.3310e-01 1.7234e-01
8.4550e-01 1.7143e-01
8.5750e-01 1.7031e-01
8.6900e-01 1.6900e-01
8.8000e-01 1.6751e-01
8.9060e-01 1.6580e-01
9.0080e-01 1.6389e-01
9.1050e-01 1.6191e-01
9.1980e-01 1.5965e-01
9.2880e-01 1.5728e-01
9.3660e-01 1.5452e-01
9.4490e-01 1.5186e-01
9.5280e-01 1.4927e-01
9.6050e-01 1.4656e-01
9.6780e-01 1.4395e-01
9.7490e-01 1.4131e-01
9.8180e-01 1.3906e-01
9.8840e-01 1.3705e-01
9.9520e-01 1.3547e-01
1.0010e+00 1.3488e-01
1.0080e+00 1.3571e-01
1.0140e+00 1.3830e-01
1.0190e+00 1.4359e-01
1.0250e+00 1.5260e-01
1.0310e+00 1.6676e-01
1.0370e+00 1.8787e-01
1.0430e+00 2.1802e-01
1.0490e+00 2.6046e-01
1.0550e+00 3.1834e-01
1.0600e+00 3.9580e-01
1.0660e+00 4.9893e-01
1.0730e+00 6.3423e-01
1.0810e+00 8.0818e-01
1.0890e+00 1.0301e+00
1.0970e+00 1.3085e+00
1.1060e+00 1.6564e+00
1.1160e+00 2.0855e+00
1.1270e+00 2.6078e+00
1.1390e+00 3.2387e+00
1.1530e+00 3.9940e+00
1.1680e+00 4.8868e+00
1.1840e+00 5.9362e+00
1.2030e+00 7.1862e+00
1.2240e+00 8.5937e+00
1.2460e+00 1.0204e+01
1.2710e+00 1.2028e+01
1.2990e+00 1.4075e+01
1.3290e+00 1.6354e+01
1.3620e+00 1.8870e+01
1.3980e+00 2.1623e+01
1.4370e+00 2.4626e+01
1.4800e+00 2.7857e+01
1.5250e+00 3.1315e+01
1.5740e+00 3.4996e+01
1.6270e+00 3.8859e+01
1.6820e+00 4.2892e+01
1.7410e+00 4.7102e+01
1.8020e+00 5.1418e+01
1.8670e+00 5.5855e+01
1.9340e+00 6.0371e+01
2.0050e+00 6.4906e+01
2.0760e+00 6.9454e+01
2.1510e+00 7.4022e+01
2.2280e+00 7.8472e+01
2.3070e+00 8.2894e+01
2.3880e+00 8.7177e+01
2.4700e+00 9.1339e+01
2.5540e+00 9.5355e+01
2.6390e+00 9.9134e+01
2.7250e+00 1.0281e+02
2.8110e+00 1.0623e+02
2.8990e+00 1.0947e+02
2.9870e+00 1.1244e+02
3.0750e+00 1.1516e+02
3.1640e+00 1.1766e+02
3.2540e+00 1.1990e+02
3.3440e+00 1.2198e+02
3.4350e+00 1.2377e+02
3.5250e+00 1.2530e+02
3.6170e+00 1.2662e+02
3.7080e+00 1.2762e+02
3.8000e+00 1.2858e+02
3.8930e+00 1.2910e+02
3.9870e+00 1.2957e+02
4.0810e+00 1.2979e+02
4.1760e+00 1.2983e+02
4.2710e+00 1.2966e+02
4.3680e+00 1.2941e+02
4.4660e+00 1.2896e+02
4.5640e+00 1.2829e+02
4.6650e+00 1.2758e+02
4.7670e+00 1.2665e+02
4.8700e+00 1.2559e+02
4.9750e+00 1.2446e+02
5.0820e+00 1.2322e+02
5.1910e+00 1.2186e+02
5.3030e+00 1.2048e+02
5.4160e+00 1.1894e+02
5.5320e+00 1.1728e+02
5.6500e+00 1.1566e+02
5.7710e+00 1.1392e+02
5.8950e+00 1.1217e+02
6.0220e+00 1.1028e+02
6.1520e+00 1.0844e+02
6.2850e+00 1.0655e+02
6.4220e+00 1.0463e+02
6.5620e+00 1.0265e+02
6.7060e+00 1.0070e+02
6.8540e+00 9.8637e+01
7.0060e+00 9.6649e+01
7.1610e+00 9.4618e+01
7.3210e+00 9.2548e+01
7.4860e+00 9.0597e+01
7.6550e+00 8.8535e+01
7.8270e+00 8.6484e+01
8.0050e+00 8.4458e+01
8.1890e+00 8.2469e+01
8.3770e+00 8.0501e+01
8.5710e+00 7.8552e+01
8.7700e+00 7.6579e+01
8.9760e+00 7.4670e+01
9.1860e+00 7.2772e+01
9.4010e+00 7.0902e+01
9.6230e+00 6.9035e+01
9.8510e+00 6.7227e+01
1.0080e+01 6.5426e+01
1.0330e+01 6.3664e+01
1.0570e+01 6.1929e+01
1.0830e+01 6.0237e+01
1.1090e+01 5.8576e+01
1.1350e+01 5.6947e+01
1.1630e+01 5.5355e+01
1.1910e+01 5.3814e+01
1.2200e+01 5.2289e+01
1.2500e+01 5.0814e+01
1.2810e+01 4.9370e+01
1.3120e+01 4.7952e+01
1.3450e+01 4.6585e+01
1.3780e+01 4.5256e+01
1.4120e+01 4.3971e+01
1.4480e+01 4.2713e+01
1.4840e+01 4.1490e+01
1.5210e+01 4.0301e+01
1.5590e+01 3.9156e+01
1.5990e+01 3.8047e+01
1.6390e+01 3.6977e+01
1.6810e+01 3.5933e+01
1.7240e+01 3.4929e+01
1.7680e+01 3.3955e+01
1.8140e+01 3.3014e+01
1.8610e+01 3.2119e+01
1.9090e+01 3.1228e+01
1.9590e+01 3.0405e+01
2.0100e+01 2.9584e+01
2.0630e+01 2.8803e+01
2.1180e+01 2.8035e+01
2.1740e+01 2.7316e+01
2.2320e+01 2.6619e+01
2.2920e+01 2.5939e+01
2.3540e+01 2.5287e+01
2.4180e+01 2.4675e+01
2.4840e+01 2.4082e+01
2.5520e+01 2.3519e+01
2.6230e+01 2.2969e+01
2.6960e+01 2.2434e+01
2.7710e+01 2.1924e+01
2.8490e+01 2.1444e+01
2.9290e+01 2.0970e+01
3.0130e+01 2.0529e+01
3.0990e+01 2.0106e+01
3.1890e+01 1.9688e+01
3.2820e+01 1.9302e+01
3.3780e+01 1.8922e+01
3.4770e+01 1.8565e+01
3.5800e+01 1.8212e+01
3.6870e+01 1.7884e+01
3.7980e+01 1.7569e+01
3.9140e+01 1.7270e+01
4.0330e+01 1.6978e+01
4.1580e+01 1.6698e+01
4.2870e+01 1.6435e+01
4.4210e+01 1.6178e+01
4.5610e+01 1.5938e+01
4.7060e+01 1.5708e+01
4.8570e+01 1.5487e+01
5.0150e+01 1.5271e+01
5.1790e+01 1.5067e+01
5.3500e+01 1.4875e+01
5.5280e+01 1.4689e+01
5.7140e+01 1.4511e+01
5.9090e+01 1.4340e+01
6.1110e+01 1.4176e+01
6.3240e+01 1.4016e+01
6.5460e+01 1.3864e+01
6.7780e+01 1.3722e+01
7.0210e+01 1.3585e+01
7.2760e+01 1.3445e+01
7.5440e+01 1.3320e+01
7.8250e+01 1.3193e+01
