5.0430e-02 1.8142e+06
5.0840e-02 1.7843e+06
5.1250e-02 1.7546e+06
5.1670e-02 1.7258e+06
5.2110e-02 1.6976e+06
5.2560e-02 1.6704e+06
5.3010e-02 1.6442e+06
5.3480e-02 1.6172e+06
5.3960e-02 1.5914e+06
5.4460e-02 1.5678e+06
5.4970e-02 1.5425e+06
5.5490e-02 1.5189e+06
5.6030e-02 1.4956e+06
5.6580e-02 1.4738e+06
5.7140e-02 1.4512e+06
5.7730e-02 1.4295e+06
5.8320e-02 1.4080e+06
5.8940e-02 1.3884e+06
5.9570e-02 1.3677e+06
6.0220e-02 1.3489e+06
6.0880e-02 1.3304e+06
6.1570e-02 1.3114e+06
6.2270e-02 1.2942e+06
6.2990e-02 1.2763e+06
6.3720e-02 1.2599e+06
6.4480e-02 1.2423e+06
6.5250e-02 1.2261e+06
6.6050e-02 1.2107e+06
6.6860e-02 1.1950e+06
6.7690e-02 1.1807e+06
6.8540e-02 1.1651e+06
6.9410e-02 1.1510e+06
7.0300e-02 1.1361e+06
7.1200e-02 1.1224e+06
7.2130e-02 1.1086e+06
7.3080e-02 1.0949e+06
7.4040e-02 1.0817e+06
7.5020e-02 1.0690e+06
7.6030e-02 1.0564e+06
7.7050e-02 1.0440e+06
7.8090e-02 1.0315e+06
7.9150e-02 1.0199e+06
8.0240e-02 1.0085e+06
8.1340e-02 9.9657e+05
8.2460e-02 9.8480e+05
8.3590e-02 9.7303e+05
8.4750e-02 9.6209e+05
8.5930e-02 9.5059e+05
8.7120e-02 9.4018e+05
8.8340e-02 9.2866e+05
8.9570e-02 9.1830e+05
9.0820e-02 9.0787e+05
9.2090e-02 8.9723e+05
9.3370e-02 8.8685e+05
9.4670e-02 8.7726e+05
9.5980e-02 8.6746e+05
9.7310e-02 8.5741e+05
9.8650e-02 8.4764e+05
1.0000e-01 8.3807e+05
1.0140e-01 8.2824e+05
1.0270e-01 8.1882e+05
1.0410e-01 8.0950e+05
1.0550e-01 8.0009e+05
1.0690e-01 7.9040e+05
1.0830e-01 7.8134e+05
1.0960e-01 7.7171e+05
1.1100e-01 7.6225e+05
1.1240e-01 7.5302e+05
1.1370e-01 7.4360e+05
1.1510e-01 7.3449e+05
1.1640e-01 7.2438e+05
1.1780e-01 7.1507e+05
1.1910e-01 7.0537e+05
1.2040e-01 6.9629e+05
1.2170e-01 6.8647e+05
1.2290e-01 6.7658e+05
1.2410e-01 6.6651e+05
1.2540e-01 6.5660e+05
1.2660e-01 6.4659e+05
1.2770e-01 6.3639e+05
1.2890e-01 6.2603e+05
1.3000e-01 6.1599e+05
1.3110e-01 6.0569e+05
1.3220e-01 5.9533e+05
1.3320e-01 5.8473e+05
1.3430e-01 5.7443e+05
1.3530e-01 5.6371e+05
1.3630e-01 5.5323e+05
1.3730e-01 5.4265e+05
1.3820e-01 5.3218e+05
1.3920e-01 5.2168e+05
1.4010e-01 5.1172e+05
1.4100e-01 5.0113e+05
1.4200e-01 4.9068e+05
1.4290e-01 4.8071e+05
1.4370e-01 4.7046e+05
1.4460e-01 4.6017e+05
1.4550e-01 4.5059e+05
1.4640e-01 4.4080e+05
1.4730e-01 4.3119e+05
1.4820e-01 4.2142e+05
1.4910e-01 4.1223e+05
1.5000e-01 4.0306e+05
1.5090e-01 3.9397e+05
1.5190e-01 3.8514e+05
1.5280e-01 3.7655e+05
1.5380e-01 3.6778e+05
1.5470e-01 3.5960e+05
1.5570e-01 3.5126e+05
1.5680e-01 3.4358e+05
1.5780e-01 3.3570e+05
1.5890e-01 3.2807e+05
1.6000e-01 3.2072e+05
1.6110e-01 3.1348e+05
1.6230e-01 3.0667e+05
1.6350e-01 2.9978e+05
1.6470e-01 2.9317e+05
1.6600e-01 2.8670e+05
1.6730e-01 2.8072e+05
1.6860e-01 2.7457e+05
1.7000e-01 2.6852e+05
1.7140e-01 2.6303e+05
1.7290e-01 2.5741e+05
1.7440e-01 2.5207e+05
1.7600e-01 2.4681e+05
1.7760e-01 2.4178e+05
1.7920e-01 2.3690e+05
1.8090e-01 2.3213e+05
1.8270e-01 2.2768e+05
1.8450e-01 2.2326e+05
1.8640e-01 2.1896e+05
1.8830e-01 2.1471e+05
1.9020e-01 2.1069e+05
1.9220e-01 2.0674e+05
1.9430e-01 2.0288e+05
1.9640e-01 1.9911e+05
1.9860e-01 1.9552e+05
2.0080e-01 1.9201e+05
2.0310e-01 1.8855e+05
2.0550e-01 1.8528e+05
2.0790e-01 1.8205e+05
2.1040e-01 1.7885e+05
2.1300e-01 1.7592e+05
2.1570e-01 1.7292e+05
2.1840e-01 1.7002e+05
2.2120e-01 1.6726e+05
2.2410e-01 1.6463e+05
2.2710e-01 1.6195e+05
2.3020e-01 1.5942e+05
2.3340e-01 1.5697e+05
2.3670e-01 1.5458e+05
2.4010e-01 1.5224e+05
2.4370e-01 1.4993e+05
2.4740e-01 1.4785e+05
2.5130e-01 1.4580e+05
2.5530e-01 1.4378e+05
2.5960e-01 1.4186e+05
2.6400e-01 1.3995e+05
2.6870e-01 1.3821e+05
2.7360e-01 1.3660e+05
2.7890e-01 1.3495e+05
2.8440e-01 1.3353e+05
2.9030e-01 1.3212e+05
2.9650e-01 1.3082e+05
3.0320e-01 1.2962e+05
3.1020e-01 1.2843e+05
3.1780e-01 1.2746e+05
3.2590e-01 1.2666e+05
3.3450e-01 1.2598e+05
3.4380e-01 1.2537e+05
3.5360e-01 1.2491e+05
3.6410e-01 1.2452e+05
3.7520e-01 1.2438e+05
3.8700e-01 1.2424e+05
3.9950e-01 1.2427e+05
4.1260e-01 1.2445e+05
4.2650e-01 1.2469e+05
4.4090e-01 1.2512e+05
4.5600e-01 1.2559e+05
4.7160e-01 1.2615e+05
4.8750e-01 1.2676e+05
5.0400e-01 1.2749e+05
5.2100e-01 1.2824e+05
5.3830e-01 1.2906e+05
5.5590e-01 1.2991e+05
5.7440e-01 1.3100e+05
5.9220e-01 1.3183e+05
6.1010e-01 1.3262e+05
6.2790e-01 1.3338e+05
6.4560e-01 1.3411e+05
6.6310e-01 1.3470e+05
6.7860e-01 1.3460e+05
6.9570e-01 1.3513e+05
7.1240e-01 1.3547e+05
7.2880e-01 1.3576e+05
7.4470e-01 1.3591e+05
7.6020e-01 1.3595e+05
7.7830e-01 1.3678e+05
7.9270e-01 1.3650e+05
8.0670e-01 1.3608e+05
8.2010e-01 1.3553e+05
8.3310e-01 1.3486e+05
8.4550e-01 1.3403e+05
8.5750e-01 1.3304e+05
8.6900e-01 1.3197e+05
8.8000e-01 1.3081e+05
8.9060e-01 1.2951e+05
9.0080e-01 1.2811e+05
9.1050e-01 1.2667e+05
9.1980e-01 1.2507e+05
9.2880e-01 1.2341e+05
9.3660e-01 1.2146e+05
9.4490e-01 1.1960e+05
9.5280e-01 1.1780e+05
9.6050e-01 1.1588e+05
9.6780e-01 1.1397e+05
9.7490e-01 1.1193e+05
9.8180e-01 1.0999e+05
9.8840e-01 1.0793e+05
9.9520e-01 1.0585e+05
1.0010e+00 1.0377e+05
1.0080e+00 1.0176e+05
1.0140e+00 9.9664e+04
1.0190e+00 9.7591e+04
1.0250e+00 9.5527e+04
1.0310e+00 9.3478e+04
1.0370e+00 9.1520e+04
1.0430e+00 8.9467e+04
1.0490e+00 8.7493e+04
1.0550e+00 8.5533e+04
1.0600e+00 8.3396e+04
1.0660e+00 8.1480e+04
1.0730e+00 7.9694e+04
1.0810e+00 7.7898e+04
1.0890e+00 7.6155e+04
1.0970e+00 7.4424e+04
1.1060e+00 7.2762e+04
1.1160e+00 7.1179e+04
1.1270e+00 6.9632e+04
1.1390e+00 6.8147e+04
1.1530e+00 6.6702e+04
1.1680e+00 6.5321e+04
1.1840e+00 6.4008e+04
1.2030e+00 6.2912e+04
1.2240e+00 6.1686e+04
1.2460e+00 6.0538e+04
1.2710e+00 5.9485e+04
1.2990e+00 5.8448e+04
1.3290e+00 5.7475e+04
1.3620e+00 5.6576e+04
1.3980e+00 5.5724e+04
1.4370e+00 5.4945e+04
1.4800e+00 5.4229e+04
1.5250e+00 5.3547e+04
1.5740e+00 5.2898e+04
1.6270e+00 5.2311e+04
1.6820e+00 5.1756e+04
1.7410e+00 5.1270e+04
1.8020e+00 5.0790e+04
1.8670e+00 5.0360e+04
1.9340e+00 4.9961e+04
2.0050e+00 4.9571e+04
2.0760e+00 4.9219e+04
2.1510e+00 4.8863e+04
2.2280e+00 4.8484e+04
2.3070e+00 4.8141e+04
2.3880e+00 4.7799e+04
2.4700e+00 4.7467e+04
2.5540e+00 4.7103e+04
2.6390e+00 4.6735e+04
2.7250e+00 4.6397e+04
2.8110e+00 4.6017e+04
2.8990e+00 4.5667e+04
2.9870e+00 4.5280e+04
3.0750e+00 4.4887e+04
3.1640e+00 4.4485e+04
3.2540e+00 4.4082e+04
3.3440e+00 4.3658e+04
3.4350e+00 4.3274e+04
3.5250e+00 4.2851e+04
3.6170e+00 4.2425e+04
3.7080e+00 4.1958e+04
3.8000e+00 4.1554e+04
3.8930e+00 4.1089e+04
3.9870e+00 4.0624e+04
4.0810e+00 4.0180e+04
4.1760e+00 3.9745e+04
4.2710e+00 3.9257e+04
4.3680e+00 3.8846e+04
4.4660e+00 3.8388e+04
4.5640e+00 3.7950e+04
4.6650e+00 3.7498e+04
4.7670e+00 3.7068e+04
4.8700e+00 3.6634e+04
4.9750e+00 3.6189e+04
5.0820e+00 3.5771e+04
5.1910e+00 3.5353e+04
5.3030e+00 3.4956e+04
5.4160e+00 3.4541e+04
5.5320e+00 3.4121e+04
5.6500e+00 3.3733e+04
5.7710e+00 3.3334e+04
5.8950e+00 3.2983e+04
6.0220e+00 3.2596e+04
6.1520e+00 3.2221e+04
6.2850e+00 3.1889e+04
6.4220e+00 3.1544e+04
6.5620e+00 3.1182e+04
6.7060e+00 3.0868e+04
6.8540e+00 3.0527e+04
7.0060e+00 3.0216e+04
7.1610e+00 2.9890e+04
7.3210e+00 2.9577e+04
7.4860e+00 2.9286e+04
7.6550e+00 2.9002e+04
7.8270e+00 2.8705e+04
8.0050e+00 2.8406e+04
8.1890e+00 2.8133e+04
8.3770e+00 2.7869e+04
8.5710e+00 2.7616e+04
8.7700e+00 2.7339e+04
8.9760e+00 2.7099e+04
9.1860e+00 2.6847e+04
9.4010e+00 2.6592e+04
9.6230e+00 2.6347e+04
9.8510e+00 2.6111e+04
1.0080e+01 2.5885e+04
1.0330e+01 2.5656e+04
1.0570e+01 2.5428e+04
1.0830e+01 2.5199e+04
1.1090e+01 2.4982e+04
1.1350e+01 2.4765e+04
1.1630e+01 2.4544e+04
1.1910e+01 2.4340e+04
1.2200e+01 2.4127e+04
1.2500e+01 2.3919e+04
1.2810e+01 2.3717e+04
1.3120e+01 2.3513e+04
1.3450e+01 2.3321e+04
1.3780e+01 2.3128e+04
1.4120e+01 2.2932e+04
1.4480e+01 2.2731e+04
1.4840e+01 2.2540e+04
1.5210e+01 2.2358e+04
1.5590e+01 2.2177e+04
1.5990e+01 2.1990e+04
1.6390e+01 2.1813e+04
1.6810e+01 2.1632e+04
1.7240e+01 2.1452e+04
1.7680e+01 2.1276e+04
1.8140e+01 2.1106e+04
1.8610e+01 2.0934e+04
1.9090e+01 2.0758e+04
1.9590e+01 2.0607e+04
2.0100e+01 2.0434e+04
2.0630e+01 2.0275e+04
2.1180e+01 2.0098e+04
2.1740e+01 1.9949e+04
2.2320e+01 1.9798e+04
2.2920e+01 1.9625e+04
2.3540e+01 1.9474e+04
2.4180e+01 1.9328e+04
2.4840e+01 1.9173e+04
2.5520e+01 1.9038e+04
2.6230e+01 1.8888e+04
2.6960e+01 1.8738e+04
2.7710e+01 1.8594e+04
2.8490e+01 1.8452e+04
2.9290e+01 1.8306e+04
3.0130e+01 1.8167e+04
3.0990e+01 1.8034e+04
3.1890e+01 1.7890e+04
3.2820e+01 1.7750e+04
3.3780e+01 1.7613e+04
3.4770e+01 1.7473e+04
3.5800e+01 1.7334e+04
3.6870e+01 1.7196e+04
3.7980e+01 1.7059e+04
3.9140e+01 1.6925e+04
4.0330e+01 1.6787e+04
4.1580e+01 1.6640e+04
4.2870e+01 1.6501e+04
4.4210e+01 1.6358e+04
4.5610e+01 1.6218e+04
4.7060e+01 1.6075e+04
4.8570e+01 1.5928e+04
5.0150e+01 1.5779e+04
5.1790e+01 1.5627e+04
5.3500e+01 1.5480e+04
5.5280e+01 1.5321e+04
5.7140e+01 1.5165e+04
5.9090e+01 1.5003e+04
6.1110e+01 1.4836e+04
6.3240e+01 1.4670e+04
6.5460e+01 1.4500e+04
6.7780e+01 1.4324e+04
7.0210e+01 1.4147e+04
7.2760e+01 1.3962e+04
7.5440e+01 1.3779e+04
7.8250e+01 1.3588e+04
