5.0430e-02 2.6243e+03
5.0840e-02 2.5821e+03
5.1250e-02 2.5381e+03
5.1670e-02 2.4970e+03
5.2110e-02 2.4552e+03
5.2560e-02 2.4163e+03
5.3010e-02 2.3788e+03
5.3480e-02 2.3402e+03
5.3960e-02 2.3032e+03
5.4460e-02 2.2677e+03
5.4970e-02 2.2327e+03
5.5490e-02 2.1972e+03
5.6030e-02 2.1633e+03
5.6580e-02 2.1317e+03
5.7140e-02 2.1000e+03
5.7730e-02 2.0684e+03
5.8320e-02 2.0383e+03
5.8940e-02 2.0093e+03
5.9570e-02 1.9802e+03
6.0220e-02 1.9523e+03
6.0880e-02 1.9251e+03
6.1570e-02 1.8979e+03
6.2270e-02 1.8722e+03
6.2990e-02 1.8466e+03
6.3720e-02 1.8229e+03
6.4480e-02 1.7977e+03
6.5250e-02 1.7744e+03
6.6050e-02 1.7520e+03
6.6860e-02 1.7292e+03
6.7690e-02 1.7082e+03
6.8540e-02 1.6856e+03
6.9410e-02 1.6649e+03
7.0300e-02 1.6441e+03
7.1200e-02 1.6245e+03
7.2130e-02 1.6043e+03
7.3080e-02 1.5849e+03
7.4040e-02 1.5654e+03
7.5020e-02 1.5463e+03
7.6030e-02 1.5292e+03
7.7050e-02 1.5106e+03
7.8090e-02 1.4919e+03
7.9150e-02 1.4753e+03
8.0240e-02 1.4588e+03
8.1340e-02 1.4416e+03
8.2460e-02 1.4246e+03
8.3590e-02 1.4082e+03
8.4750e-02 1.3916e+03
8.5930e-02 1.3756e+03
8.7120e-02 1.3603e+03
8.8340e-02 1.3443e+03
8.9570e-02 1.3291e+03
9.0820e-02 1.3138e+03
9.2090e-02 1.2987e+03
9.3370e-02 1.2835e+03
9.4670e-02 1.2692e+03
9.5980e-02 1.2553e+03
9.7310e-02 1.2411e+03
9.8650e-02 1.2261e+03
1.0000e-01 1.2125e+03
1.0140e-01 1.1980e+03
1.0270e-01 1.1851e+03
1.0410e-01 1.1712e+03
1.0550e-01 1.1579e+03
1.0690e-01 1.1441e+03
1.0830e-01 1.1307e+03
1.0960e-01 1.1166e+03
1.1100e-01 1.1032e+03
1.1240e-01 1.0895e+03
1.1370e-01 1.0757e+03
1.1510e-01 1.0628e+03
1.1640e-01 1.0486e+03
1.1780e-01 1.0346e+03
1.1910e-01 1.0204e+03
1.2040e-01 1.0073e+03
1.2170e-01 9.9348e+02
1.2290e-01 9.7884e+02
1.2410e-01 9.6430e+02
1.2540e-01 9.5014e+02
1.2660e-01 9.3582e+02
1.2770e-01 9.2078e+02
1.2890e-01 9.0609e+02
1.3000e-01 8.9142e+02
1.3110e-01 8.7650e+02
1.3220e-01 8.6137e+02
1.3320e-01 8.4604e+02
1.3430e-01 8.3124e+02
1.3530e-01 8.1572e+02
1.3630e-01 8.0067e+02
1.3730e-01 7.8547e+02
1.3820e-01 7.7017e+02
1.3920e-01 7.5483e+02
1.4010e-01 7.4028e+02
1.4100e-01 7.2516e+02
1.4200e-01 7.0991e+02
1.4290e-01 6.9569e+02
1.4370e-01 6.8082e+02
1.4460e-01 6.6589e+02
1.4550e-01 6.5202e+02
1.4640e-01 6.3803e+02
1.4730e-01 6.2409e+02
1.4820e-01 6.0992e+02
1.4910e-01 5.9660e+02
1.5000e-01 5.8330e+02
1.5090e-01 5.7013e+02
1.5190e-01 5.5732e+02
1.5280e-01 5.4487e+02
1.5380e-01 5.3215e+02
1.5470e-01 5.2030e+02
1.5570e-01 5.0837e+02
1.5680e-01 4.9716e+02
1.5780e-01 4.8589e+02
1.5890e-01 4.7476e+02
1.6000e-01 4.6404e+02
1.6110e-01 4.5364e+02
1.6230e-01 4.4370e+02
1.6350e-01 4.3392e+02
1.6470e-01 4.2421e+02
1.6600e-01 4.1485e+02
1.6730e-01 4.0620e+02
1.6860e-01 3.9729e+02
1.7000e-01 3.8866e+02
1.7140e-01 3.8065e+02
1.7290e-01 3.7247e+02
1.7440e-01 3.6480e+02
1.7600e-01 3.5725e+02
1.7760e-01 3.4987e+02
1.7920e-01 3.4282e+02
1.8090e-01 3.3592e+02
1.8270e-01 3.2944e+02
1.8450e-01 3.2302e+02
1.8640e-01 3.1685e+02
1.8830e-01 3.1075e+02
1.9020e-01 3.0487e+02
1.9220e-01 2.9908e+02
1.9430e-01 2.9352e+02
1.9640e-01 2.8815e+02
1.9860e-01 2.8294e+02
2.0080e-01 2.7784e+02
2.0310e-01 2.7290e+02
2.0550e-01 2.6811e+02
2.0790e-01 2.6339e+02
2.1040e-01 2.5885e+02
2.1300e-01 2.5453e+02
2.1570e-01 2.5017e+02
2.1840e-01 2.4603e+02
2.2120e-01 2.4200e+02
2.2410e-01 2.3823e+02
2.2710e-01 2.3436e+02
2.3020e-01 2.3071e+02
2.3340e-01 2.2716e+02
2.3670e-01 2.2367e+02
2.4010e-01 2.2023e+02
2.4370e-01 2.1697e+02
2.4740e-01 2.1394e+02
2.5130e-01 2.1100e+02
2.5530e-01 2.0804e+02
2.5960e-01 2.0524e+02
2.6400e-01 2.0253e+02
2.6870e-01 2.0001e+02
2.7360e-01 1.9765e+02
2.7890e-01 1.9528e+02
2.8440e-01 1.9320e+02
2.9030e-01 1.9113e+02
2.9650e-01 1.8927e+02
3.0320e-01 1.8758e+02
3.1020e-01 1.8587e+02
3.1780e-01 1.8444e+02
3.2590e-01 1.8331e+02
3.3450e-01 1.8230e+02
3.4380e-01 1.8140e+02
3.5360e-01 1.8072e+02
3.6410e-01 1.8021e+02
3.7520e-01 1.7994e+02
3.8700e-01 1.7978e+02
3.9950e-01 1.7982e+02
4.1260e-01 1.8011e+02
4.2650e-01 1.8045e+02
4.4090e-01 1.8103e+02
4.5600e-01 1.8172e+02
4.7160e-01 1.8255e+02
4.8750e-01 1.8339e+02
5.0400e-01 1.8450e+02
5.2100e-01 1.8553e+02
5.3830e-01 1.8674e+02
5.5590e-01 1.8797e+02
5.7440e-01 1.8954e+02
5.9220e-01 1.9074e+02
6.1010e-01 1.9189e+02
6.2790e-01 1.9301e+02
6.4560e-01 1.9406e+02
6.6310e-01 1.9493e+02
6.7860e-01 1.9476e+02
6.9570e-01 1.9552e+02
7.1240e-01 1.9603e+02
7.2880e-01 1.9647e+02
7.4470e-01 1.9666e+02
7.6020e-01 1.9674e+02
7.7830e-01 1.9884e+02
7.9270e-01 1.9839e+02
8.0670e-01 1.9778e+02
8.2010e-01 1.9697e+02
8.3310e-01 1.9600e+02
8.4550e-01 1.9477e+02
8.5750e-01 1.9335e+02
8.6900e-01 1.9179e+02
8.8000e-01 1.9008e+02
8.9060e-01 1.8819e+02
9.0080e-01 1.8616e+02
9.1050e-01 1.8405e+02
9.1980e-01 1.8171e+02
9.2880e-01 1.7930e+02
9.3660e-01 1.7645e+02
9.4490e-01 1.7376e+02
9.5280e-01 1.7113e+02
9.6050e-01 1.6834e+02
9.6780e-01 1.6556e+02
9.7490e-01 1.6261e+02
9.8180e-01 1.5979e+02
9.8840e-01 1.5683e+02
9.9520e-01 1.5384e+02
1.0010e+00 1.5086e+02
1.0080e+00 1.4800e+02
1.0140e+00 1.4506e+02
1.0190e+00 1.4218e+02
1.0250e+00 1.3935e+02
1.0310e+00 1.3662e+02
1.0370e+00 1.3411e+02
1.0430e+00 1.3156e+02
1.0490e+00 1.2928e+02
1.0550e+00 1.2717e+02
1.0600e+00 1.2499e+02
1.0660e+00 1.2340e+02
1.0730e+00 1.2230e+02
1.0810e+00 1.2152e+02
1.0890e+00 1.2126e+02
1.0970e+00 1.2147e+02
1.1060e+00 1.2234e+02
1.1160e+00 1.2394e+02
1.1270e+00 1.2629e+02
1.1390e+00 1.2955e+02
1.1530e+00 1.3375e+02
1.1680e+00 1.3892e+02
1.1840e+00 1.4521e+02
1.2030e+00 1.5312e+02
1.2240e+00 1.6168e+02
1.2460e+00 1.7163e+02
1.2710e+00 1.8287e+02
1.2990e+00 1.9531e+02
1.3290e+00 2.0903e+02
1.3620e+00 2.2401e+02
1.3980e+00 2.4024e+02
1.4370e+00 2.5763e+02
1.4800e+00 2.7608e+02
1.5250e+00 2.9545e+02
1.5740e+00 3.1562e+02
1.6270e+00 3.3651e+02
1.6820e+00 3.5776e+02
1.7410e+00 3.7959e+02
1.8020e+00 4.0148e+02
1.8670e+00 4.2346e+02
1.9340e+00 4.4532e+02
2.0050e+00 4.6678e+02
2.0760e+00 4.8768e+02
2.1510e+00 5.0795e+02
2.2280e+00 5.2712e+02
2.3070e+00 5.4562e+02
2.3880e+00 5.6307e+02
2.4700e+00 5.7933e+02
2.5540e+00 5.9400e+02
2.6390e+00 6.0770e+02
2.7250e+00 6.2034e+02
2.8110e+00 6.3061e+02
2.8990e+00 6.4057e+02
2.9870e+00 6.4844e+02
3.0750e+00 6.5504e+02
3.1640e+00 6.6016e+02
3.2540e+00 6.6385e+02
3.3440e+00 6.6666e+02
3.4350e+00 6.6808e+02
3.5250e+00 6.6837e+02
3.6170e+00 6.6709e+02
3.7080e+00 6.6451e+02
3.8000e+00 6.6191e+02
3.8930e+00 6.5704e+02
3.9870e+00 6.5228e+02
4.0810e+00 6.4605e+02
4.1760e+00 6.3960e+02
4.2710e+00 6.3176e+02
4.3680e+00 6.2396e+02
4.4660e+00 6.1565e+02
4.5640e+00 6.0624e+02
4.6650e+00 5.9657e+02
4.7670e+00 5.8628e+02
4.8700e+00 5.7576e+02
4.9750e+00 5.6483e+02
5.0820e+00 5.5377e+02
5.1910e+00 5.4234e+02
5.3030e+00 5.3119e+02
5.4160e+00 5.1919e+02
5.5320e+00 5.0711e+02
5.6500e+00 4.9551e+02
5.7710e+00 4.8324e+02
5.8950e+00 4.7161e+02
6.0220e+00 4.5927e+02
6.1520e+00 4.4726e+02
6.2850e+00 4.3549e+02
6.4220e+00 4.2350e+02
6.5620e+00 4.1159e+02
6.7060e+00 3.9992e+02
6.8540e+00 3.8821e+02
7.0060e+00 3.7677e+02
7.1610e+00 3.6528e+02
7.3210e+00 3.5382e+02
7.4860e+00 3.4318e+02
7.6550e+00 3.3210e+02
7.8270e+00 3.2122e+02
8.0050e+00 3.1064e+02
8.1890e+00 3.0027e+02
8.3770e+00 2.9030e+02
8.5710e+00 2.8041e+02
8.7700e+00 2.7056e+02
8.9760e+00 2.6106e+02
9.1860e+00 2.5188e+02
9.4010e+00 2.4280e+02
9.6230e+00 2.3379e+02
9.8510e+00 2.2529e+02
1.0080e+01 2.1686e+02
1.0330e+01 2.0867e+02
1.0570e+01 2.0075e+02
1.0830e+01 1.9293e+02
1.1090e+01 1.8547e+02
1.1350e+01 1.7813e+02
1.1630e+01 1.7111e+02
1.1910e+01 1.6421e+02
1.2200e+01 1.5761e+02
1.2500e+01 1.5112e+02
1.2810e+01 1.4493e+02
1.3120e+01 1.3893e+02
1.3450e+01 1.3312e+02
1.3780e+01 1.2760e+02
1.4120e+01 1.2214e+02
1.4480e+01 1.1694e+02
1.4840e+01 1.1191e+02
1.5210e+01 1.0703e+02
1.5590e+01 1.0242e+02
1.5990e+01 9.7965e+01
1.6390e+01 9.3657e+01
1.6810e+01 8.9518e+01
1.7240e+01 8.5554e+01
1.7680e+01 8.1732e+01
1.8140e+01 7.8071e+01
1.8610e+01 7.4583e+01
1.9090e+01 7.1174e+01
1.9590e+01 6.7993e+01
2.0100e+01 6.4885e+01
2.0630e+01 6.1930e+01
2.1180e+01 5.9055e+01
2.1740e+01 5.6373e+01
2.2320e+01 5.3777e+01
2.2920e+01 5.1269e+01
2.3540e+01 4.8896e+01
2.4180e+01 4.6644e+01
2.4840e+01 4.4482e+01
2.5520e+01 4.2427e+01
2.6230e+01 4.0452e+01
2.6960e+01 3.8564e+01
2.7710e+01 3.6758e+01
2.8490e+01 3.5044e+01
2.9290e+01 3.3394e+01
3.0130e+01 3.1837e+01
3.0990e+01 3.0352e+01
3.1890e+01 2.8928e+01
3.2820e+01 2.7577e+01
3.3780e+01 2.6284e+01
3.4770e+01 2.5052e+01
3.5800e+01 2.3878e+01
3.6870e+01 2.2761e+01
3.7980e+01 2.1699e+01
3.9140e+01 2.0685e+01
4.0330e+01 1.9720e+01
4.1580e+01 1.8798e+01
4.2870e+01 1.7925e+01
4.4210e+01 1.7089e+01
4.5610e+01 1.6299e+01
4.7060e+01 1.5541e+01
4.8570e+01 1.4817e+01
5.0150e+01 1.4128e+01
5.1790e+01 1.3476e+01
5.3500e+01 1.2853e+01
5.5280e+01 1.2260e+01
5.7140e+01 1.1693e+01
5.9090e+01 1.1157e+01
6.1110e+01 1.0639e+01
6.3240e+01 1.0148e+01
6.5460e+01 9.6798e+00
6.7780e+01 9.2346e+00
7.0210e+01 8.8121e+00
7.2760e+01 8.4037e+00
7.5440e+01 8.0182e+00
7.8250e+01 7.6442e+00
