5.0430e-02 2.5038e+06
5.0840e-02 2.4655e+06
5.1250e-02 2.4254e+06
5.1670e-02 2.3866e+06
5.2110e-02 2.3486e+06
5.2560e-02 2.3132e+06
5.3010e-02 2.2790e+06
5.3480e-02 2.2438e+06
5.3960e-02 2.2113e+06
5.4460e-02 2.1801e+06
5.4970e-02 2.1481e+06
5.5490e-02 2.1166e+06
5.6030e-02 2.0867e+06
5.6580e-02 2.0588e+06
5.7140e-02 2.0298e+06
5.7730e-02 2.0028e+06
5.8320e-02 1.9761e+06
5.8940e-02 1.9514e+06
5.9570e-02 1.9266e+06
6.0220e-02 1.9027e+06
6.0880e-02 1.8803e+06
6.1570e-02 1.8569e+06
6.2270e-02 1.8357e+06
6.2990e-02 1.8146e+06
6.3720e-02 1.7941e+06
6.4480e-02 1.7739e+06
6.5250e-02 1.7545e+06
6.6050e-02 1.7367e+06
6.6860e-02 1.7192e+06
6.7690e-02 1.7017e+06
6.8540e-02 1.6848e+06
6.9410e-02 1.6680e+06
7.0300e-02 1.6518e+06
7.1200e-02 1.6366e+06
7.2130e-02 1.6213e+06
7.3080e-02 1.6067e+06
7.4040e-02 1.5925e+06
7.5020e-02 1.5786e+06
7.6030e-02 1.5656e+06
7.7050e-02 1.5525e+06
7.8090e-02 1.5389e+06
7.9150e-02 1.5273e+06
8.0240e-02 1.5156e+06
8.1340e-02 1.5036e+06
8.2460e-02 1.4917e+06
8.3590e-02 1.4795e+06
8.4750e-02 1.4686e+06
8.5930e-02 1.4570e+06
8.7120e-02 1.4471e+06
8.8340e-02 1.4356e+06
8.9570e-02 1.4253e+06
9.0820e-02 1.4152e+06
9.2090e-02 1.4046e+06
9.3370e-02 1.3947e+06
9.4670e-02 1.3850e+06
9.5980e-02 1.3756e+06
9.7310e-02 1.3661e+06
9.8650e-02 1.3559e+06
1.0000e-01 1.3467e+06
1.0140e-01 1.3361e+06
1.0270e-01 1.3271e+06
1.0410e-01 1.3174e+06
1.0550e-01 1.3080e+06
1.0690e-01 1.2979e+06
1.0830e-01 1.2880e+06
1.0960e-01 1.2780e+06
1.1100e-01 1.2677e+06
1.1240e-01 1.2569e+06
1.1370e-01 1.2459e+06
1.1510e-01 1.2356e+06
1.1640e-01 1.2237e+06
1.1780e-01 1.2123e+06
1.1910e-01 1.2001e+06
1.2040e-01 1.1891e+06
1.2170e-01 1.1762e+06
1.2290e-01 1.1634e+06
1.2410e-01 1.1495e+06
1.2540e-01 1.1366e+06
1.2660e-01 1.1227e+06
1.2770e-01 1.1078e+06
1.2890e-01 1.0936e+06
1.3000e-01 1.0790e+06
1.3110e-01 1.0643e+06
1.3220e-01 1.0485e+06
1.3320e-01 1.0324e+06
1.3430e-01 1.0173e+06
1.3530e-01 1.0005e+06
1.3630e-01 9.8446e+05
1.3730e-01 9.6816e+05
1.3820e-01 9.5170e+05
1.3920e-01 9.3483e+05
1.4010e-01 9.1906e+05
1.4100e-01 9.0227e+05
1.4200e-01 8.8498e+05
1.4290e-01 8.6910e+05
1.4370e-01 8.5240e+05
1.4460e-01 8.3552e+05
1.4550e-01 8.2008e+05
1.4640e-01 8.0394e+05
1.4730e-01 7.8804e+05
1.4820e-01 7.7177e+05
1.4910e-01 7.5648e+05
1.5000e-01 7.4114e+05
1.5090e-01 7.2607e+05
1.5190e-01 7.1137e+05
1.5280e-01 6.9706e+05
1.5380e-01 6.8247e+05
1.5470e-01 6.6875e+05
1.5570e-01 6.5497e+05
1.5680e-01 6.4202e+05
1.5780e-01 6.2893e+05
1.5890e-01 6.1609e+05
1.6000e-01 6.0383e+05
1.6110e-01 5.9172e+05
1.6230e-01 5.8047e+05
1.6350e-01 5.6910e+05
1.6470e-01 5.5793e+05
1.6600e-01 5.4722e+05
1.6730e-01 5.3736e+05
1.6860e-01 5.2720e+05
1.7000e-01 5.1729e+05
1.7140e-01 5.0813e+05
1.7290e-01 4.9889e+05
1.7440e-01 4.9020e+05
1.7600e-01 4.8169e+05
1.7760e-01 4.7344e+05
1.7920e-01 4.6542e+05
1.8090e-01 4.5771e+05
1.8270e-01 4.5056e+05
1.8450e-01 4.4350e+05
1.8640e-01 4.3657e+05
1.8830e-01 4.2976e+05
1.9020e-01 4.2334e+05
1.9220e-01 4.1697e+05
1.9430e-01 4.1088e+05
1.9640e-01 4.0495e+05
1.9860e-01 3.9924e+05
2.0080e-01 3.9378e+05
2.0310e-01 3.8841e+05
2.0550e-01 3.8327e+05
2.0790e-01 3.7827e+05
2.1040e-01 3.7334e+05
2.1300e-01 3.6881e+05
2.1570e-01 3.6417e+05
2.1840e-01 3.5983e+05
2.2120e-01 3.5569e+05
2.2410e-01 3.5181e+05
2.2710e-01 3.4785e+05
2.3020e-01 3.4421e+05
2.3340e-01 3.4071e+05
2.3670e-01 3.3730e+05
2.4010e-01 3.3397e+05
2.4370e-01 3.3086e+05
2.4740e-01 3.2815e+05
2.5130e-01 3.2556e+05
2.5530e-01 3.2302e+05
2.5960e-01 3.2068e+05
2.6400e-01 3.1855e+05
2.6870e-01 3.1676e+05
2.7360e-01 3.1527e+05
2.7890e-01 3.1386e+05
2.8440e-01 3.1296e+05
2.9030e-01 3.1214e+05
2.9650e-01 3.1176e+05
3.0320e-01 3.1175e+05
3.1020e-01 3.1175e+05
3.1780e-01 3.1247e+05
3.2590e-01 3.1369e+05
3.3450e-01 3.1535e+05
3.4380e-01 3.1732e+05
3.5360e-01 3.1984e+05
3.6410e-01 3.2270e+05
3.7520e-01 3.2627e+05
3.8700e-01 3.3015e+05
3.9950e-01 3.3455e+05
4.1260e-01 3.3947e+05
4.2650e-01 3.4482e+05
4.4090e-01 3.5065e+05
4.5600e-01 3.5673e+05
4.7160e-01 3.6317e+05
4.8750e-01 3.6980e+05
5.0400e-01 3.7690e+05
5.2100e-01 3.8408e+05
5.3830e-01 3.9170e+05
5.5590e-01 3.9920e+05
5.7440e-01 4.0769e+05
5.9220e-01 4.1526e+05
6.1010e-01 4.2237e+05
6.2790e-01 4.2965e+05
6.4560e-01 4.3651e+05
6.6310e-01 4.4296e+05
6.7860e-01 4.4633e+05
6.9570e-01 4.5226e+05
7.1240e-01 4.5741e+05
7.2880e-01 4.6242e+05
7.4470e-01 4.6645e+05
7.6020e-01 4.7026e+05
7.7830e-01 4.7697e+05
7.9270e-01 4.7931e+05
8.0670e-01 4.8075e+05
8.2010e-01 4.8159e+05
8.3310e-01 4.8185e+05
8.4550e-01 4.8163e+05
8.5750e-01 4.8044e+05
8.6900e-01 4.7878e+05
8.8000e-01 4.7662e+05
8.9060e-01 4.7405e+05
9.0080e-01 4.7071e+05
9.1050e-01 4.6729e+05
9.1980e-01 4.6309e+05
9.2880e-01 4.5829e+05
9.3660e-01 4.5248e+05
9.4490e-01 4.4704e+05
9.5280e-01 4.4163e+05
9.6050e-01 4.3563e+05
9.6780e-01 4.2966e+05
9.7490e-01 4.2302e+05
9.8180e-01 4.1661e+05
9.8840e-01 4.0996e+05
9.9520e-01 4.0307e+05
1.0010e+00 3.9596e+05
1.0080e+00 3.8913e+05
1.0140e+00 3.8200e+05
1.0190e+00 3.7475e+05
1.0250e+00 3.6766e+05
1.0310e+00 3.6050e+05
1.0370e+00 3.5365e+05
1.0430e+00 3.4640e+05
1.0490e+00 3.3963e+05
1.0550e+00 3.3266e+05
1.0600e+00 3.2500e+05
1.0660e+00 3.1822e+05
1.0730e+00 3.1205e+05
1.0810e+00 3.0575e+05
1.0890e+00 2.9975e+05
1.0970e+00 2.9378e+05
1.1060e+00 2.8811e+05
1.1160e+00 2.8284e+05
1.1270e+00 2.7774e+05
1.1390e+00 2.7293e+05
1.1530e+00 2.6827e+05
1.1680e+00 2.6397e+05
1.1840e+00 2.6007e+05
1.2030e+00 2.5713e+05
1.2240e+00 2.5368e+05
1.2460e+00 2.5066e+05
1.2710e+00 2.4807e+05
1.2990e+00 2.4567e+05
1.3290e+00 2.4357e+05
1.3620e+00 2.4188e+05
1.3980e+00 2.4049e+05
1.4370e+00 2.3942e+05
1.4800e+00 2.3873e+05
1.5250e+00 2.3821e+05
1.5740e+00 2.3786e+05
1.6270e+00 2.3786e+05
1.6820e+00 2.3800e+05
1.7410e+00 2.3841e+05
1.8020e+00 2.3894e+05
1.8670e+00 2.3961e+05
1.9340e+00 2.4041e+05
2.0050e+00 2.4128e+05
2.0760e+00 2.4218e+05
2.1510e+00 2.4303e+05
2.2280e+00 2.4370e+05
2.3070e+00 2.4449e+05
2.3880e+00 2.4516e+05
2.4700e+00 2.4583e+05
2.5540e+00 2.4621e+05
2.6390e+00 2.4651e+05
2.7250e+00 2.4685e+05
2.8110e+00 2.4686e+05
2.8990e+00 2.4693e+05
2.9870e+00 2.4674e+05
3.0750e+00 2.4635e+05
3.1640e+00 2.4589e+05
3.2540e+00 2.4529e+05
3.3440e+00 2.4457e+05
3.4350e+00 2.4374e+05
3.5250e+00 2.4278e+05
3.6170e+00 2.4170e+05
3.7080e+00 2.4032e+05
3.8000e+00 2.3916e+05
3.8930e+00 2.3760e+05
3.9870e+00 2.3616e+05
4.0810e+00 2.3454e+05
4.1760e+00 2.3290e+05
4.2710e+00 2.3109e+05
4.3680e+00 2.2944e+05
4.4660e+00 2.2769e+05
4.5640e+00 2.2577e+05
4.6650e+00 2.2392e+05
4.7670e+00 2.2198e+05
4.8700e+00 2.1995e+05
4.9750e+00 2.1801e+05
5.0820e+00 2.1603e+05
5.1910e+00 2.1402e+05
5.3030e+00 2.1212e+05
5.4160e+00 2.1008e+05
5.5320e+00 2.0800e+05
5.6500e+00 2.0606e+05
5.7710e+00 2.0406e+05
5.8950e+00 2.0219e+05
6.0220e+00 2.0010e+05
6.1520e+00 1.9822e+05
6.2850e+00 1.9628e+05
6.4220e+00 1.9442e+05
6.5620e+00 1.9244e+05
6.7060e+00 1.9062e+05
6.8540e+00 1.8864e+05
7.0060e+00 1.8684e+05
7.1610e+00 1.8495e+05
7.3210e+00 1.8301e+05
7.4860e+00 1.8133e+05
7.6550e+00 1.7945e+05
7.8270e+00 1.7757e+05
8.0050e+00 1.7573e+05
8.1890e+00 1.7393e+05
8.3770e+00 1.7219e+05
8.5710e+00 1.7035e+05
8.7700e+00 1.6862e+05
8.9760e+00 1.6676e+05
9.1860e+00 1.6510e+05
9.4010e+00 1.6327e+05
9.6230e+00 1.6142e+05
9.8510e+00 1.5964e+05
1.0080e+01 1.5784e+05
1.0330e+01 1.5603e+05
1.0570e+01 1.5426e+05
1.0830e+01 1.5249e+05
1.1090e+01 1.5073e+05
1.1350e+01 1.4886e+05
1.1630e+01 1.4711e+05
1.1910e+01 1.4528e+05
1.2200e+01 1.4342e+05
1.2500e+01 1.4173e+05
1.2810e+01 1.3979e+05
1.3120e+01 1.3799e+05
1.3450e+01 1.3621e+05
1.3780e+01 1.3434e+05
1.4120e+01 1.3249e+05
1.4480e+01 1.3063e+05
1.4840e+01 1.2880e+05
1.5210e+01 1.2699e+05
1.5590e+01 1.2512e+05
1.5990e+01 1.2335e+05
1.6390e+01 1.2151e+05
1.6810e+01 1.1959e+05
1.7240e+01 1.1780e+05
1.7680e+01 1.1592e+05
1.8140e+01 1.1407e+05
1.8610e+01 1.1230e+05
1.9090e+01 1.1044e+05
1.9590e+01 1.0867e+05
2.0100e+01 1.0682e+05
2.0630e+01 1.0505e+05
2.1180e+01 1.0322e+05
2.1740e+01 1.0145e+05
2.2320e+01 9.9671e+04
2.2920e+01 9.7864e+04
2.3540e+01 9.6063e+04
2.4180e+01 9.4327e+04
2.4840e+01 9.2590e+04
2.5520e+01 9.0919e+04
2.6230e+01 8.9186e+04
2.6960e+01 8.7533e+04
2.7710e+01 8.5783e+04
2.8490e+01 8.4154e+04
2.9290e+01 8.2454e+04
3.0130e+01 8.0827e+04
3.0990e+01 7.9245e+04
3.1890e+01 7.7653e+04
3.2820e+01 7.6063e+04
3.3780e+01 7.4503e+04
3.4770e+01 7.2913e+04
3.5800e+01 7.1400e+04
3.6870e+01 6.9878e+04
3.7980e+01 6.8399e+04
3.9140e+01 6.6901e+04
4.0330e+01 6.5473e+04
4.1580e+01 6.4019e+04
4.2870e+01 6.2567e+04
4.4210e+01 6.1180e+04
4.5610e+01 5.9797e+04
4.7060e+01 5.8437e+04
4.8570e+01 5.7097e+04
5.0150e+01 5.5743e+04
5.1790e+01 5.4425e+04
5.3500e+01 5.3143e+04
5.5280e+01 5.1879e+04
5.7140e+01 5.0641e+04
5.9090e+01 4.9400e+04
6.1110e+01 4.8174e+04
6.3240e+01 4.6939e+04
6.5460e+01 4.5771e+04
6.7780e+01 4.4598e+04
7.0210e+01 4.3444e+04
7.2760e+01 4.2304e+04
7.5440e+01 4.1174e+04
7.8250e+01 4.0082e+04
