5.0430e-02 2.3362e+06
5.0840e-02 2.2999e+06
5.1250e-02 2.2633e+06
5.1670e-02 2.2280e+06
5.2110e-02 2.1932e+06
5.2560e-02 2.1597e+06
5.3010e-02 2.1274e+06
5.3480e-02 2.0954e+06
5.3960e-02 2.0647e+06
5.4460e-02 2.0364e+06
5.4970e-02 2.0062e+06
5.5490e-02 1.9777e+06
5.6030e-02 1.9495e+06
5.6580e-02 1.9243e+06
5.7140e-02 1.8980e+06
5.7730e-02 1.8726e+06
5.8320e-02 1.8486e+06
5.8940e-02 1.8254e+06
5.9570e-02 1.8020e+06
6.0220e-02 1.7806e+06
6.0880e-02 1.7596e+06
6.1570e-02 1.7386e+06
6.2270e-02 1.7188e+06
6.2990e-02 1.6990e+06
6.3720e-02 1.6808e+06
6.4480e-02 1.6619e+06
6.5250e-02 1.6447e+06
6.6050e-02 1.6281e+06
6.6860e-02 1.6119e+06
6.7690e-02 1.5963e+06
6.8540e-02 1.5807e+06
6.9410e-02 1.5659e+06
7.0300e-02 1.5516e+06
7.1200e-02 1.5376e+06
7.2130e-02 1.5241e+06
7.3080e-02 1.5106e+06
7.4040e-02 1.4982e+06
7.5020e-02 1.4853e+06
7.6030e-02 1.4734e+06
7.7050e-02 1.4620e+06
7.8090e-02 1.4495e+06
7.9150e-02 1.4395e+06
8.0240e-02 1.4294e+06
8.1340e-02 1.4184e+06
8.2460e-02 1.4080e+06
8.3590e-02 1.3974e+06
8.4750e-02 1.3875e+06
8.5930e-02 1.3773e+06
8.7120e-02 1.3683e+06
8.8340e-02 1.3588e+06
8.9570e-02 1.3500e+06
9.0820e-02 1.3408e+06
9.2090e-02 1.3316e+06
9.3370e-02 1.3225e+06
9.4670e-02 1.3141e+06
9.5980e-02 1.3059e+06
9.7310e-02 1.2977e+06
9.8650e-02 1.2888e+06
1.0000e-01 1.2808e+06
1.0140e-01 1.2719e+06
1.0270e-01 1.2636e+06
1.0410e-01 1.2550e+06
1.0550e-01 1.2472e+06
1.0690e-01 1.2383e+06
1.0830e-01 1.2294e+06
1.0960e-01 1.2202e+06
1.1100e-01 1.2114e+06
1.1240e-01 1.2016e+06
1.1370e-01 1.1920e+06
1.1510e-01 1.1824e+06
1.1640e-01 1.1719e+06
1.1780e-01 1.1615e+06
1.1910e-01 1.1503e+06
1.2040e-01 1.1401e+06
1.2170e-01 1.1286e+06
1.2290e-01 1.1168e+06
1.2410e-01 1.1041e+06
1.2540e-01 1.0918e+06
1.2660e-01 1.0792e+06
1.2770e-01 1.0655e+06
1.2890e-01 1.0522e+06
1.3000e-01 1.0384e+06
1.3110e-01 1.0245e+06
1.3220e-01 1.0099e+06
1.3320e-01 9.9470e+05
1.3430e-01 9.8061e+05
1.3530e-01 9.6492e+05
1.3630e-01 9.4972e+05
1.3730e-01 9.3422e+05
1.3820e-01 9.1879e+05
1.3920e-01 9.0293e+05
1.4010e-01 8.8790e+05
1.4100e-01 8.7185e+05
1.4200e-01 8.5576e+05
1.4290e-01 8.4058e+05
1.4370e-01 8.2479e+05
1.4460e-01 8.0882e+05
1.4550e-01 7.9401e+05
1.4640e-01 7.7872e+05
1.4730e-01 7.6366e+05
1.4820e-01 7.4821e+05
1.4910e-01 7.3370e+05
1.5000e-01 7.1930e+05
1.5090e-01 7.0497e+05
1.5190e-01 6.9098e+05
1.5280e-01 6.7735e+05
1.5380e-01 6.6345e+05
1.5470e-01 6.5070e+05
1.5570e-01 6.3739e+05
1.5680e-01 6.2520e+05
1.5780e-01 6.1283e+05
1.5890e-01 6.0071e+05
1.6000e-01 5.8899e+05
1.6110e-01 5.7768e+05
1.6230e-01 5.6704e+05
1.6350e-01 5.5629e+05
1.6470e-01 5.4583e+05
1.6600e-01 5.3569e+05
1.6730e-01 5.2635e+05
1.6860e-01 5.1683e+05
1.7000e-01 5.0753e+05
1.7140e-01 4.9906e+05
1.7290e-01 4.9037e+05
1.7440e-01 4.8221e+05
1.7600e-01 4.7422e+05
1.7760e-01 4.6655e+05
1.7920e-01 4.5910e+05
1.8090e-01 4.5194e+05
1.8270e-01 4.4540e+05
1.8450e-01 4.3873e+05
1.8640e-01 4.3236e+05
1.8830e-01 4.2610e+05
1.9020e-01 4.2018e+05
1.9220e-01 4.1430e+05
1.9430e-01 4.0877e+05
1.9640e-01 4.0337e+05
1.9860e-01 3.9816e+05
2.0080e-01 3.9317e+05
2.0310e-01 3.8826e+05
2.0550e-01 3.8363e+05
2.0790e-01 3.7912e+05
2.1040e-01 3.7471e+05
2.1300e-01 3.7069e+05
2.1570e-01 3.6661e+05
2.1840e-01 3.6272e+05
2.2120e-01 3.5908e+05
2.2410e-01 3.5574e+05
2.2710e-01 3.5230e+05
2.3020e-01 3.4914e+05
2.3340e-01 3.4622e+05
2.3670e-01 3.4337e+05
2.4010e-01 3.4057e+05
2.4370e-01 3.3806e+05
2.4740e-01 3.3587e+05
2.5130e-01 3.3389e+05
2.5530e-01 3.3203e+05
2.5960e-01 3.3034e+05
2.6400e-01 3.2888e+05
2.6870e-01 3.2787e+05
2.7360e-01 3.2712e+05
2.7890e-01 3.2646e+05
2.8440e-01 3.2642e+05
2.9030e-01 3.2651e+05
2.9650e-01 3.2709e+05
3.0320e-01 3.2809e+05
3.1020e-01 3.2912e+05
3.1780e-01 3.3101e+05
3.2590e-01 3.3348e+05
3.3450e-01 3.3643e+05
3.4380e-01 3.3984e+05
3.5360e-01 3.4386e+05
3.6410e-01 3.4832e+05
3.7520e-01 3.5358e+05
3.8700e-01 3.5927e+05
3.9950e-01 3.6536e+05
4.1260e-01 3.7255e+05
4.2650e-01 3.7988e+05
4.4090e-01 3.8765e+05
4.5600e-01 3.9629e+05
4.7160e-01 4.0492e+05
4.8750e-01 4.1401e+05
5.0400e-01 4.2357e+05
5.2100e-01 4.3313e+05
5.3830e-01 4.4312e+05
5.5590e-01 4.5326e+05
5.7440e-01 4.6442e+05
5.9220e-01 4.7423e+05
6.1010e-01 4.8416e+05
6.2790e-01 4.9358e+05
6.4560e-01 5.0286e+05
6.6310e-01 5.1134e+05
6.7860e-01 5.1676e+05
6.9570e-01 5.2463e+05
7.1240e-01 5.3164e+05
7.2880e-01 5.3844e+05
7.4470e-01 5.4419e+05
7.6020e-01 5.4938e+05
7.7830e-01 5.5831e+05
7.9270e-01 5.6183e+05
8.0670e-01 5.6438e+05
8.2010e-01 5.6598e+05
8.3310e-01 5.6719e+05
8.4550e-01 5.6729e+05
8.5750e-01 5.6658e+05
8.6900e-01 5.6510e+05
8.8000e-01 5.6305e+05
8.9060e-01 5.6026e+05
9.0080e-01 5.5688e+05
9.1050e-01 5.5314e+05
9.1980e-01 5.4853e+05
9.2880e-01 5.4349e+05
9.3660e-01 5.3682e+05
9.4490e-01 5.3055e+05
9.5280e-01 5.2435e+05
9.6050e-01 5.1767e+05
9.6780e-01 5.1062e+05
9.7490e-01 5.0300e+05
9.8180e-01 4.9567e+05
9.8840e-01 4.8783e+05
9.9520e-01 4.7992e+05
1.0010e+00 4.7158e+05
1.0080e+00 4.6358e+05
1.0140e+00 4.5520e+05
1.0190e+00 4.4688e+05
1.0250e+00 4.3838e+05
1.0310e+00 4.2998e+05
1.0370e+00 4.2195e+05
1.0430e+00 4.1343e+05
1.0490e+00 4.0530e+05
1.0550e+00 3.9726e+05
1.0600e+00 3.8798e+05
1.0660e+00 3.7998e+05
1.0730e+00 3.7268e+05
1.0810e+00 3.6521e+05
1.0890e+00 3.5821e+05
1.0970e+00 3.5108e+05
1.1060e+00 3.4429e+05
1.1160e+00 3.3794e+05
1.1270e+00 3.3189e+05
1.1390e+00 3.2612e+05
1.1530e+00 3.2064e+05
1.1680e+00 3.1540e+05
1.1840e+00 3.1058e+05
1.2030e+00 3.0705e+05
1.2240e+00 3.0290e+05
1.2460e+00 2.9908e+05
1.2710e+00 2.9592e+05
1.2990e+00 2.9293e+05
1.3290e+00 2.9022e+05
1.3620e+00 2.8804e+05
1.3980e+00 2.8614e+05
1.4370e+00 2.8457e+05
1.4800e+00 2.8347e+05
1.5250e+00 2.8269e+05
1.5740e+00 2.8197e+05
1.6270e+00 2.8168e+05
1.6820e+00 2.8152e+05
1.7410e+00 2.8172e+05
1.8020e+00 2.8201e+05
1.8670e+00 2.8244e+05
1.9340e+00 2.8306e+05
2.0050e+00 2.8374e+05
2.0760e+00 2.8446e+05
2.1510e+00 2.8515e+05
2.2280e+00 2.8562e+05
2.3070e+00 2.8623e+05
2.3880e+00 2.8676e+05
2.4700e+00 2.8728e+05
2.5540e+00 2.8747e+05
2.6390e+00 2.8757e+05
2.7250e+00 2.8772e+05
2.8110e+00 2.8750e+05
2.8990e+00 2.8742e+05
2.9870e+00 2.8704e+05
3.0750e+00 2.8644e+05
3.1640e+00 2.8581e+05
3.2540e+00 2.8503e+05
3.3440e+00 2.8417e+05
3.4350e+00 2.8318e+05
3.5250e+00 2.8209e+05
3.6170e+00 2.8095e+05
3.7080e+00 2.7942e+05
3.8000e+00 2.7827e+05
3.8930e+00 2.7664e+05
3.9870e+00 2.7523e+05
4.0810e+00 2.7367e+05
4.1760e+00 2.7211e+05
4.2710e+00 2.7042e+05
4.3680e+00 2.6902e+05
4.4660e+00 2.6753e+05
4.5640e+00 2.6594e+05
4.6650e+00 2.6449e+05
4.7670e+00 2.6301e+05
4.8700e+00 2.6154e+05
4.9750e+00 2.6024e+05
5.0820e+00 2.5897e+05
5.1910e+00 2.5778e+05
5.3030e+00 2.5683e+05
5.4160e+00 2.5579e+05
5.5320e+00 2.5481e+05
5.6500e+00 2.5415e+05
5.7710e+00 2.5351e+05
5.8950e+00 2.5319e+05
6.0220e+00 2.5273e+05
6.1520e+00 2.5243e+05
6.2850e+00 2.5245e+05
6.4220e+00 2.5266e+05
6.5620e+00 2.5261e+05
6.7060e+00 2.5309e+05
6.8540e+00 2.5342e+05
7.0060e+00 2.5426e+05
7.1610e+00 2.5505e+05
7.3210e+00 2.5582e+05
7.4860e+00 2.5700e+05
7.6550e+00 2.5813e+05
7.8270e+00 2.5934e+05
8.0050e+00 2.6055e+05
8.1890e+00 2.6221e+05
8.3770e+00 2.6377e+05
8.5710e+00 2.6546e+05
8.7700e+00 2.6724e+05
8.9760e+00 2.6904e+05
9.1860e+00 2.7086e+05
9.4010e+00 2.7280e+05
9.6230e+00 2.7479e+05
9.8510e+00 2.7670e+05
1.0080e+01 2.7868e+05
1.0330e+01 2.8072e+05
1.0570e+01 2.8260e+05
1.0830e+01 2.8456e+05
1.1090e+01 2.8646e+05
1.1350e+01 2.8831e+05
1.1630e+01 2.9007e+05
1.1910e+01 2.9182e+05
1.2200e+01 2.9356e+05
1.2500e+01 2.9505e+05
1.2810e+01 2.9655e+05
1.3120e+01 2.9799e+05
1.3450e+01 2.9925e+05
1.3780e+01 3.0036e+05
1.4120e+01 3.0139e+05
1.4480e+01 3.0232e+05
1.4840e+01 3.0310e+05
1.5210e+01 3.0373e+05
1.5590e+01 3.0423e+05
1.5990e+01 3.0455e+05
1.6390e+01 3.0474e+05
1.6810e+01 3.0477e+05
1.7240e+01 3.0470e+05
1.7680e+01 3.0447e+05
1.8140e+01 3.0402e+05
1.8610e+01 3.0349e+05
1.9090e+01 3.0267e+05
1.9590e+01 3.0195e+05
2.0100e+01 3.0087e+05
2.0630e+01 2.9973e+05
2.1180e+01 2.9828e+05
2.1740e+01 2.9691e+05
2.2320e+01 2.9538e+05
2.2920e+01 2.9344e+05
2.3540e+01 2.9153e+05
2.4180e+01 2.8960e+05
2.4840e+01 2.8746e+05
2.5520e+01 2.8533e+05
2.6230e+01 2.8295e+05
2.6960e+01 2.8042e+05
2.7710e+01 2.7775e+05
2.8490e+01 2.7509e+05
2.9290e+01 2.7222e+05
3.0130e+01 2.6930e+05
3.0990e+01 2.6643e+05
3.1890e+01 2.6326e+05
3.2820e+01 2.6013e+05
3.3780e+01 2.5690e+05
3.4770e+01 2.5362e+05
3.5800e+01 2.5022e+05
3.6870e+01 2.4673e+05
3.7980e+01 2.4333e+05
3.9140e+01 2.3980e+05
4.0330e+01 2.3623e+05
4.1580e+01 2.3253e+05
4.2870e+01 2.2889e+05
4.4210e+01 2.2517e+05
4.5610e+01 2.2152e+05
4.7060e+01 2.1777e+05
4.8570e+01 2.1400e+05
5.0150e+01 2.1015e+05
5.1790e+01 2.0634e+05
5.3500e+01 2.0254e+05
5.5280e+01 1.9873e+05
5.7140e+01 1.9486e+05
5.9090e+01 1.9104e+05
6.1110e+01 1.8717e+05
6.3240e+01 1.8330e+05
6.5460e+01 1.7944e+05
6.7780e+01 1.7562e+05
7.0210e+01 1.7179e+05
7.2760e+01 1.6791e+05
7.5440e+01 1.6414e+05
7.8250e+01 1.6030e+05
