5.0430e-02 0.0000e+00
5.0840e-02 0.0000e+00
5.1250e-02 0.0000e+00
5.1670e-02 0.0000e+00
5.2110e-02 0.0000e+00
5.2560e-02 0.0000e+00
5.3010e-02 0.0000e+00
5.3480e-02 0.0000e+00
5.3960e-02 0.0000e+00
5.4460e-02 0.0000e+00
5.4970e-02 0.0000e+00
5.5490e-02 0.0000e+00
5.6030e-02 0.0000e+00
5.6580e-02 0.0000e+00
5.7140e-02 0.0000e+00
5.7730e-02 0.0000e+00
5.8320e-02 0.0000e+00
5.8940e-02 0.0000e+00
5.9570e-02 0.0000e+00
6.0220e-02 0.0000e+00
6.0880e-02 0.0000e+00
6.1570e-02 0.0000e+00
6.2270e-02 0.0000e+00
6.2990e-02 0.0000e+00
6.3720e-02 0.0000e+00
6.4480e-02 0.0000e+00
6.5250e-02 0.0000e+00
6.6050e-02 0.0000e+00
6.6860e-02 0.0000e+00
6.7690e-02 0.0000e+00
6.8540e-02 0.0000e+00
6.9410e-02 0.0000e+00
7.0300e-02 0.0000e+00
7.1200e-02 0.0000e+00
7.2130e-02 0.0000e+00
7.3080e-02 0.0000e+00
7.4040e-02 0.0000e+00
7.5020e-02 0.0000e+00
7.6030e-02 0.0000e+00
7.7050e-02 0.0000e+00
7.8090e-02 0.0000e+00
7.9150e-02 0.0000e+00
8.0240e-02 0.0000e+00
8.1340e-02 0.0000e+00
8.2460e-02 0.0000e+00
8.3590e-02 0.0000e+00
8.4750e-02 0.0000e+00
8.5930e-02 0.0000e+00
8.7120e-02 0.0000e+00
8.8340e-02 0.0000e+00
8.9570e-02 0.0000e+00
9.0820e-02 0.0000e+00
9.2090e-02 0.0000e+00
9.3370e-02 0.0000e+00
9.4670e-02 0.0000e+00
9.5980e-02 0.0000e+00
9.7310e-02 0.0000e+00
9.8650e-02 0.0000e+00
1.0000e-01 0.0000e+00
1.0140e-01 0.0000e+00
1.0270e-01 0.0000e+00
1.0410e-01 0.0000e+00
1.0550e-01 0.0000e+00
1.0690e-01 0.0000e+00
1.0830e-01 0.0000e+00
1.0960e-01 0.0000e+00
1.1100e-01 0.0000e+00
1.1240e-01 0.0000e+00
1.1370e-01 0.0000e+00
1.1510e-01 0.0000e+00
1.1640e-01 0.0000e+00
1.1780e-01 0.0000e+00
1.1910e-01 0.0000e+00
1.2040e-01 0.0000e+00
1.2170e-01 0.0000e+00
1.2290e-01 0.0000e+00
1.2410e-01 0.0000e+00
1.2540e-01 0.0000e+00
1.2660e-01 0.0000e+00
1.2770e-01 0.0000e+00
1.2890e-01 0.0000e+00
1.3000e-01 0.0000e+00
1.3110e-01 0.0000e+00
1.3220e-01 0.0000e+00
1.3320e-01 0.0000e+00
1.3430e-01 0.0000e+00
1.3530e-01 0.0000e+00
1.3630e-01 0.0000e+00
1.3730e-01 0.0000e+00
1.3820e-01 0.0000e+00
1.3920e-01 0.0000e+00
1.4010e-01 0.0000e+00
1.4100e-01 0.0000e+00
1.4200e-01 0.0000e+00
1.4290e-01 0.0000e+00
1.4370e-01 0.0000e+00
1.4460e-01 0.0000e+00
1.4550e-01 0.0000e+00
1.4640e-01 0.0000e+00
1.4730e-01 0.0000e+00
1.4820e-01 0.0000e+00
1.4910e-01 0.0000e+00
1.5000e-01 0.0000e+00
1.5090e-01 0.0000e+00
1.5190e-01 0.0000e+00
1.5280e-01 0.0000e+00
1.5380e-01 0.0000e+00
1.5470e-01 0.0000e+00
1.5570e-01 0.0000e+00
1.5680e-01 0.0000e+00
1.5780e-01 0.0000e+00
1.5890e-01 0.0000e+00
1.6000e-01 0.0000e+00
1.6110e-01 0.0000e+00
1.6230e-01 0.0000e+00
1.6350e-01 0.0000e+00
1.6470e-01 0.0000e+00
1.6600e-01 0.0000e+00
1.6730e-01 0.0000e+00
1.6860e-01 0.0000e+00
1.7000e-01 0.0000e+00
1.7140e-01 0.0000e+00
1.7290e-01 0.0000e+00
1.7440e-01 0.0000e+00
1.7600e-01 0.0000e+00
1.7760e-01 0.0000e+00
1.7920e-01 0.0000e+00
1.8090e-01 0.0000e+00
1.8270e-01 0.0000e+00
1.8450e-01 0.0000e+00
1.8640e-01 0.0000e+00
1.8830e-01 0.0000e+00
1.9020e-01 0.0000e+00
1.9220e-01 0.0000e+00
1.9430e-01 0.0000e+00
1.9640e-01 0.0000e+00
1.9860e-01 0.0000e+00
2.0080e-01 0.0000e+00
2.0310e-01 0.0000e+00
2.0550e-01 0.0000e+00
2.0790e-01 0.0000e+00
2.1040e-01 0.0000e+00
2.1300e-01 0.0000e+00
2.1570e-01 0.0000e+00
2.1840e-01 0.0000e+00
2.2120e-01 0.0000e+00
2.2410e-01 0.0000e+00
2.2710e-01 0.0000e+00
2.3020e-01 0.0000e+00
2.3340e-01 0.0000e+00
2.3670e-01 0.0000e+00
2.4010e-01 0.0000e+00
2.4370e-01 0.0000e+00
2.4740e-01 0.0000e+00
2.5130e-01 0.0000e+00
2.5530e-01 0.0000e+00
2.5960e-01 0.0000e+00
2.6400e-01 0.0000e+00
2.6870e-01 0.0000e+00
2.7360e-01 0.0000e+00
2.7890e-01 0.0000e+00
2.8440e-01 0.0000e+00
2.9030e-01 0.0000e+00
2.9650e-01 0.0000e+00
3.0320e-01 0.0000e+00
3.1020e-01 0.0000e+00
3.1780e-01 0.0000e+00
3.2590e-01 0.0000e+00
3.3450e-01 0.0000e+00
3.4380e-01 0.0000e+00
3.5360e-01 0.0000e+00
3.6410e-01 0.0000e+00
3.7520e-01 0.0000e+00
3.8700e-01 0.0000e+00
3.9950e-01 0.0000e+00
4.1260e-01 0.0000e+00
4.2650e-01 0.0000e+00
4.4090e-01 0.0000e+00
4.5600e-01 0.0000e+00
4.7160e-01 0.0000e+00
4.8750e-01 0.0000e+00
5.0400e-01 0.0000e+00
5.2100e-01 0.0000e+00
5.3830e-01 0.0000e+00
5.5590e-01 0.0000e+00
5.7440e-01 0.0000e+00
5.9220e-01 0.0000e+00
6.1010e-01 0.0000e+00
6.2790e-01 0.0000e+00
6.4560e-01 0.0000e+00
6.6310e-01 0.0000e+00
6.7860e-01 0.0000e+00
6.9570e-01 0.0000e+00
7.1240e-01 0.0000e+00
7.2880e-01 0.0000e+00
7.4470e-01 0.0000e+00
7.6020e-01 0.0000e+00
7.7830e-01 3.1374e-02
7.9270e-01 3.2300e-02
8.0670e-01 3.3183e-02
8.2010e-01 3.3969e-02
8.3310e-01 3.4714e-02
8.4550e-01 3.5404e-02
8.5750e-01 3.5988e-02
8.6900e-01 3.6511e-02
8.8000e-01 3.6969e-02
8.9060e-01 3.7375e-02
9.0080e-01 3.7690e-02
9.1050e-01 3.7955e-02
9.1980e-01 3.8134e-02
9.2880e-01 3.8282e-02
9.3660e-01 3.8275e-02
9.4490e-01 3.8284e-02
9.5280e-01 3.8274e-02
9.6050e-01 3.8190e-02
9.6780e-01 3.8072e-02
9.7490e-01 3.7895e-02
9.8180e-01 3.7717e-02
9.8840e-01 3.7503e-02
9.9520e-01 3.7286e-02
1.0010e+00 3.7081e-02
1.0080e+00 3.6954e-02
1.0140e+00 3.6896e-02
1.0190e+00 3.7034e-02
1.0250e+00 3.7462e-02
1.0310e+00 3.8344e-02
1.0370e+00 3.9924e-02
1.0430e+00 4.2435e-02
1.0490e+00 4.6363e-02
1.0550e+00 5.2252e-02
1.0600e+00 6.0692e-02
1.0660e+00 7.2908e-02
1.0730e+00 9.0118e-02
1.0810e+00 1.1375e-01
1.0890e+00 1.4577e-01
1.0970e+00 1.8865e-01
1.1060e+00 2.4505e-01
1.1160e+00 3.1875e-01
1.1270e+00 4.1350e-01
1.1390e+00 5.3393e-01
1.1530e+00 6.8520e-01
1.1680e+00 8.7333e-01
1.1840e+00 1.1049e+00
1.2030e+00 1.3922e+00
1.2240e+00 1.7324e+00
1.2460e+00 2.1370e+00
1.2710e+00 2.6177e+00
1.2990e+00 3.1769e+00
1.3290e+00 3.8254e+00
1.3620e+00 4.5713e+00
1.3980e+00 5.4194e+00
1.4370e+00 6.3768e+00
1.4800e+00 7.4495e+00
1.5250e+00 8.6373e+00
1.5740e+00 9.9509e+00
1.6270e+00 1.1376e+01
1.6820e+00 1.2919e+01
1.7410e+00 1.4585e+01
1.8020e+00 1.6357e+01
1.8670e+00 1.8237e+01
1.9340e+00 2.0222e+01
2.0050e+00 2.2294e+01
2.0760e+00 2.4437e+01
2.1510e+00 2.6650e+01
2.2280e+00 2.8902e+01
2.3070e+00 3.1219e+01
2.3880e+00 3.3558e+01
2.4700e+00 3.5919e+01
2.5540e+00 3.8261e+01
2.6390e+00 4.0599e+01
2.7250e+00 4.2934e+01
2.8110e+00 4.5206e+01
2.8990e+00 4.7467e+01
2.9870e+00 4.9666e+01
3.0750e+00 5.1765e+01
3.1640e+00 5.3793e+01
3.2540e+00 5.5746e+01
3.3440e+00 5.7672e+01
3.4350e+00 5.9432e+01
3.5250e+00 6.1132e+01
3.6170e+00 6.2722e+01
3.7080e+00 6.4148e+01
3.8000e+00 6.5571e+01
3.8930e+00 6.6802e+01
3.9870e+00 6.7966e+01
4.0810e+00 6.9014e+01
4.1760e+00 6.9961e+01
4.2710e+00 7.0724e+01
4.3680e+00 7.1492e+01
4.4660e+00 7.2100e+01
4.5640e+00 7.2588e+01
4.6650e+00 7.2984e+01
4.7670e+00 7.3277e+01
4.8700e+00 7.3447e+01
4.9750e+00 7.3551e+01
5.0820e+00 7.3549e+01
5.1910e+00 7.3451e+01
5.3030e+00 7.3309e+01
5.4160e+00 7.3018e+01
5.5320e+00 7.2638e+01
5.6500e+00 7.2227e+01
5.7710e+00 7.1698e+01
5.8950e+00 7.1158e+01
6.0220e+00 7.0481e+01
6.1520e+00 6.9782e+01
6.2850e+00 6.9024e+01
6.4220e+00 6.8199e+01
6.5620e+00 6.7298e+01
6.7060e+00 6.6395e+01
6.8540e+00 6.5380e+01
7.0060e+00 6.4357e+01
7.1610e+00 6.3280e+01
7.3210e+00 6.2145e+01
7.4860e+00 6.1060e+01
7.6550e+00 5.9872e+01
7.8270e+00 5.8647e+01
8.0050e+00 5.7408e+01
8.1890e+00 5.6177e+01
8.3770e+00 5.4922e+01
8.5710e+00 5.3653e+01
8.7700e+00 5.2350e+01
8.9760e+00 5.1072e+01
9.1860e+00 4.9769e+01
9.4010e+00 4.8450e+01
9.6230e+00 4.7140e+01
9.8510e+00 4.5837e+01
1.0080e+01 4.4532e+01
1.0330e+01 4.3229e+01
1.0570e+01 4.1939e+01
1.0830e+01 4.0655e+01
1.1090e+01 3.9379e+01
1.1350e+01 3.8115e+01
1.1630e+01 3.6868e+01
1.1910e+01 3.5639e+01
1.2200e+01 3.4423e+01
1.2500e+01 3.3238e+01
1.2810e+01 3.2057e+01
1.3120e+01 3.0899e+01
1.3450e+01 2.9776e+01
1.3780e+01 2.8665e+01
1.4120e+01 2.7586e+01
1.4480e+01 2.6525e+01
1.4840e+01 2.5485e+01
1.5210e+01 2.4468e+01
1.5590e+01 2.3494e+01
1.5990e+01 2.2536e+01
1.6390e+01 2.1599e+01
1.6810e+01 2.0699e+01
1.7240e+01 1.9819e+01
1.7680e+01 1.8964e+01
1.8140e+01 1.8144e+01
1.8610e+01 1.7348e+01
1.9090e+01 1.6571e+01
1.9590e+01 1.5829e+01
2.0100e+01 1.5105e+01
2.0630e+01 1.4417e+01
2.1180e+01 1.3733e+01
2.1740e+01 1.3101e+01
2.2320e+01 1.2476e+01
2.2920e+01 1.1871e+01
2.3540e+01 1.1299e+01
2.4180e+01 1.0750e+01
2.4840e+01 1.0221e+01
2.5520e+01 9.7203e+00
2.6230e+01 9.2331e+00
2.6960e+01 8.7664e+00
2.7710e+01 8.3153e+00
2.8490e+01 7.8938e+00
2.9290e+01 7.4824e+00
3.0130e+01 7.0943e+00
3.0990e+01 6.7258e+00
3.1890e+01 6.3661e+00
3.2820e+01 6.0262e+00
3.3780e+01 5.7028e+00
3.4770e+01 5.3962e+00
3.5800e+01 5.1017e+00
3.6870e+01 4.8221e+00
3.7980e+01 4.5567e+00
3.9140e+01 4.3046e+00
4.0330e+01 4.0635e+00
4.1580e+01 3.8344e+00
4.2870e+01 3.6178e+00
4.4210e+01 3.4113e+00
4.5610e+01 3.2161e+00
4.7060e+01 3.0309e+00
4.8570e+01 2.8540e+00
5.0150e+01 2.6868e+00
5.1790e+01 2.5285e+00
5.3500e+01 2.3790e+00
5.5280e+01 2.2370e+00
5.7140e+01 2.1019e+00
5.9090e+01 1.9749e+00
6.1110e+01 1.8542e+00
6.3240e+01 1.7402e+00
6.5460e+01 1.6324e+00
6.7780e+01 1.5308e+00
7.0210e+01 1.4345e+00
7.2760e+01 1.3432e+00
7.5440e+01 1.2575e+00
7.8250e+01 1.1765e+00
