5.0430e-02 8.1700e+06
5.0840e-02 7.9912e+06
5.1250e-02 7.8075e+06
5.1670e-02 7.6316e+06
5.2110e-02 7.4616e+06
5.2560e-02 7.2979e+06
5.3010e-02 7.1416e+06
5.3480e-02 6.9826e+06
5.3960e-02 6.8326e+06
5.4460e-02 6.6887e+06
5.4970e-02 6.5444e+06
5.5490e-02 6.4048e+06
5.6030e-02 6.2693e+06
5.6580e-02 6.1417e+06
5.7140e-02 6.0136e+06
5.7730e-02 5.8900e+06
5.8320e-02 5.7702e+06
5.8940e-02 5.6559e+06
5.9570e-02 5.5428e+06
6.0220e-02 5.4351e+06
6.0880e-02 5.3314e+06
6.1570e-02 5.2274e+06
6.2270e-02 5.1283e+06
6.2990e-02 5.0320e+06
6.3720e-02 4.9408e+06
6.4480e-02 4.8491e+06
6.5250e-02 4.7619e+06
6.6050e-02 4.6790e+06
6.6860e-02 4.5968e+06
6.7690e-02 4.5188e+06
6.8540e-02 4.4402e+06
6.9410e-02 4.3661e+06
7.0300e-02 4.2933e+06
7.1200e-02 4.2232e+06
7.2130e-02 4.1554e+06
7.3080e-02 4.0885e+06
7.4040e-02 4.0252e+06
7.5020e-02 3.9625e+06
7.6030e-02 3.9041e+06
7.7050e-02 3.8458e+06
7.8090e-02 3.7880e+06
7.9150e-02 3.7350e+06
8.0240e-02 3.6840e+06
8.1340e-02 3.6321e+06
8.2460e-02 3.5818e+06
8.3590e-02 3.5330e+06
8.4750e-02 3.4858e+06
8.5930e-02 3.4402e+06
8.7120e-02 3.3971e+06
8.8340e-02 3.3528e+06
8.9570e-02 3.3119e+06
9.0820e-02 3.2715e+06
9.2090e-02 3.2314e+06
9.3370e-02 3.1929e+06
9.4670e-02 3.1559e+06
9.5980e-02 3.1205e+06
9.7310e-02 3.0853e+06
9.8650e-02 3.0497e+06
1.0000e-01 3.0171e+06
1.0140e-01 2.9823e+06
1.0270e-01 2.9510e+06
1.0410e-01 2.9189e+06
1.0550e-01 2.8883e+06
1.0690e-01 2.8567e+06
1.0830e-01 2.8260e+06
1.0960e-01 2.7948e+06
1.1100e-01 2.7644e+06
1.1240e-01 2.7333e+06
1.1370e-01 2.7028e+06
1.1510e-01 2.6733e+06
1.1640e-01 2.6414e+06
1.1780e-01 2.6109e+06
1.1910e-01 2.5788e+06
1.2040e-01 2.5499e+06
1.2170e-01 2.5180e+06
1.2290e-01 2.4857e+06
1.2410e-01 2.4523e+06
1.2540e-01 2.4205e+06
1.2660e-01 2.3878e+06
1.2770e-01 2.3528e+06
1.2890e-01 2.3194e+06
1.3000e-01 2.2855e+06
1.3110e-01 2.2513e+06
1.3220e-01 2.2157e+06
1.3320e-01 2.1798e+06
1.3430e-01 2.1459e+06
1.3530e-01 2.1089e+06
1.3630e-01 2.0737e+06
1.3730e-01 2.0377e+06
1.3820e-01 2.0016e+06
1.3920e-01 1.9656e+06
1.4010e-01 1.9311e+06
1.4100e-01 1.8951e+06
1.4200e-01 1.8583e+06
1.4290e-01 1.8242e+06
1.4370e-01 1.7889e+06
1.4460e-01 1.7533e+06
1.4550e-01 1.7204e+06
1.4640e-01 1.6864e+06
1.4730e-01 1.6532e+06
1.4820e-01 1.6191e+06
1.4910e-01 1.5874e+06
1.5000e-01 1.5555e+06
1.5090e-01 1.5240e+06
1.5190e-01 1.4935e+06
1.5280e-01 1.4639e+06
1.5380e-01 1.4337e+06
1.5470e-01 1.4057e+06
1.5570e-01 1.3771e+06
1.5680e-01 1.3506e+06
1.5780e-01 1.3239e+06
1.5890e-01 1.2975e+06
1.6000e-01 1.2724e+06
1.6110e-01 1.2477e+06
1.6230e-01 1.2248e+06
1.6350e-01 1.2016e+06
1.6470e-01 1.1790e+06
1.6600e-01 1.1571e+06
1.6730e-01 1.1372e+06
1.6860e-01 1.1165e+06
1.7000e-01 1.0965e+06
1.7140e-01 1.0781e+06
1.7290e-01 1.0593e+06
1.7440e-01 1.0417e+06
1.7600e-01 1.0245e+06
1.7760e-01 1.0077e+06
1.7920e-01 9.9203e+05
1.8090e-01 9.7627e+05
1.8270e-01 9.6127e+05
1.8450e-01 9.4714e+05
1.8640e-01 9.3327e+05
1.8830e-01 9.1942e+05
1.9020e-01 9.0599e+05
1.9220e-01 8.9350e+05
1.9430e-01 8.8040e+05
1.9640e-01 8.6827e+05
1.9860e-01 8.5717e+05
2.0080e-01 8.4548e+05
2.0310e-01 8.3457e+05
2.0550e-01 8.2396e+05
2.0790e-01 8.1335e+05
2.1040e-01 8.0271e+05
2.1300e-01 7.9348e+05
2.1570e-01 7.8371e+05
2.1840e-01 7.7428e+05
2.2120e-01 7.6565e+05
2.2410e-01 7.5744e+05
2.2710e-01 7.4879e+05
2.3020e-01 7.4103e+05
2.3340e-01 7.3345e+05
2.3670e-01 7.2629e+05
2.4010e-01 7.1947e+05
2.4370e-01 7.1286e+05
2.4740e-01 7.0666e+05
2.5130e-01 7.0145e+05
2.5530e-01 6.9600e+05
2.5960e-01 6.9154e+05
2.6400e-01 6.8699e+05
2.6870e-01 6.8371e+05
2.7360e-01 6.8136e+05
2.7890e-01 6.7903e+05
2.8440e-01 6.7808e+05
2.9030e-01 6.7802e+05
2.9650e-01 6.7843e+05
3.0320e-01 6.8055e+05
3.1020e-01 6.8278e+05
3.1780e-01 6.8708e+05
3.2590e-01 6.9269e+05
3.3450e-01 6.9971e+05
3.4380e-01 7.0827e+05
3.5360e-01 7.1793e+05
3.6410e-01 7.2948e+05
3.7520e-01 7.4276e+05
3.8700e-01 7.5725e+05
3.9950e-01 7.7347e+05
4.1260e-01 7.9145e+05
4.2650e-01 8.1065e+05
4.4090e-01 8.3165e+05
4.5600e-01 8.5394e+05
4.7160e-01 8.7744e+05
4.8750e-01 9.0173e+05
5.0400e-01 9.2751e+05
5.2100e-01 9.5347e+05
5.3830e-01 9.8051e+05
5.5590e-01 1.0081e+06
5.7440e-01 1.0382e+06
5.9220e-01 1.0655e+06
6.1010e-01 1.0928e+06
6.2790e-01 1.1193e+06
6.4560e-01 1.1453e+06
6.6310e-01 1.1698e+06
6.7860e-01 1.1858e+06
6.9570e-01 1.2088e+06
7.1240e-01 1.2296e+06
7.2880e-01 1.2489e+06
7.4470e-01 1.2664e+06
7.6020e-01 1.2824e+06
7.7830e-01 1.3075e+06
7.9270e-01 1.3188e+06
8.0670e-01 1.3279e+06
8.2010e-01 1.3348e+06
8.3310e-01 1.3400e+06
8.4550e-01 1.3429e+06
8.5750e-01 1.3434e+06
8.6900e-01 1.3422e+06
8.8000e-01 1.3395e+06
8.9060e-01 1.3347e+06
9.0080e-01 1.3284e+06
9.1050e-01 1.3209e+06
9.1980e-01 1.3112e+06
9.2880e-01 1.3001e+06
9.3660e-01 1.2850e+06
9.4490e-01 1.2711e+06
9.5280e-01 1.2571e+06
9.6050e-01 1.2415e+06
9.6780e-01 1.2254e+06
9.7490e-01 1.2074e+06
9.8180e-01 1.1905e+06
9.8840e-01 1.1717e+06
9.9520e-01 1.1527e+06
1.0010e+00 1.1330e+06
1.0080e+00 1.1140e+06
1.0140e+00 1.0938e+06
1.0190e+00 1.0735e+06
1.0250e+00 1.0530e+06
1.0310e+00 1.0325e+06
1.0370e+00 1.0128e+06
1.0430e+00 9.9199e+05
1.0490e+00 9.7195e+05
1.0550e+00 9.5180e+05
1.0600e+00 9.2879e+05
1.0660e+00 9.0883e+05
1.0730e+00 8.9038e+05
1.0810e+00 8.7146e+05
1.0890e+00 8.5309e+05
1.0970e+00 8.3476e+05
1.1060e+00 8.1701e+05
1.1160e+00 7.9983e+05
1.1270e+00 7.8336e+05
1.1390e+00 7.6705e+05
1.1530e+00 7.5126e+05
1.1680e+00 7.3622e+05
1.1840e+00 7.2137e+05
1.2030e+00 7.0949e+05
1.2240e+00 6.9572e+05
1.2460e+00 6.8287e+05
1.2710e+00 6.7085e+05
1.2990e+00 6.5814e+05
1.3290e+00 6.4650e+05
1.3620e+00 6.3560e+05
1.3980e+00 6.2562e+05
1.4370e+00 6.1519e+05
1.4800e+00 6.0623e+05
1.5250e+00 5.9710e+05
1.5740e+00 5.8896e+05
1.6270e+00 5.8047e+05
1.6820e+00 5.7298e+05
1.7410e+00 5.6563e+05
1.8020e+00 5.5842e+05
1.8670e+00 5.5209e+05
1.9340e+00 5.4581e+05
2.0050e+00 5.3971e+05
2.0760e+00 5.3390e+05
2.1510e+00 5.2781e+05
2.2280e+00 5.2187e+05
2.3070e+00 5.1617e+05
2.3880e+00 5.1056e+05
2.4700e+00 5.0503e+05
2.5540e+00 4.9914e+05
2.6390e+00 4.9340e+05
2.7250e+00 4.8791e+05
2.8110e+00 4.8218e+05
2.8990e+00 4.7669e+05
2.9870e+00 4.7086e+05
3.0750e+00 4.6509e+05
3.1640e+00 4.5918e+05
3.2540e+00 4.5374e+05
3.3440e+00 4.4793e+05
3.4350e+00 4.4212e+05
3.5250e+00 4.3642e+05
3.6170e+00 4.3076e+05
3.7080e+00 4.2474e+05
3.8000e+00 4.1903e+05
3.8930e+00 4.1316e+05
3.9870e+00 4.0772e+05
4.0810e+00 4.0180e+05
4.1760e+00 3.9640e+05
4.2710e+00 3.9050e+05
4.3680e+00 3.8509e+05
4.4660e+00 3.7993e+05
4.5640e+00 3.7435e+05
4.6650e+00 3.6900e+05
4.7670e+00 3.6393e+05
4.8700e+00 3.5853e+05
4.9750e+00 3.5368e+05
5.0820e+00 3.4854e+05
5.1910e+00 3.4373e+05
5.3030e+00 3.3888e+05
5.4160e+00 3.3416e+05
5.5320e+00 3.2944e+05
5.6500e+00 3.2505e+05
5.7710e+00 3.2058e+05
5.8950e+00 3.1637e+05
6.0220e+00 3.1184e+05
6.1520e+00 3.0793e+05
6.2850e+00 3.0377e+05
6.4220e+00 2.9997e+05
6.5620e+00 2.9603e+05
6.7060e+00 2.9237e+05
6.8540e+00 2.8848e+05
7.0060e+00 2.8509e+05
7.1610e+00 2.8140e+05
7.3210e+00 2.7786e+05
7.4860e+00 2.7474e+05
7.6550e+00 2.7134e+05
7.8270e+00 2.6802e+05
8.0050e+00 2.6471e+05
8.1890e+00 2.6150e+05
8.3770e+00 2.5857e+05
8.5710e+00 2.5544e+05
8.7700e+00 2.5244e+05
8.9760e+00 2.4950e+05
9.1860e+00 2.4661e+05
9.4010e+00 2.4374e+05
9.6230e+00 2.4083e+05
9.8510e+00 2.3803e+05
1.0080e+01 2.3521e+05
1.0330e+01 2.3240e+05
1.0570e+01 2.2963e+05
1.0830e+01 2.2687e+05
1.1090e+01 2.2414e+05
1.1350e+01 2.2143e+05
1.1630e+01 2.1872e+05
1.1910e+01 2.1607e+05
1.2200e+01 2.1339e+05
1.2500e+01 2.1077e+05
1.2810e+01 2.0802e+05
1.3120e+01 2.0541e+05
1.3450e+01 2.0271e+05
1.3780e+01 2.0005e+05
1.4120e+01 1.9741e+05
1.4480e+01 1.9476e+05
1.4840e+01 1.9204e+05
1.5210e+01 1.8935e+05
1.5590e+01 1.8671e+05
1.5990e+01 1.8408e+05
1.6390e+01 1.8138e+05
1.6810e+01 1.7871e+05
1.7240e+01 1.7609e+05
1.7680e+01 1.7338e+05
1.8140e+01 1.7071e+05
1.8610e+01 1.6814e+05
1.9090e+01 1.6536e+05
1.9590e+01 1.6283e+05
2.0100e+01 1.6011e+05
2.0630e+01 1.5749e+05
2.1180e+01 1.5478e+05
2.1740e+01 1.5221e+05
2.2320e+01 1.4962e+05
2.2920e+01 1.4691e+05
2.3540e+01 1.4424e+05
2.4180e+01 1.4167e+05
2.4840e+01 1.3909e+05
2.5520e+01 1.3655e+05
2.6230e+01 1.3395e+05
2.6960e+01 1.3137e+05
2.7710e+01 1.2884e+05
2.8490e+01 1.2626e+05
2.9290e+01 1.2374e+05
3.0130e+01 1.2121e+05
3.0990e+01 1.1875e+05
3.1890e+01 1.1628e+05
3.2820e+01 1.1378e+05
3.3780e+01 1.1139e+05
3.4770e+01 1.0893e+05
3.5800e+01 1.0651e+05
3.6870e+01 1.0417e+05
3.7980e+01 1.0183e+05
3.9140e+01 9.9501e+04
4.0330e+01 9.7157e+04
4.1580e+01 9.4853e+04
4.2870e+01 9.2629e+04
4.4210e+01 9.0344e+04
4.5610e+01 8.8141e+04
4.7060e+01 8.5979e+04
4.8570e+01 8.3809e+04
5.0150e+01 8.1646e+04
5.1790e+01 7.9503e+04
5.3500e+01 7.7420e+04
5.5280e+01 7.5373e+04
5.7140e+01 7.3333e+04
5.9090e+01 7.1318e+04
6.1110e+01 6.9331e+04
6.3240e+01 6.7359e+04
6.5460e+01 6.5402e+04
6.7780e+01 6.3501e+04
7.0210e+01 6.1603e+04
7.2760e+01 5.9735e+04
7.5440e+01 5.7906e+04
7.8250e+01 5.6064e+04
