5.0430e-02 5.7427e+03
5.0840e-02 5.6496e+03
5.1250e-02 5.5540e+03
5.1670e-02 5.4616e+03
5.2110e-02 5.3710e+03
5.2560e-02 5.2849e+03
5.3010e-02 5.2020e+03
5.3480e-02 5.1180e+03
5.3960e-02 5.0375e+03
5.4460e-02 4.9615e+03
5.4970e-02 4.8838e+03
5.5490e-02 4.8077e+03
5.6030e-02 4.7337e+03
5.6580e-02 4.6646e+03
5.7140e-02 4.5942e+03
5.7730e-02 4.5262e+03
5.8320e-02 4.4602e+03
5.8940e-02 4.3976e+03
5.9570e-02 4.3350e+03
6.0220e-02 4.2749e+03
6.0880e-02 4.2170e+03
6.1570e-02 4.1573e+03
6.2270e-02 4.1016e+03
6.2990e-02 4.0472e+03
6.3720e-02 3.9947e+03
6.4480e-02 3.9419e+03
6.5250e-02 3.8911e+03
6.6050e-02 3.8424e+03
6.6860e-02 3.7938e+03
6.7690e-02 3.7479e+03
6.8540e-02 3.7003e+03
6.9410e-02 3.6558e+03
7.0300e-02 3.6111e+03
7.1200e-02 3.5675e+03
7.2130e-02 3.5247e+03
7.3080e-02 3.4821e+03
7.4040e-02 3.4415e+03
7.5020e-02 3.4004e+03
7.6030e-02 3.3618e+03
7.7050e-02 3.3224e+03
7.8090e-02 3.2826e+03
7.9150e-02 3.2459e+03
8.0240e-02 3.2120e+03
8.1340e-02 3.1746e+03
8.2460e-02 3.1383e+03
8.3590e-02 3.1020e+03
8.4750e-02 3.0664e+03
8.5930e-02 3.0308e+03
8.7120e-02 2.9969e+03
8.8340e-02 2.9619e+03
8.9570e-02 2.9287e+03
9.0820e-02 2.8953e+03
9.2090e-02 2.8617e+03
9.3370e-02 2.8285e+03
9.4670e-02 2.7961e+03
9.5980e-02 2.7652e+03
9.7310e-02 2.7336e+03
9.8650e-02 2.7008e+03
1.0000e-01 2.6706e+03
1.0140e-01 2.6377e+03
1.0270e-01 2.6076e+03
1.0410e-01 2.5764e+03
1.0550e-01 2.5464e+03
1.0690e-01 2.5150e+03
1.0830e-01 2.4843e+03
1.0960e-01 2.4533e+03
1.1100e-01 2.4223e+03
1.1240e-01 2.3904e+03
1.1370e-01 2.3593e+03
1.1510e-01 2.3289e+03
1.1640e-01 2.2961e+03
1.1780e-01 2.2647e+03
1.1910e-01 2.2314e+03
1.2040e-01 2.2014e+03
1.2170e-01 2.1686e+03
1.2290e-01 2.1354e+03
1.2410e-01 2.1014e+03
1.2540e-01 2.0686e+03
1.2660e-01 2.0353e+03
1.2770e-01 2.0002e+03
1.2890e-01 1.9663e+03
1.3000e-01 1.9322e+03
1.3110e-01 1.8983e+03
1.3220e-01 1.8629e+03
1.3320e-01 1.8277e+03
1.3430e-01 1.7941e+03
1.3530e-01 1.7581e+03
1.3630e-01 1.7239e+03
1.3730e-01 1.6891e+03
1.3820e-01 1.6545e+03
1.3920e-01 1.6199e+03
1.4010e-01 1.5871e+03
1.4100e-01 1.5529e+03
1.4200e-01 1.5185e+03
1.4290e-01 1.4864e+03
1.4370e-01 1.4535e+03
1.4460e-01 1.4202e+03
1.4550e-01 1.3895e+03
1.4640e-01 1.3580e+03
1.4730e-01 1.3273e+03
1.4820e-01 1.2961e+03
1.4910e-01 1.2670e+03
1.5000e-01 1.2380e+03
1.5090e-01 1.2093e+03
1.5190e-01 1.1816e+03
1.5280e-01 1.1546e+03
1.5380e-01 1.1275e+03
1.5470e-01 1.1022e+03
1.5570e-01 1.0764e+03
1.5680e-01 1.0524e+03
1.5780e-01 1.0285e+03
1.5890e-01 1.0051e+03
1.6000e-01 9.8264e+02
1.6110e-01 9.6083e+02
1.6230e-01 9.4042e+02
1.6350e-01 9.1987e+02
1.6470e-01 9.0000e+02
1.6600e-01 8.8069e+02
1.6730e-01 8.6322e+02
1.6860e-01 8.4527e+02
1.7000e-01 8.2797e+02
1.7140e-01 8.1216e+02
1.7290e-01 7.9614e+02
1.7440e-01 7.8123e+02
1.7600e-01 7.6670e+02
1.7760e-01 7.5286e+02
1.7920e-01 7.3973e+02
1.8090e-01 7.2720e+02
1.8270e-01 7.1573e+02
1.8450e-01 7.0462e+02
1.8640e-01 6.9409e+02
1.8830e-01 6.8402e+02
1.9020e-01 6.7485e+02
1.9220e-01 6.6621e+02
1.9430e-01 6.5827e+02
1.9640e-01 6.5100e+02
1.9860e-01 6.4455e+02
2.0080e-01 6.3895e+02
2.0310e-01 6.3405e+02
2.0550e-01 6.3024e+02
2.0790e-01 6.2721e+02
2.1040e-01 6.2516e+02
2.1300e-01 6.2469e+02
2.1570e-01 6.2493e+02
2.1840e-01 6.2675e+02
2.2120e-01 6.2998e+02
2.2410e-01 6.3519e+02
2.2710e-01 6.4190e+02
2.3020e-01 6.5119e+02
2.3340e-01 6.6281e+02
2.3670e-01 6.7686e+02
2.4010e-01 6.9365e+02
2.4370e-01 7.1394e+02
2.4740e-01 7.3874e+02
2.5130e-01 7.6783e+02
2.5530e-01 8.0176e+02
2.5960e-01 8.4089e+02
2.6400e-01 8.8624e+02
2.6870e-01 9.3886e+02
2.7360e-01 9.9937e+02
2.7890e-01 1.0675e+03
2.8440e-01 1.1460e+03
2.9030e-01 1.2337e+03
2.9650e-01 1.3334e+03
3.0320e-01 1.4449e+03
3.1020e-01 1.5700e+03
3.1780e-01 1.7082e+03
3.2590e-01 1.8620e+03
3.3450e-01 2.0311e+03
3.4380e-01 2.2154e+03
3.5360e-01 2.4165e+03
3.6410e-01 2.6336e+03
3.7520e-01 2.8687e+03
3.8700e-01 3.1194e+03
3.9950e-01 3.3868e+03
4.1260e-01 3.6697e+03
4.2650e-01 3.9673e+03
4.4090e-01 4.2805e+03
4.5600e-01 4.6066e+03
4.7160e-01 4.9406e+03
4.8750e-01 5.2767e+03
5.0400e-01 5.6292e+03
5.2100e-01 5.9824e+03
5.3830e-01 6.3420e+03
5.5590e-01 6.7015e+03
5.7440e-01 7.0785e+03
5.9220e-01 7.4284e+03
6.1010e-01 7.7716e+03
6.2790e-01 8.1021e+03
6.4560e-01 8.4240e+03
6.6310e-01 8.7255e+03
6.7860e-01 8.9471e+03
6.9570e-01 9.2225e+03
7.1240e-01 9.4734e+03
7.2880e-01 9.7068e+03
7.4470e-01 9.9148e+03
7.6020e-01 1.0105e+04
7.7830e-01 1.0369e+04
7.9270e-01 1.0504e+04
8.0670e-01 1.0619e+04
8.2010e-01 1.0707e+04
8.3310e-01 1.0777e+04
8.4550e-01 1.0820e+04
8.5750e-01 1.0842e+04
8.6900e-01 1.0843e+04
8.8000e-01 1.0829e+04
8.9060e-01 1.0792e+04
9.0080e-01 1.0737e+04
9.1050e-01 1.0683e+04
9.1980e-01 1.0595e+04
9.2880e-01 1.0495e+04
9.3660e-01 1.0345e+04
9.4490e-01 1.0216e+04
9.5280e-01 1.0085e+04
9.6050e-01 9.9412e+03
9.6780e-01 9.7903e+03
9.7490e-01 9.6252e+03
9.8180e-01 9.4644e+03
9.8840e-01 9.2889e+03
9.9520e-01 9.1097e+03
1.0010e+00 8.9269e+03
1.0080e+00 8.7462e+03
1.0140e+00 8.5563e+03
1.0190e+00 8.3674e+03
1.0250e+00 8.1747e+03
1.0310e+00 7.9823e+03
1.0370e+00 7.7970e+03
1.0430e+00 7.5998e+03
1.0490e+00 7.4103e+03
1.0550e+00 7.2189e+03
1.0600e+00 7.0061e+03
1.0660e+00 6.8159e+03
1.0730e+00 6.6353e+03
1.0810e+00 6.4531e+03
1.0890e+00 6.2732e+03
1.0970e+00 6.0915e+03
1.1060e+00 5.9154e+03
1.1160e+00 5.7422e+03
1.1270e+00 5.5711e+03
1.1390e+00 5.4012e+03
1.1530e+00 5.2340e+03
1.1680e+00 5.0682e+03
1.1840e+00 4.9061e+03
1.2030e+00 4.7600e+03
1.2240e+00 4.5993e+03
1.2460e+00 4.4414e+03
1.2710e+00 4.2878e+03
1.2990e+00 4.1339e+03
1.3290e+00 3.9812e+03
1.3620e+00 3.8330e+03
1.3980e+00 3.6856e+03
1.4370e+00 3.5419e+03
1.4800e+00 3.4010e+03
1.5250e+00 3.2623e+03
1.5740e+00 3.1241e+03
1.6270e+00 2.9902e+03
1.6820e+00 2.8595e+03
1.7410e+00 2.7330e+03
1.8020e+00 2.6089e+03
1.8670e+00 2.4890e+03
1.9340e+00 2.3725e+03
2.0050e+00 2.2589e+03
2.0760e+00 2.1513e+03
2.1510e+00 2.0452e+03
2.2280e+00 1.9421e+03
2.3070e+00 1.8442e+03
2.3880e+00 1.7498e+03
2.4700e+00 1.6597e+03
2.5540e+00 1.5719e+03
2.6390e+00 1.4881e+03
2.7250e+00 1.4100e+03
2.8110e+00 1.3338e+03
2.8990e+00 1.2629e+03
2.9870e+00 1.1946e+03
3.0750e+00 1.1300e+03
3.1640e+00 1.0685e+03
3.2540e+00 1.0108e+03
3.3440e+00 9.5611e+02
3.4350e+00 9.0427e+02
3.5250e+00 8.5535e+02
3.6170e+00 8.0945e+02
3.7080e+00 7.6494e+02
3.8000e+00 7.2438e+02
3.8930e+00 6.8506e+02
3.9870e+00 6.4858e+02
4.0810e+00 6.1390e+02
4.1760e+00 5.8171e+02
4.2710e+00 5.5077e+02
4.3680e+00 5.2221e+02
4.4660e+00 4.9482e+02
4.5640e+00 4.6923e+02
4.6650e+00 4.4507e+02
4.7670e+00 4.2228e+02
4.8700e+00 4.0054e+02
4.9750e+00 3.8036e+02
5.0820e+00 3.6115e+02
5.1910e+00 3.4288e+02
5.3030e+00 3.2573e+02
5.4160e+00 3.0953e+02
5.5320e+00 2.9411e+02
5.6500e+00 2.7975e+02
5.7710e+00 2.6602e+02
5.8950e+00 2.5319e+02
6.0220e+00 2.4076e+02
6.1520e+00 2.2932e+02
6.2850e+00 2.1837e+02
6.4220e+00 2.0803e+02
6.5620e+00 1.9810e+02
6.7060e+00 1.8884e+02
6.8540e+00 1.7989e+02
7.0060e+00 1.7153e+02
7.1610e+00 1.6353e+02
7.3210e+00 1.5587e+02
7.4860e+00 1.4880e+02
7.6550e+00 1.4193e+02
7.8270e+00 1.3554e+02
8.0050e+00 1.2934e+02
8.1890e+00 1.2346e+02
8.3770e+00 1.1791e+02
8.5710e+00 1.1261e+02
8.7700e+00 1.0753e+02
8.9760e+00 1.0263e+02
9.1860e+00 9.8071e+01
9.4010e+00 9.3729e+01
9.6230e+00 8.9568e+01
9.8510e+00 8.5634e+01
1.0080e+01 8.1885e+01
1.0330e+01 7.8304e+01
1.0570e+01 7.4904e+01
1.0830e+01 7.1664e+01
1.1090e+01 6.8579e+01
1.1350e+01 6.5662e+01
1.1630e+01 6.2853e+01
1.1910e+01 6.0182e+01
1.2200e+01 5.7629e+01
1.2500e+01 5.5205e+01
1.2810e+01 5.2882e+01
1.3120e+01 5.0667e+01
1.3450e+01 4.8568e+01
1.3780e+01 4.6559e+01
1.4120e+01 4.4642e+01
1.4480e+01 4.2789e+01
1.4840e+01 4.1046e+01
1.5210e+01 3.9380e+01
1.5590e+01 3.7799e+01
1.5990e+01 3.6270e+01
1.6390e+01 3.4828e+01
1.6810e+01 3.3438e+01
1.7240e+01 3.2121e+01
1.7680e+01 3.0858e+01
1.8140e+01 2.9650e+01
1.8610e+01 2.8508e+01
1.9090e+01 2.7383e+01
1.9590e+01 2.6351e+01
2.0100e+01 2.5334e+01
2.0630e+01 2.4373e+01
2.1180e+01 2.3431e+01
2.1740e+01 2.2557e+01
2.2320e+01 2.1715e+01
2.2920e+01 2.0893e+01
2.3540e+01 2.0114e+01
2.4180e+01 1.9378e+01
2.4840e+01 1.8665e+01
2.5520e+01 1.7986e+01
2.6230e+01 1.7335e+01
2.6960e+01 1.6701e+01
2.7710e+01 1.6098e+01
2.8490e+01 1.5524e+01
2.9290e+01 1.4965e+01
3.0130e+01 1.4436e+01
3.0990e+01 1.3924e+01
3.1890e+01 1.3432e+01
3.2820e+01 1.2964e+01
3.3780e+01 1.2510e+01
3.4770e+01 1.2078e+01
3.5800e+01 1.1657e+01
3.6870e+01 1.1255e+01
3.7980e+01 1.0867e+01
3.9140e+01 1.0495e+01
4.0330e+01 1.0137e+01
4.1580e+01 9.7923e+00
4.2870e+01 9.4602e+00
4.4210e+01 9.1402e+00
4.5610e+01 8.8321e+00
4.7060e+01 8.5361e+00
4.8570e+01 8.2512e+00
5.0150e+01 7.9742e+00
5.1790e+01 7.7057e+00
5.3500e+01 7.4497e+00
5.5280e+01 7.1994e+00
5.7140e+01 6.9597e+00
5.9090e+01 6.7277e+00
6.1110e+01 6.5040e+00
6.3240e+01 6.2866e+00
6.5460e+01 6.0754e+00
6.7780e+01 5.8705e+00
7.0210e+01 5.6738e+00
7.2760e+01 5.4807e+00
7.5440e+01 5.2985e+00
7.8250e+01 5.1186e+00
