5.0430e-02 2.7081e+04
5.0840e-02 2.6729e+04
5.1250e-02 2.6354e+04
5.1670e-02 2.6004e+04
5.2110e-02 2.5660e+04
5.2560e-02 2.5340e+04
5.3010e-02 2.5032e+04
5.3480e-02 2.4721e+04
5.3960e-02 2.4423e+04
5.4460e-02 2.4150e+04
5.4970e-02 2.3865e+04
5.5490e-02 2.3595e+04
5.6030e-02 2.3326e+04
5.6580e-02 2.3088e+04
5.7140e-02 2.2845e+04
5.7730e-02 2.2609e+04
5.8320e-02 2.2385e+04
5.8940e-02 2.2179e+04
5.9570e-02 2.1969e+04
6.0220e-02 2.1776e+04
6.0880e-02 2.1596e+04
6.1570e-02 2.1411e+04
6.2270e-02 2.1237e+04
6.2990e-02 2.1070e+04
6.3720e-02 2.0918e+04
6.4480e-02 2.0763e+04
6.5250e-02 2.0623e+04
6.6050e-02 2.0489e+04
6.6860e-02 2.0363e+04
6.7690e-02 2.0242e+04
6.8540e-02 2.0115e+04
6.9410e-02 2.0004e+04
7.0300e-02 1.9894e+04
7.1200e-02 1.9792e+04
7.2130e-02 1.9694e+04
7.3080e-02 1.9591e+04
7.4040e-02 1.9504e+04
7.5020e-02 1.9417e+04
7.6030e-02 1.9338e+04
7.7050e-02 1.9259e+04
7.8090e-02 1.9172e+04
7.9150e-02 1.9111e+04
8.0240e-02 1.9052e+04
8.1340e-02 1.8985e+04
8.2460e-02 1.8915e+04
8.3590e-02 1.8851e+04
8.4750e-02 1.8786e+04
8.5930e-02 1.8727e+04
8.7120e-02 1.8672e+04
8.8340e-02 1.8612e+04
8.9570e-02 1.8564e+04
9.0820e-02 1.8508e+04
9.2090e-02 1.8453e+04
9.3370e-02 1.8397e+04
9.4670e-02 1.8351e+04
9.5980e-02 1.8306e+04
9.7310e-02 1.8255e+04
9.8650e-02 1.8198e+04
1.0000e-01 1.8150e+04
1.0140e-01 1.8090e+04
1.0270e-01 1.8039e+04
1.0410e-01 1.7979e+04
1.0550e-01 1.7925e+04
1.0690e-01 1.7855e+04
1.0830e-01 1.7789e+04
1.0960e-01 1.7714e+04
1.1100e-01 1.7638e+04
1.1240e-01 1.7552e+04
1.1370e-01 1.7462e+04
1.1510e-01 1.7375e+04
1.1640e-01 1.7268e+04
1.1780e-01 1.7162e+04
1.1910e-01 1.7043e+04
1.2040e-01 1.6940e+04
1.2170e-01 1.6810e+04
1.2290e-01 1.6671e+04
1.2410e-01 1.6523e+04
1.2540e-01 1.6380e+04
1.2660e-01 1.6228e+04
1.2770e-01 1.6055e+04
1.2890e-01 1.5888e+04
1.3000e-01 1.5713e+04
1.3110e-01 1.5534e+04
1.3220e-01 1.5342e+04
1.3320e-01 1.5142e+04
1.3430e-01 1.4953e+04
1.3530e-01 1.4741e+04
1.3630e-01 1.4539e+04
1.3730e-01 1.4328e+04
1.3820e-01 1.4115e+04
1.3920e-01 1.3898e+04
1.4010e-01 1.3689e+04
1.4100e-01 1.3470e+04
1.4200e-01 1.3244e+04
1.4290e-01 1.3033e+04
1.4370e-01 1.2812e+04
1.4460e-01 1.2587e+04
1.4550e-01 1.2381e+04
1.4640e-01 1.2167e+04
1.4730e-01 1.1956e+04
1.4820e-01 1.1739e+04
1.4910e-01 1.1537e+04
1.5000e-01 1.1334e+04
1.5090e-01 1.1133e+04
1.5190e-01 1.0937e+04
1.5280e-01 1.0748e+04
1.5380e-01 1.0554e+04
1.5470e-01 1.0375e+04
1.5570e-01 1.0194e+04
1.5680e-01 1.0024e+04
1.5780e-01 9.8548e+03
1.5890e-01 9.6882e+03
1.6000e-01 9.5296e+03
1.6110e-01 9.3756e+03
1.6230e-01 9.2338e+03
1.6350e-01 9.0889e+03
1.6470e-01 8.9491e+03
1.6600e-01 8.8144e+03
1.6730e-01 8.6951e+03
1.6860e-01 8.5706e+03
1.7000e-01 8.4496e+03
1.7140e-01 8.3423e+03
1.7290e-01 8.2322e+03
1.7440e-01 8.1306e+03
1.7600e-01 8.0324e+03
1.7760e-01 7.9375e+03
1.7920e-01 7.8494e+03
1.8090e-01 7.7640e+03
1.8270e-01 7.6901e+03
1.8450e-01 7.6147e+03
1.8640e-01 7.5431e+03
1.8830e-01 7.4741e+03
1.9020e-01 7.4107e+03
1.9220e-01 7.3501e+03
1.9430e-01 7.2934e+03
1.9640e-01 7.2395e+03
1.9860e-01 7.1904e+03
2.0080e-01 7.1450e+03
2.0310e-01 7.1019e+03
2.0550e-01 7.0636e+03
2.0790e-01 7.0277e+03
2.1040e-01 6.9944e+03
2.1300e-01 6.9657e+03
2.1570e-01 6.9429e+03
2.1840e-01 6.9203e+03
2.2120e-01 6.9027e+03
2.2410e-01 6.8925e+03
2.2710e-01 6.8814e+03
2.3020e-01 6.8759e+03
2.3340e-01 6.8808e+03
2.3670e-01 6.8865e+03
2.4010e-01 6.8926e+03
2.4370e-01 6.9084e+03
2.4740e-01 6.9299e+03
2.5130e-01 6.9630e+03
2.5530e-01 7.0003e+03
2.5960e-01 7.0435e+03
2.6400e-01 7.0966e+03
2.6870e-01 7.1631e+03
2.7360e-01 7.2395e+03
2.7890e-01 7.3252e+03
2.8440e-01 7.4295e+03
2.9030e-01 7.5423e+03
2.9650e-01 7.6723e+03
3.0320e-01 7.8232e+03
3.1020e-01 7.9856e+03
3.1780e-01 8.1765e+03
3.2590e-01 8.3875e+03
3.3450e-01 8.6267e+03
3.4380e-01 8.8829e+03
3.5360e-01 9.1677e+03
3.6410e-01 9.4762e+03
3.7520e-01 9.8161e+03
3.8700e-01 1.0176e+04
3.9950e-01 1.0565e+04
4.1260e-01 1.0981e+04
4.2650e-01 1.1421e+04
4.4090e-01 1.1888e+04
4.5600e-01 1.2372e+04
4.7160e-01 1.2877e+04
4.8750e-01 1.3387e+04
5.0400e-01 1.3926e+04
5.2100e-01 1.4466e+04
5.3830e-01 1.5020e+04
5.5590e-01 1.5575e+04
5.7440e-01 1.6177e+04
5.9220e-01 1.6725e+04
6.1010e-01 1.7262e+04
6.2790e-01 1.7786e+04
6.4560e-01 1.8295e+04
6.6310e-01 1.8777e+04
6.7860e-01 1.9106e+04
6.9570e-01 1.9547e+04
7.1240e-01 1.9948e+04
7.2880e-01 2.0325e+04
7.4470e-01 2.0661e+04
7.6020e-01 2.0967e+04
7.7830e-01 2.1425e+04
7.9270e-01 2.1640e+04
8.0670e-01 2.1814e+04
8.2010e-01 2.1952e+04
8.3310e-01 2.2055e+04
8.4550e-01 2.2112e+04
8.5750e-01 2.2128e+04
8.6900e-01 2.2112e+04
8.8000e-01 2.2068e+04
8.9060e-01 2.1983e+04
9.0080e-01 2.1869e+04
9.1050e-01 2.1739e+04
9.1980e-01 2.1563e+04
9.2880e-01 2.1367e+04
9.3660e-01 2.1099e+04
9.4490e-01 2.0847e+04
9.5280e-01 2.0595e+04
9.6050e-01 2.0313e+04
9.6780e-01 2.0025e+04
9.7490e-01 1.9705e+04
9.8180e-01 1.9397e+04
9.8840e-01 1.9061e+04
9.9520e-01 1.8708e+04
1.0010e+00 1.8368e+04
1.0080e+00 1.8023e+04
1.0140e+00 1.7648e+04
1.0190e+00 1.7295e+04
1.0250e+00 1.6909e+04
1.0310e+00 1.6546e+04
1.0370e+00 1.6184e+04
1.0430e+00 1.5805e+04
1.0490e+00 1.5444e+04
1.0550e+00 1.5069e+04
1.0600e+00 1.4658e+04
1.0660e+00 1.4291e+04
1.0730e+00 1.3935e+04
1.0810e+00 1.3577e+04
1.0890e+00 1.3231e+04
1.0970e+00 1.2872e+04
1.1060e+00 1.2526e+04
1.1160e+00 1.2193e+04
1.1270e+00 1.1856e+04
1.1390e+00 1.1515e+04
1.1530e+00 1.1184e+04
1.1680e+00 1.0862e+04
1.1840e+00 1.0540e+04
1.2030e+00 1.0249e+04
1.2240e+00 9.9318e+03
1.2460e+00 9.6125e+03
1.2710e+00 9.3046e+03
1.2990e+00 8.9934e+03
1.3290e+00 8.6853e+03
1.3620e+00 8.3835e+03
1.3980e+00 8.0830e+03
1.4370e+00 7.7882e+03
1.4800e+00 7.4985e+03
1.5250e+00 7.2114e+03
1.5740e+00 6.9236e+03
1.6270e+00 6.6455e+03
1.6820e+00 6.3711e+03
1.7410e+00 6.1057e+03
1.8020e+00 5.8430e+03
1.8670e+00 5.5882e+03
1.9340e+00 5.3405e+03
2.0050e+00 5.0982e+03
2.0760e+00 4.8674e+03
2.1510e+00 4.6387e+03
2.2280e+00 4.4149e+03
2.3070e+00 4.2018e+03
2.3880e+00 3.9957e+03
2.4700e+00 3.7978e+03
2.5540e+00 3.6057e+03
2.6390e+00 3.4200e+03
2.7250e+00 3.2462e+03
2.8110e+00 3.0775e+03
2.8990e+00 2.9185e+03
2.9870e+00 2.7657e+03
3.0750e+00 2.6197e+03
3.1640e+00 2.4813e+03
3.2540e+00 2.3501e+03
3.3440e+00 2.2252e+03
3.4350e+00 2.1074e+03
3.5250e+00 1.9955e+03
3.6170e+00 1.8898e+03
3.7080e+00 1.7879e+03
3.8000e+00 1.6940e+03
3.8930e+00 1.6030e+03
3.9870e+00 1.5181e+03
4.0810e+00 1.4374e+03
4.1760e+00 1.3614e+03
4.2710e+00 1.2890e+03
4.3680e+00 1.2220e+03
4.4660e+00 1.1579e+03
4.5640e+00 1.0973e+03
4.6650e+00 1.0404e+03
4.7670e+00 9.8583e+02
4.8700e+00 9.3429e+02
4.9750e+00 8.8595e+02
5.0820e+00 8.4011e+02
5.1910e+00 7.9670e+02
5.3030e+00 7.5583e+02
5.4160e+00 7.1679e+02
5.5320e+00 6.7981e+02
5.6500e+00 6.4523e+02
5.7710e+00 6.1213e+02
5.8950e+00 5.8131e+02
6.0220e+00 5.5117e+02
6.1520e+00 5.2337e+02
6.2850e+00 4.9689e+02
6.4220e+00 4.7170e+02
6.5620e+00 4.4777e+02
6.7060e+00 4.2525e+02
6.8540e+00 4.0353e+02
7.0060e+00 3.8335e+02
7.1610e+00 3.6387e+02
7.3210e+00 3.4536e+02
7.4860e+00 3.2815e+02
7.6550e+00 3.1153e+02
7.8270e+00 2.9610e+02
8.0050e+00 2.8098e+02
8.1890e+00 2.6681e+02
8.3770e+00 2.5337e+02
8.5710e+00 2.4067e+02
8.7700e+00 2.2832e+02
8.9760e+00 2.1660e+02
9.1860e+00 2.0562e+02
9.4010e+00 1.9514e+02
9.6230e+00 1.8529e+02
9.8510e+00 1.7582e+02
1.0080e+01 1.6694e+02
1.0330e+01 1.5848e+02
1.0570e+01 1.5046e+02
1.0830e+01 1.4269e+02
1.1090e+01 1.3546e+02
1.1350e+01 1.2863e+02
1.1630e+01 1.2207e+02
1.1910e+01 1.1586e+02
1.2200e+01 1.0994e+02
1.2500e+01 1.0435e+02
1.2810e+01 9.9026e+01
1.3120e+01 9.3972e+01
1.3450e+01 8.9180e+01
1.3780e+01 8.4648e+01
1.4120e+01 8.0327e+01
1.4480e+01 7.6179e+01
1.4840e+01 7.2296e+01
1.5210e+01 6.8615e+01
1.5590e+01 6.5132e+01
1.5990e+01 6.1823e+01
1.6390e+01 5.8683e+01
1.6810e+01 5.5699e+01
1.7240e+01 5.2883e+01
1.7680e+01 5.0207e+01
1.8140e+01 4.7660e+01
1.8610e+01 4.5269e+01
1.9090e+01 4.2959e+01
1.9590e+01 4.0818e+01
2.0100e+01 3.8768e+01
2.0630e+01 3.6822e+01
2.1180e+01 3.4945e+01
2.1740e+01 3.3212e+01
2.2320e+01 3.1554e+01
2.2920e+01 2.9960e+01
2.3540e+01 2.8463e+01
2.4180e+01 2.7052e+01
2.4840e+01 2.5706e+01
2.5520e+01 2.4441e+01
2.6230e+01 2.3230e+01
2.6960e+01 2.2073e+01
2.7710e+01 2.0981e+01
2.8490e+01 1.9954e+01
2.9290e+01 1.8970e+01
3.0130e+01 1.8040e+01
3.0990e+01 1.7166e+01
3.1890e+01 1.6323e+01
3.2820e+01 1.5536e+01
3.3780e+01 1.4779e+01
3.4770e+01 1.4066e+01
3.5800e+01 1.3386e+01
3.6870e+01 1.2741e+01
3.7980e+01 1.2133e+01
3.9140e+01 1.1555e+01
4.0330e+01 1.1004e+01
4.1580e+01 1.0478e+01
4.2870e+01 9.9815e+00
4.4210e+01 9.5082e+00
4.5610e+01 9.0619e+00
4.7060e+01 8.6376e+00
4.8570e+01 8.2296e+00
5.0150e+01 7.8430e+00
5.1790e+01 7.4777e+00
5.3500e+01 7.1290e+00
5.5280e+01 6.7979e+00
5.7140e+01 6.4848e+00
5.9090e+01 6.1826e+00
6.1110e+01 5.8958e+00
6.3240e+01 5.6254e+00
6.5460e+01 5.3638e+00
6.7780e+01 5.1179e+00
7.0210e+01 4.8823e+00
7.2760e+01 4.6594e+00
7.5440e+01 4.4455e+00
7.8250e+01 4.2393e+00
