5.0430e-02 5.4222e+07
5.0840e-02 5.3357e+07
5.1250e-02 5.2454e+07
5.1670e-02 5.1581e+07
5.2110e-02 5.0739e+07
5.2560e-02 4.9927e+07
5.3010e-02 4.9144e+07
5.3480e-02 4.8339e+07
5.3960e-02 4.7579e+07
5.4460e-02 4.6852e+07
5.4970e-02 4.6120e+07
5.5490e-02 4.5403e+07
5.6030e-02 4.4696e+07
5.6580e-02 4.4046e+07
5.7140e-02 4.3373e+07
5.7730e-02 4.2723e+07
5.8320e-02 4.2094e+07
5.8940e-02 4.1497e+07
5.9570e-02 4.0890e+07
6.0220e-02 4.0327e+07
6.0880e-02 3.9767e+07
6.1570e-02 3.9198e+07
6.2270e-02 3.8668e+07
6.2990e-02 3.8143e+07
6.3720e-02 3.7645e+07
6.4480e-02 3.7127e+07
6.5250e-02 3.6646e+07
6.6050e-02 3.6184e+07
6.6860e-02 3.5716e+07
6.7690e-02 3.5267e+07
6.8540e-02 3.4809e+07
6.9410e-02 3.4382e+07
7.0300e-02 3.3953e+07
7.1200e-02 3.3535e+07
7.2130e-02 3.3124e+07
7.3080e-02 3.2717e+07
7.4040e-02 3.2322e+07
7.5020e-02 3.1929e+07
7.6030e-02 3.1561e+07
7.7050e-02 3.1178e+07
7.8090e-02 3.0798e+07
7.9150e-02 3.0455e+07
8.0240e-02 3.0108e+07
8.1340e-02 2.9753e+07
8.2460e-02 2.9402e+07
8.3590e-02 2.9058e+07
8.4750e-02 2.8721e+07
8.5930e-02 2.8384e+07
8.7120e-02 2.8069e+07
8.8340e-02 2.7731e+07
8.9570e-02 2.7423e+07
9.0820e-02 2.7107e+07
9.2090e-02 2.6790e+07
9.3370e-02 2.6481e+07
9.4670e-02 2.6180e+07
9.5980e-02 2.5888e+07
9.7310e-02 2.5594e+07
9.8650e-02 2.5294e+07
1.0000e-01 2.5009e+07
1.0140e-01 2.4708e+07
1.0270e-01 2.4432e+07
1.0410e-01 2.4146e+07
1.0550e-01 2.3871e+07
1.0690e-01 2.3587e+07
1.0830e-01 2.3309e+07
1.0960e-01 2.3027e+07
1.1100e-01 2.2745e+07
1.1240e-01 2.2458e+07
1.1370e-01 2.2178e+07
1.1510e-01 2.1904e+07
1.1640e-01 2.1610e+07
1.1780e-01 2.1330e+07
1.1910e-01 2.1034e+07
1.2040e-01 2.0767e+07
1.2170e-01 2.0475e+07
1.2290e-01 2.0177e+07
1.2410e-01 1.9874e+07
1.2540e-01 1.9583e+07
1.2660e-01 1.9285e+07
1.2770e-01 1.8972e+07
1.2890e-01 1.8673e+07
1.3000e-01 1.8368e+07
1.3110e-01 1.8064e+07
1.3220e-01 1.7747e+07
1.3320e-01 1.7431e+07
1.3430e-01 1.7130e+07
1.3530e-01 1.6805e+07
1.3630e-01 1.6496e+07
1.3730e-01 1.6181e+07
1.3820e-01 1.5869e+07
1.3920e-01 1.5554e+07
1.4010e-01 1.5255e+07
1.4100e-01 1.4942e+07
1.4200e-01 1.4626e+07
1.4290e-01 1.4329e+07
1.4370e-01 1.4026e+07
1.4460e-01 1.3720e+07
1.4550e-01 1.3432e+07
1.4640e-01 1.3141e+07
1.4730e-01 1.2853e+07
1.4820e-01 1.2562e+07
1.4910e-01 1.2286e+07
1.5000e-01 1.2011e+07
1.5090e-01 1.1739e+07
1.5190e-01 1.1476e+07
1.5280e-01 1.1218e+07
1.5380e-01 1.0957e+07
1.5470e-01 1.0714e+07
1.5570e-01 1.0466e+07
1.5680e-01 1.0234e+07
1.5780e-01 9.9994e+06
1.5890e-01 9.7709e+06
1.6000e-01 9.5494e+06
1.6110e-01 9.3329e+06
1.6230e-01 9.1304e+06
1.6350e-01 8.9242e+06
1.6470e-01 8.7249e+06
1.6600e-01 8.5303e+06
1.6730e-01 8.3502e+06
1.6860e-01 8.1662e+06
1.7000e-01 7.9868e+06
1.7140e-01 7.8202e+06
1.7290e-01 7.6514e+06
1.7440e-01 7.4919e+06
1.7600e-01 7.3349e+06
1.7760e-01 7.1815e+06
1.7920e-01 7.0350e+06
1.8090e-01 6.8907e+06
1.8270e-01 6.7561e+06
1.8450e-01 6.6217e+06
1.8640e-01 6.4917e+06
1.8830e-01 6.3635e+06
1.9020e-01 6.2405e+06
1.9220e-01 6.1197e+06
1.9430e-01 6.0028e+06
1.9640e-01 5.8884e+06
1.9860e-01 5.7780e+06
2.0080e-01 5.6703e+06
2.0310e-01 5.5650e+06
2.0550e-01 5.4633e+06
2.0790e-01 5.3636e+06
2.1040e-01 5.2651e+06
2.1300e-01 5.1734e+06
2.1570e-01 5.0796e+06
2.1840e-01 4.9895e+06
2.2120e-01 4.9023e+06
2.2410e-01 4.8192e+06
2.2710e-01 4.7347e+06
2.3020e-01 4.6540e+06
2.3340e-01 4.5765e+06
2.3670e-01 4.4993e+06
2.4010e-01 4.4222e+06
2.4370e-01 4.3486e+06
2.4740e-01 4.2789e+06
2.5130e-01 4.2107e+06
2.5530e-01 4.1427e+06
2.5960e-01 4.0768e+06
2.6400e-01 4.0119e+06
2.6870e-01 3.9511e+06
2.7360e-01 3.8924e+06
2.7890e-01 3.8335e+06
2.8440e-01 3.7796e+06
2.9030e-01 3.7254e+06
2.9650e-01 3.6744e+06
3.0320e-01 3.6260e+06
3.1020e-01 3.5761e+06
3.1780e-01 3.5317e+06
3.2590e-01 3.4916e+06
3.3450e-01 3.4530e+06
3.4380e-01 3.4163e+06
3.5360e-01 3.3826e+06
3.6410e-01 3.3505e+06
3.7520e-01 3.3231e+06
3.8700e-01 3.2961e+06
3.9950e-01 3.2727e+06
4.1260e-01 3.2522e+06
4.2650e-01 3.2326e+06
4.4090e-01 3.2170e+06
4.5600e-01 3.2022e+06
4.7160e-01 3.1900e+06
4.8750e-01 3.1781e+06
5.0400e-01 3.1695e+06
5.2100e-01 3.1605e+06
5.3830e-01 3.1539e+06
5.5590e-01 3.1464e+06
5.7440e-01 3.1481e+06
5.9220e-01 3.1399e+06
6.1010e-01 3.1349e+06
6.2790e-01 3.1269e+06
6.4560e-01 3.1222e+06
6.6310e-01 3.1126e+06
6.7860e-01 3.0900e+06
6.9570e-01 3.0809e+06
7.1240e-01 3.0696e+06
7.2880e-01 3.0553e+06
7.4470e-01 3.0420e+06
7.6020e-01 3.0255e+06
7.7830e-01 3.0239e+06
7.9270e-01 3.0004e+06
8.0670e-01 2.9784e+06
8.2010e-01 2.9523e+06
8.3310e-01 2.9252e+06
8.4550e-01 2.8960e+06
8.5750e-01 2.8622e+06
8.6900e-01 2.8280e+06
8.8000e-01 2.7930e+06
8.9060e-01 2.7564e+06
9.0080e-01 2.7188e+06
9.1050e-01 2.6813e+06
9.1980e-01 2.6390e+06
9.2880e-01 2.5965e+06
9.3660e-01 2.5502e+06
9.4490e-01 2.5052e+06
9.5280e-01 2.4623e+06
9.6050e-01 2.4155e+06
9.6780e-01 2.3716e+06
9.7490e-01 2.3255e+06
9.8180e-01 2.2802e+06
9.8840e-01 2.2330e+06
9.9520e-01 2.1860e+06
1.0010e+00 2.1411e+06
1.0080e+00 2.0962e+06
1.0140e+00 2.0500e+06
1.0190e+00 2.0044e+06
1.0250e+00 1.9576e+06
1.0310e+00 1.9132e+06
1.0370e+00 1.8708e+06
1.0430e+00 1.8265e+06
1.0490e+00 1.7844e+06
1.0550e+00 1.7422e+06
1.0600e+00 1.6961e+06
1.0660e+00 1.6548e+06
1.0730e+00 1.6163e+06
1.0810e+00 1.5774e+06
1.0890e+00 1.5398e+06
1.0970e+00 1.5032e+06
1.1060e+00 1.4667e+06
1.1160e+00 1.4326e+06
1.1270e+00 1.3991e+06
1.1390e+00 1.3663e+06
1.1530e+00 1.3343e+06
1.1680e+00 1.3039e+06
1.1840e+00 1.2743e+06
1.2030e+00 1.2481e+06
1.2240e+00 1.2205e+06
1.2460e+00 1.1936e+06
1.2710e+00 1.1691e+06
1.2990e+00 1.1443e+06
1.3290e+00 1.1208e+06
1.3620e+00 1.0992e+06
1.3980e+00 1.0778e+06
1.4370e+00 1.0570e+06
1.4800e+00 1.0386e+06
1.5250e+00 1.0203e+06
1.5740e+00 1.0027e+06
1.6270e+00 9.8581e+05
1.6820e+00 9.7057e+05
1.7410e+00 9.5534e+05
1.8020e+00 9.4140e+05
1.8670e+00 9.2800e+05
1.9340e+00 9.1549e+05
2.0050e+00 9.0304e+05
2.0760e+00 8.9119e+05
2.1510e+00 8.8019e+05
2.2280e+00 8.6820e+05
2.3070e+00 8.5747e+05
2.3880e+00 8.4733e+05
2.4700e+00 8.3681e+05
2.5540e+00 8.2630e+05
2.6390e+00 8.1590e+05
2.7250e+00 8.0614e+05
2.8110e+00 7.9633e+05
2.8990e+00 7.8670e+05
2.9870e+00 7.7717e+05
3.0750e+00 7.6757e+05
3.1640e+00 7.5768e+05
3.2540e+00 7.4834e+05
3.3440e+00 7.3913e+05
3.4350e+00 7.2947e+05
3.5250e+00 7.2042e+05
3.6170e+00 7.1142e+05
3.7080e+00 7.0182e+05
3.8000e+00 6.9295e+05
3.8930e+00 6.8355e+05
3.9870e+00 6.7448e+05
4.0810e+00 6.6557e+05
4.1760e+00 6.5689e+05
4.2710e+00 6.4762e+05
4.3680e+00 6.3945e+05
4.4660e+00 6.3079e+05
4.5640e+00 6.2232e+05
4.6650e+00 6.1385e+05
4.7670e+00 6.0563e+05
4.8700e+00 5.9736e+05
4.9750e+00 5.8917e+05
5.0820e+00 5.8128e+05
5.1910e+00 5.7344e+05
5.3030e+00 5.6598e+05
5.4160e+00 5.5828e+05
5.5320e+00 5.5054e+05
5.6500e+00 5.4337e+05
5.7710e+00 5.3605e+05
5.8950e+00 5.2940e+05
6.0220e+00 5.2197e+05
6.1520e+00 5.1540e+05
6.2850e+00 5.0857e+05
6.4220e+00 5.0219e+05
6.5620e+00 4.9558e+05
6.7060e+00 4.8943e+05
6.8540e+00 4.8290e+05
7.0060e+00 4.7708e+05
7.1610e+00 4.7088e+05
7.3210e+00 4.6481e+05
7.4860e+00 4.5944e+05
7.6550e+00 4.5362e+05
7.8270e+00 4.4794e+05
8.0050e+00 4.4227e+05
8.1890e+00 4.3695e+05
8.3770e+00 4.3181e+05
8.5710e+00 4.2664e+05
8.7700e+00 4.2139e+05
8.9760e+00 4.1642e+05
9.1860e+00 4.1139e+05
9.4010e+00 4.0670e+05
9.6230e+00 4.0178e+05
9.8510e+00 3.9707e+05
1.0080e+01 3.9247e+05
1.0330e+01 3.8800e+05
1.0570e+01 3.8346e+05
1.0830e+01 3.7909e+05
1.1090e+01 3.7473e+05
1.1350e+01 3.7056e+05
1.1630e+01 3.6635e+05
1.1910e+01 3.6223e+05
1.2200e+01 3.5818e+05
1.2500e+01 3.5421e+05
1.2810e+01 3.5032e+05
1.3120e+01 3.4644e+05
1.3450e+01 3.4259e+05
1.3780e+01 3.3888e+05
1.4120e+01 3.3528e+05
1.4480e+01 3.3164e+05
1.4840e+01 3.2801e+05
1.5210e+01 3.2462e+05
1.5590e+01 3.2115e+05
1.5990e+01 3.1785e+05
1.6390e+01 3.1455e+05
1.6810e+01 3.1125e+05
1.7240e+01 3.0806e+05
1.7680e+01 3.0493e+05
1.8140e+01 3.0187e+05
1.8610e+01 2.9893e+05
1.9090e+01 2.9589e+05
1.9590e+01 2.9312e+05
2.0100e+01 2.9024e+05
2.0630e+01 2.8746e+05
2.1180e+01 2.8461e+05
2.1740e+01 2.8206e+05
2.2320e+01 2.7946e+05
2.2920e+01 2.7667e+05
2.3540e+01 2.7417e+05
2.4180e+01 2.7173e+05
2.4840e+01 2.6934e+05
2.5520e+01 2.6702e+05
2.6230e+01 2.6468e+05
2.6960e+01 2.6234e+05
2.7710e+01 2.6004e+05
2.8490e+01 2.5780e+05
2.9290e+01 2.5554e+05
3.0130e+01 2.5339e+05
3.0990e+01 2.5132e+05
3.1890e+01 2.4915e+05
3.2820e+01 2.4711e+05
3.3780e+01 2.4503e+05
3.4770e+01 2.4302e+05
3.5800e+01 2.4091e+05
3.6870e+01 2.3892e+05
3.7980e+01 2.3695e+05
3.9140e+01 2.3495e+05
4.0330e+01 2.3295e+05
4.1580e+01 2.3090e+05
4.2870e+01 2.2894e+05
4.4210e+01 2.2687e+05
4.5610e+01 2.2490e+05
4.7060e+01 2.2289e+05
4.8570e+01 2.2082e+05
5.0150e+01 2.1874e+05
5.1790e+01 2.1662e+05
5.3500e+01 2.1456e+05
5.5280e+01 2.1241e+05
5.7140e+01 2.1019e+05
5.9090e+01 2.0801e+05
6.1110e+01 2.0572e+05
6.3240e+01 2.0339e+05
6.5460e+01 2.0103e+05
6.7780e+01 1.9866e+05
7.0210e+01 1.9622e+05
7.2760e+01 1.9368e+05
7.5440e+01 1.9117e+05
7.8250e+01 1.8854e+05
