5.0430e-02 8.1229e+00
5.0840e-02 7.9941e+00
5.1250e-02 7.8610e+00
5.1670e-02 7.7323e+00
5.2110e-02 7.6075e+00
5.2560e-02 7.4883e+00
5.3010e-02 7.3735e+00
5.3480e-02 7.2566e+00
5.3960e-02 7.1456e+00
5.4460e-02 7.0393e+00
5.4970e-02 6.9318e+00
5.5490e-02 6.8286e+00
5.6030e-02 6.7267e+00
5.6580e-02 6.6326e+00
5.7140e-02 6.5361e+00
5.7730e-02 6.4451e+00
5.8320e-02 6.3552e+00
5.8940e-02 6.2705e+00
5.9570e-02 6.1867e+00
6.0220e-02 6.1081e+00
6.0880e-02 6.0321e+00
6.1570e-02 5.9541e+00
6.2270e-02 5.8811e+00
6.2990e-02 5.8113e+00
6.3720e-02 5.7439e+00
6.4480e-02 5.6761e+00
6.5250e-02 5.6128e+00
6.6050e-02 5.5537e+00
6.6860e-02 5.4938e+00
6.7690e-02 5.4374e+00
6.8540e-02 5.3803e+00
6.9410e-02 5.3270e+00
7.0300e-02 5.2737e+00
7.1200e-02 5.2238e+00
7.2130e-02 5.1742e+00
7.3080e-02 5.1252e+00
7.4040e-02 5.0790e+00
7.5020e-02 5.0329e+00
7.6030e-02 4.9915e+00
7.7050e-02 4.9479e+00
7.8090e-02 4.9043e+00
7.9150e-02 4.8656e+00
8.0240e-02 4.8828e+00
8.1340e-02 4.8418e+00
8.2460e-02 4.8016e+00
8.3590e-02 4.7619e+00
8.4750e-02 4.7228e+00
8.5930e-02 4.6844e+00
8.7120e-02 4.6478e+00
8.8340e-02 4.6080e+00
8.9570e-02 4.5712e+00
9.0820e-02 4.5334e+00
9.2090e-02 4.4941e+00
9.3370e-02 4.4556e+00
9.4670e-02 4.4169e+00
9.5980e-02 4.3794e+00
9.7310e-02 4.3392e+00
9.8650e-02 4.2966e+00
1.0000e-01 4.2562e+00
1.0140e-01 4.2110e+00
1.0270e-01 4.1681e+00
1.0410e-01 4.1219e+00
1.0550e-01 4.0757e+00
1.0690e-01 4.0263e+00
1.0830e-01 3.9758e+00
1.0960e-01 3.9226e+00
1.1100e-01 3.8684e+00
1.1240e-01 3.8112e+00
1.1370e-01 3.7530e+00
1.1510e-01 3.6945e+00
1.1640e-01 3.6310e+00
1.1780e-01 3.5679e+00
1.1910e-01 3.5010e+00
1.2040e-01 3.4379e+00
1.2170e-01 3.3697e+00
1.2290e-01 3.2998e+00
1.2410e-01 3.2283e+00
1.2540e-01 3.1588e+00
1.2660e-01 3.0883e+00
1.2770e-01 3.0151e+00
1.2890e-01 2.9448e+00
1.3000e-01 2.8745e+00
1.3110e-01 2.8054e+00
1.3220e-01 2.7358e+00
1.3320e-01 2.6678e+00
1.3430e-01 2.6037e+00
1.3530e-01 2.5386e+00
1.3630e-01 2.4776e+00
1.3730e-01 2.4189e+00
1.3820e-01 2.3629e+00
1.3920e-01 2.3097e+00
1.4010e-01 2.2617e+00
1.4100e-01 2.2153e+00
1.4200e-01 2.1716e+00
1.4290e-01 2.1347e+00
1.4370e-01 2.0999e+00
1.4460e-01 2.0686e+00
1.4550e-01 2.0445e+00
1.4640e-01 2.0233e+00
1.4730e-01 2.0063e+00
1.4820e-01 1.9932e+00
1.4910e-01 1.9868e+00
1.5000e-01 1.9859e+00
1.5090e-01 1.9886e+00
1.5190e-01 1.9971e+00
1.5280e-01 2.0127e+00
1.5380e-01 2.0307e+00
1.5470e-01 2.0567e+00
1.5570e-01 2.0875e+00
1.5680e-01 2.1248e+00
1.5780e-01 2.1694e+00
1.5890e-01 2.2185e+00
1.6000e-01 2.2743e+00
1.6110e-01 2.3377e+00
1.6230e-01 2.4104e+00
1.6350e-01 2.4893e+00
1.6470e-01 2.5751e+00
1.6600e-01 2.6685e+00
1.6730e-01 2.7745e+00
1.6860e-01 2.8859e+00
1.7000e-01 3.0057e+00
1.7140e-01 3.1388e+00
1.7290e-01 3.2782e+00
1.7440e-01 3.4309e+00
1.7600e-01 3.5922e+00
1.7760e-01 3.7658e+00
1.7920e-01 3.9513e+00
1.8090e-01 4.1487e+00
1.8270e-01 4.3656e+00
1.8450e-01 4.5899e+00
1.8640e-01 4.8283e+00
1.8830e-01 5.0800e+00
1.9020e-01 5.3473e+00
1.9220e-01 5.6280e+00
1.9430e-01 5.9257e+00
1.9640e-01 6.2388e+00
1.9860e-01 6.5693e+00
2.0080e-01 6.9174e+00
2.0310e-01 7.2822e+00
2.0550e-01 7.6697e+00
2.0790e-01 8.0701e+00
2.1040e-01 8.4883e+00
2.1300e-01 8.9376e+00
2.1570e-01 9.3953e+00
2.1840e-01 9.8825e+00
2.2120e-01 1.0389e+01
2.2410e-01 1.0916e+01
2.2710e-01 1.1469e+01
2.3020e-01 1.2049e+01
2.3340e-01 1.2665e+01
2.3670e-01 1.3301e+01
2.4010e-01 1.3961e+01
2.4370e-01 1.4655e+01
2.4740e-01 1.5395e+01
2.5130e-01 1.6170e+01
2.5530e-01 1.6977e+01
2.5960e-01 1.7823e+01
2.6400e-01 1.8719e+01
2.6870e-01 1.9670e+01
2.7360e-01 2.0677e+01
2.7890e-01 2.1731e+01
2.8440e-01 2.2866e+01
2.9030e-01 2.4060e+01
2.9650e-01 2.5331e+01
3.0320e-01 2.6694e+01
3.1020e-01 2.8108e+01
3.1780e-01 2.9651e+01
3.2590e-01 3.1310e+01
3.3450e-01 3.3072e+01
3.4380e-01 3.4943e+01
3.5360e-01 3.6942e+01
3.6410e-01 3.9043e+01
3.7520e-01 4.1325e+01
3.8700e-01 4.3671e+01
3.9950e-01 4.6182e+01
4.1260e-01 4.8860e+01
4.2650e-01 5.1602e+01
4.4090e-01 5.4516e+01
4.5600e-01 5.7533e+01
4.7160e-01 6.0639e+01
4.8750e-01 6.3773e+01
5.0400e-01 6.7084e+01
5.2100e-01 7.0404e+01
5.3830e-01 7.3832e+01
5.5590e-01 7.7294e+01
5.7440e-01 8.1009e+01
5.9220e-01 8.4442e+01
6.1010e-01 8.7839e+01
6.2790e-01 9.1201e+01
6.4560e-01 9.4537e+01
6.6310e-01 9.7690e+01
6.7860e-01 1.0006e+02
6.9570e-01 1.0310e+02
7.1240e-01 1.0590e+02
7.2880e-01 1.0863e+02
7.4470e-01 1.1112e+02
7.6020e-01 1.1350e+02
7.7830e-01 1.1675e+02
7.9270e-01 1.1865e+02
8.0670e-01 1.2038e+02
8.2010e-01 1.2187e+02
8.3310e-01 1.2321e+02
8.4550e-01 1.2430e+02
8.5750e-01 1.2517e+02
8.6900e-01 1.2584e+02
8.8000e-01 1.2639e+02
8.9060e-01 1.2670e+02
9.0080e-01 1.2684e+02
9.1050e-01 1.2684e+02
9.1980e-01 1.2663e+02
9.2880e-01 1.2628e+02
9.3660e-01 1.2554e+02
9.4490e-01 1.2487e+02
9.5280e-01 1.2420e+02
9.6050e-01 1.2336e+02
9.6780e-01 1.2246e+02
9.7490e-01 1.2136e+02
9.8180e-01 1.2032e+02
9.8840e-01 1.1911e+02
9.9520e-01 1.1786e+02
1.0010e+00 1.1653e+02
1.0080e+00 1.1524e+02
1.0140e+00 1.1382e+02
1.0190e+00 1.1237e+02
1.0250e+00 1.1088e+02
1.0310e+00 1.0939e+02
1.0370e+00 1.0797e+02
1.0430e+00 1.0639e+02
1.0490e+00 1.0490e+02
1.0550e+00 1.0336e+02
1.0600e+00 1.0148e+02
1.0660e+00 9.9925e+01
1.0730e+00 9.8490e+01
1.0810e+00 9.7000e+01
1.0890e+00 9.5540e+01
1.0970e+00 9.4039e+01
1.1060e+00 9.2573e+01
1.1160e+00 9.1145e+01
1.1270e+00 8.9719e+01
1.1390e+00 8.8299e+01
1.1530e+00 8.6880e+01
1.1680e+00 8.5465e+01
1.1840e+00 8.4059e+01
1.2030e+00 8.2912e+01
1.2240e+00 8.1480e+01
1.2460e+00 8.0050e+01
1.2710e+00 7.8672e+01
1.2990e+00 7.7230e+01
1.3290e+00 7.5778e+01
1.3620e+00 7.4353e+01
1.3980e+00 7.2901e+01
1.4370e+00 7.1455e+01
1.4800e+00 7.0021e+01
1.5250e+00 6.8558e+01
1.5740e+00 6.7062e+01
1.6270e+00 6.5584e+01
1.6820e+00 6.4095e+01
1.7410e+00 6.2642e+01
1.8020e+00 6.1157e+01
1.8670e+00 5.9700e+01
1.9340e+00 5.8248e+01
2.0050e+00 5.6799e+01
2.0760e+00 5.5382e+01
2.1510e+00 5.3949e+01
2.2280e+00 5.2498e+01
2.3070e+00 5.1099e+01
2.3880e+00 4.9720e+01
2.4700e+00 4.8366e+01
2.5540e+00 4.7000e+01
2.6390e+00 4.5672e+01
2.7250e+00 4.4394e+01
2.8110e+00 4.3116e+01
2.8990e+00 4.1903e+01
2.9870e+00 4.0693e+01
3.0750e+00 3.9509e+01
3.1640e+00 3.8365e+01
3.2540e+00 3.7256e+01
3.3440e+00 3.6179e+01
3.4350e+00 3.5131e+01
3.5250e+00 3.4122e+01
3.6170e+00 3.3143e+01
3.7080e+00 3.2161e+01
3.8000e+00 3.1260e+01
3.8930e+00 3.0345e+01
3.9870e+00 2.9480e+01
4.0810e+00 2.8632e+01
4.1760e+00 2.7818e+01
4.2710e+00 2.7014e+01
4.3680e+00 2.6265e+01
4.4660e+00 2.5528e+01
4.5640e+00 2.4803e+01
4.6650e+00 2.4108e+01
4.7670e+00 2.3427e+01
4.8700e+00 2.2760e+01
4.9750e+00 2.2124e+01
5.0820e+00 2.1500e+01
5.1910e+00 2.0892e+01
5.3030e+00 2.0311e+01
5.4160e+00 1.9734e+01
5.5320e+00 1.9164e+01
5.6500e+00 1.8628e+01
5.7710e+00 1.8096e+01
5.8950e+00 1.7586e+01
6.0220e+00 1.7069e+01
6.1520e+00 1.6581e+01
6.2850e+00 1.6100e+01
6.4220e+00 1.5635e+01
6.5620e+00 1.5170e+01
6.7060e+00 1.4728e+01
6.8540e+00 1.4279e+01
7.0060e+00 1.3856e+01
7.1610e+00 1.3432e+01
7.3210e+00 1.3015e+01
7.4860e+00 1.2625e+01
7.6550e+00 1.2227e+01
7.8270e+00 1.1844e+01
8.0050e+00 1.1465e+01
8.1890e+00 1.1097e+01
8.3770e+00 1.0740e+01
8.5710e+00 1.0388e+01
8.7700e+00 1.0041e+01
8.9760e+00 9.7030e+00
9.1860e+00 9.3748e+00
9.4010e+00 9.0526e+00
9.6230e+00 8.7380e+00
9.8510e+00 8.4330e+00
1.0080e+01 8.1341e+00
1.0330e+01 7.8405e+00
1.0570e+01 7.5566e+00
1.0830e+01 7.2795e+00
1.1090e+01 7.0093e+00
1.1350e+01 6.7463e+00
1.1630e+01 6.4902e+00
1.1910e+01 6.2419e+00
1.2200e+01 5.9982e+00
1.2500e+01 5.7632e+00
1.2810e+01 5.5344e+00
1.3120e+01 5.3125e+00
1.3450e+01 5.0965e+00
1.3780e+01 4.8884e+00
1.4120e+01 4.6854e+00
1.4480e+01 4.4891e+00
1.4840e+01 4.2989e+00
1.5210e+01 4.1149e+00
1.5590e+01 3.9379e+00
1.5990e+01 3.7660e+00
1.6390e+01 3.6005e+00
1.6810e+01 3.4400e+00
1.7240e+01 3.2867e+00
1.7680e+01 3.1379e+00
1.8140e+01 2.9945e+00
1.8610e+01 2.8569e+00
1.9090e+01 2.7229e+00
1.9590e+01 2.5973e+00
2.0100e+01 2.4741e+00
2.0630e+01 2.3559e+00
2.1180e+01 2.2412e+00
2.1740e+01 2.1342e+00
2.2320e+01 2.0298e+00
2.2920e+01 1.9291e+00
2.3540e+01 1.8333e+00
2.4180e+01 1.7420e+00
2.4840e+01 1.6545e+00
2.5520e+01 1.5711e+00
2.6230e+01 1.4907e+00
2.6960e+01 1.4139e+00
2.7710e+01 1.3403e+00
2.8490e+01 1.2708e+00
2.9290e+01 1.2036e+00
3.0130e+01 1.1398e+00
3.0990e+01 1.0794e+00
3.1890e+01 1.0217e+00
3.2820e+01 9.6623e-01
3.3780e+01 9.1423e-01
3.4770e+01 8.6387e-01
3.5800e+01 8.1668e-01
3.6870e+01 7.7121e-01
3.7980e+01 7.2840e-01
3.9140e+01 6.8801e-01
4.0330e+01 6.4885e-01
4.1580e+01 6.1190e-01
4.2870e+01 5.7729e-01
4.4210e+01 5.4418e-01
4.5610e+01 5.1280e-01
4.7060e+01 4.8286e-01
4.8570e+01 4.5470e-01
5.0150e+01 4.2791e-01
5.1790e+01 4.0261e-01
5.3500e+01 3.7870e-01
5.5280e+01 3.5596e-01
5.7140e+01 3.3444e-01
5.9090e+01 3.1416e-01
6.1110e+01 2.9490e-01
6.3240e+01 2.7670e-01
6.5460e+01 2.5950e-01
6.7780e+01 2.4329e-01
7.0210e+01 2.2798e-01
7.2760e+01 2.1343e-01
7.5440e+01 1.9980e-01
7.8250e+01 1.8687e-01
