5.0430e-02 3.7976e+07
5.0840e-02 3.7155e+07
5.1250e-02 3.6317e+07
5.1670e-02 3.5523e+07
5.2110e-02 3.4735e+07
5.2560e-02 3.3990e+07
5.3010e-02 3.3259e+07
5.3480e-02 3.2522e+07
5.3960e-02 3.1815e+07
5.4460e-02 3.1137e+07
5.4970e-02 3.0469e+07
5.5490e-02 2.9806e+07
5.6030e-02 2.9157e+07
5.6580e-02 2.8546e+07
5.7140e-02 2.7916e+07
5.7730e-02 2.7320e+07
5.8320e-02 2.6738e+07
5.8940e-02 2.6177e+07
5.9570e-02 2.5613e+07
6.0220e-02 2.5081e+07
6.0880e-02 2.4555e+07
6.1570e-02 2.4034e+07
6.2270e-02 2.3528e+07
6.2990e-02 2.3033e+07
6.3720e-02 2.2564e+07
6.4480e-02 2.2086e+07
6.5250e-02 2.1626e+07
6.6050e-02 2.1185e+07
6.6860e-02 2.0745e+07
6.7690e-02 2.0316e+07
6.8540e-02 1.9891e+07
6.9410e-02 1.9477e+07
7.0300e-02 1.9077e+07
7.1200e-02 1.8681e+07
7.2130e-02 1.8299e+07
7.3080e-02 1.7916e+07
7.4040e-02 1.7547e+07
7.5020e-02 1.7181e+07
7.6030e-02 1.6833e+07
7.7050e-02 1.6477e+07
7.8090e-02 1.6131e+07
7.9150e-02 1.5800e+07
8.0240e-02 1.5482e+07
8.1340e-02 1.5155e+07
8.2460e-02 1.4837e+07
8.3590e-02 1.4523e+07
8.4750e-02 1.4218e+07
8.5930e-02 1.3919e+07
8.7120e-02 1.3626e+07
8.8340e-02 1.3336e+07
8.9570e-02 1.3054e+07
9.0820e-02 1.2776e+07
9.2090e-02 1.2500e+07
9.3370e-02 1.2232e+07
9.4670e-02 1.1972e+07
9.5980e-02 1.1721e+07
9.7310e-02 1.1472e+07
9.8650e-02 1.1218e+07
1.0000e-01 1.0983e+07
1.0140e-01 1.0738e+07
1.0270e-01 1.0508e+07
1.0410e-01 1.0282e+07
1.0550e-01 1.0061e+07
1.0690e-01 9.8390e+06
1.0830e-01 9.6236e+06
1.0960e-01 9.4145e+06
1.1100e-01 9.2066e+06
1.1240e-01 9.0002e+06
1.1370e-01 8.7997e+06
1.1510e-01 8.6064e+06
1.1640e-01 8.4126e+06
1.1780e-01 8.2231e+06
1.1910e-01 8.0359e+06
1.2040e-01 7.8592e+06
1.2170e-01 7.6804e+06
1.2290e-01 7.5034e+06
1.2410e-01 7.3238e+06
1.2540e-01 7.1557e+06
1.2660e-01 6.9888e+06
1.2770e-01 6.8221e+06
1.2890e-01 6.6595e+06
1.3000e-01 6.4993e+06
1.3110e-01 6.3446e+06
1.3220e-01 6.1883e+06
1.3320e-01 6.0346e+06
1.3430e-01 5.8887e+06
1.3530e-01 5.7374e+06
1.3630e-01 5.5933e+06
1.3730e-01 5.4498e+06
1.3820e-01 5.3117e+06
1.3920e-01 5.1723e+06
1.4010e-01 5.0423e+06
1.4100e-01 4.9099e+06
1.4200e-01 4.7780e+06
1.4290e-01 4.6521e+06
1.4370e-01 4.5271e+06
1.4460e-01 4.4030e+06
1.4550e-01 4.2870e+06
1.4640e-01 4.1701e+06
1.4730e-01 4.0562e+06
1.4820e-01 3.9419e+06
1.4910e-01 3.8361e+06
1.5000e-01 3.7296e+06
1.5090e-01 3.6250e+06
1.5190e-01 3.5238e+06
1.5280e-01 3.4258e+06
1.5380e-01 3.3255e+06
1.5470e-01 3.2333e+06
1.5570e-01 3.1406e+06
1.5680e-01 3.0533e+06
1.5780e-01 2.9651e+06
1.5890e-01 2.8802e+06
1.6000e-01 2.7973e+06
1.6110e-01 2.7163e+06
1.6230e-01 2.6399e+06
1.6350e-01 2.5638e+06
1.6470e-01 2.4897e+06
1.6600e-01 2.4179e+06
1.6730e-01 2.3510e+06
1.6860e-01 2.2823e+06
1.7000e-01 2.2155e+06
1.7140e-01 2.1542e+06
1.7290e-01 2.0916e+06
1.7440e-01 2.0310e+06
1.7600e-01 1.9731e+06
1.7760e-01 1.9168e+06
1.7920e-01 1.8617e+06
1.8090e-01 1.8091e+06
1.8270e-01 1.7581e+06
1.8450e-01 1.7082e+06
1.8640e-01 1.6598e+06
1.8830e-01 1.6127e+06
1.9020e-01 1.5665e+06
1.9220e-01 1.5224e+06
1.9430e-01 1.4798e+06
1.9640e-01 1.4376e+06
1.9860e-01 1.3969e+06
2.0080e-01 1.3582e+06
2.0310e-01 1.3198e+06
2.0550e-01 1.2828e+06
2.0790e-01 1.2468e+06
2.1040e-01 1.2116e+06
2.1300e-01 1.1791e+06
2.1570e-01 1.1460e+06
2.1840e-01 1.1142e+06
2.2120e-01 1.0835e+06
2.2410e-01 1.0541e+06
2.2710e-01 1.0250e+06
2.3020e-01 9.9763e+05
2.3340e-01 9.7066e+05
2.3670e-01 9.4479e+05
2.4010e-01 9.1883e+05
2.4370e-01 8.9444e+05
2.4740e-01 8.7123e+05
2.5130e-01 8.4863e+05
2.5530e-01 8.2694e+05
2.5960e-01 8.0589e+05
2.6400e-01 7.8541e+05
2.6870e-01 7.6640e+05
2.7360e-01 7.4848e+05
2.7890e-01 7.3071e+05
2.8440e-01 7.1451e+05
2.9030e-01 6.9893e+05
2.9650e-01 6.8398e+05
3.0320e-01 6.7050e+05
3.1020e-01 6.5774e+05
3.1780e-01 6.4598e+05
3.2590e-01 6.3569e+05
3.3450e-01 6.2659e+05
3.4380e-01 6.1844e+05
3.5360e-01 6.1118e+05
3.6410e-01 6.0525e+05
3.7520e-01 6.0076e+05
3.8700e-01 5.9734e+05
3.9950e-01 5.9468e+05
4.1260e-01 5.9385e+05
4.2650e-01 5.9372e+05
4.4090e-01 5.9472e+05
4.5600e-01 5.9678e+05
4.7160e-01 6.0009e+05
4.8750e-01 6.0366e+05
5.0400e-01 6.0894e+05
5.2100e-01 6.1427e+05
5.3830e-01 6.2055e+05
5.5590e-01 6.2740e+05
5.7440e-01 6.3585e+05
5.9220e-01 6.4342e+05
6.1010e-01 6.5115e+05
6.2790e-01 6.5871e+05
6.4560e-01 6.6677e+05
6.6310e-01 6.7396e+05
6.7860e-01 6.7815e+05
6.9570e-01 6.8507e+05
7.1240e-01 6.9159e+05
7.2880e-01 6.9761e+05
7.4470e-01 7.0277e+05
7.6020e-01 7.0762e+05
7.7830e-01 7.1711e+05
7.9270e-01 7.1978e+05
8.0670e-01 7.2193e+05
8.2010e-01 7.2331e+05
8.3310e-01 7.2369e+05
8.4550e-01 7.2309e+05
8.5750e-01 7.2180e+05
8.6900e-01 7.1967e+05
8.8000e-01 7.1666e+05
8.9060e-01 7.1301e+05
9.0080e-01 7.0869e+05
9.1050e-01 7.0374e+05
9.1980e-01 6.9775e+05
9.2880e-01 6.9128e+05
9.3660e-01 6.8314e+05
9.4490e-01 6.7544e+05
9.5280e-01 6.6766e+05
9.6050e-01 6.5927e+05
9.6780e-01 6.5071e+05
9.7490e-01 6.4122e+05
9.8180e-01 6.3213e+05
9.8840e-01 6.2238e+05
9.9520e-01 6.1254e+05
1.0010e+00 6.0241e+05
1.0080e+00 5.9269e+05
1.0140e+00 5.8213e+05
1.0190e+00 5.7180e+05
1.0250e+00 5.6143e+05
1.0310e+00 5.5101e+05
1.0370e+00 5.4120e+05
1.0430e+00 5.3074e+05
1.0490e+00 5.2046e+05
1.0550e+00 5.1025e+05
1.0600e+00 4.9901e+05
1.0660e+00 4.8896e+05
1.0730e+00 4.8016e+05
1.0810e+00 4.7138e+05
1.0890e+00 4.6206e+05
1.0970e+00 4.5271e+05
1.1060e+00 4.4462e+05
1.1160e+00 4.3724e+05
1.1270e+00 4.3035e+05
1.1390e+00 4.2182e+05
1.1530e+00 4.1441e+05
1.1680e+00 4.0684e+05
1.1840e+00 4.0205e+05
1.2030e+00 3.9756e+05
1.2240e+00 3.9213e+05
1.2460e+00 3.8706e+05
1.2710e+00 3.8140e+05
1.2990e+00 3.7728e+05
1.3290e+00 3.7560e+05
1.3620e+00 3.7246e+05
1.3980e+00 3.6518e+05
1.4370e+00 3.6852e+05
1.4800e+00 3.6388e+05
1.5250e+00 3.5881e+05
1.5740e+00 3.6186e+05
1.6270e+00 3.5898e+05
1.6820e+00 3.5856e+05
1.7410e+00 3.5715e+05
1.8020e+00 3.5620e+05
1.8670e+00 3.5396e+05
1.9340e+00 3.5660e+05
2.0050e+00 3.5615e+05
2.0760e+00 3.5385e+05
2.1510e+00 3.5532e+05
2.2280e+00 3.5438e+05
2.3070e+00 3.5364e+05
2.3880e+00 3.5371e+05
2.4700e+00 3.5365e+05
2.5540e+00 3.5315e+05
2.6390e+00 3.5194e+05
2.7250e+00 3.5151e+05
2.8110e+00 3.5046e+05
2.8990e+00 3.4927e+05
2.9870e+00 3.4780e+05
3.0750e+00 3.4627e+05
3.1640e+00 3.4487e+05
3.2540e+00 3.4350e+05
3.3440e+00 3.4158e+05
3.4350e+00 3.3984e+05
3.5250e+00 3.3793e+05
3.6170e+00 3.3582e+05
3.7080e+00 3.3336e+05
3.8000e+00 3.3138e+05
3.8930e+00 3.2879e+05
3.9870e+00 3.2648e+05
4.0810e+00 3.2386e+05
4.1760e+00 3.2135e+05
4.2710e+00 3.1860e+05
4.3680e+00 3.1619e+05
4.4660e+00 3.1362e+05
4.5640e+00 3.1090e+05
4.6650e+00 3.0831e+05
4.7670e+00 3.0558e+05
4.8700e+00 3.0273e+05
4.9750e+00 3.0030e+05
5.0820e+00 2.9752e+05
5.1910e+00 2.9498e+05
5.3030e+00 2.9230e+05
5.4160e+00 2.8972e+05
5.5320e+00 2.8705e+05
5.6500e+00 2.8435e+05
5.7710e+00 2.8204e+05
5.8950e+00 2.7939e+05
6.0220e+00 2.7690e+05
6.1520e+00 2.7444e+05
6.2850e+00 2.7193e+05
6.4220e+00 2.6970e+05
6.5620e+00 2.6709e+05
6.7060e+00 2.6489e+05
6.8540e+00 2.6244e+05
7.0060e+00 2.6002e+05
7.1610e+00 2.5766e+05
7.3210e+00 2.5523e+05
7.4860e+00 2.5315e+05
7.6550e+00 2.5077e+05
7.8270e+00 2.4844e+05
8.0050e+00 2.4609e+05
8.1890e+00 2.4379e+05
8.3770e+00 2.4157e+05
8.5710e+00 2.3914e+05
8.7700e+00 2.3680e+05
8.9760e+00 2.3451e+05
9.1860e+00 2.3226e+05
9.4010e+00 2.2983e+05
9.6230e+00 2.2736e+05
9.8510e+00 2.2499e+05
1.0080e+01 2.2259e+05
1.0330e+01 2.2017e+05
1.0570e+01 2.1779e+05
1.0830e+01 2.1528e+05
1.1090e+01 2.1278e+05
1.1350e+01 2.1031e+05
1.1630e+01 2.0782e+05
1.1910e+01 2.0527e+05
1.2200e+01 2.0268e+05
1.2500e+01 2.0016e+05
1.2810e+01 1.9750e+05
1.3120e+01 1.9487e+05
1.3450e+01 1.9228e+05
1.3780e+01 1.8960e+05
1.4120e+01 1.8695e+05
1.4480e+01 1.8420e+05
1.4840e+01 1.8148e+05
1.5210e+01 1.7880e+05
1.5590e+01 1.7608e+05
1.5990e+01 1.7336e+05
1.6390e+01 1.7059e+05
1.6810e+01 1.6786e+05
1.7240e+01 1.6508e+05
1.7680e+01 1.6233e+05
1.8140e+01 1.5961e+05
1.8610e+01 1.5683e+05
1.9090e+01 1.5404e+05
1.9590e+01 1.5140e+05
2.0100e+01 1.4858e+05
2.0630e+01 1.4587e+05
2.1180e+01 1.4302e+05
2.1740e+01 1.4037e+05
2.2320e+01 1.3764e+05
2.2920e+01 1.3489e+05
2.3540e+01 1.3218e+05
2.4180e+01 1.2957e+05
2.4840e+01 1.2689e+05
2.5520e+01 1.2425e+05
2.6230e+01 1.2164e+05
2.6960e+01 1.1905e+05
2.7710e+01 1.1645e+05
2.8490e+01 1.1388e+05
2.9290e+01 1.1131e+05
3.0130e+01 1.0885e+05
3.0990e+01 1.0641e+05
3.1890e+01 1.0390e+05
3.2820e+01 1.0149e+05
3.3780e+01 9.9078e+04
3.4770e+01 9.6710e+04
3.5800e+01 9.4384e+04
3.6870e+01 9.2076e+04
3.7980e+01 8.9787e+04
3.9140e+01 8.7551e+04
4.0330e+01 8.5355e+04
4.1580e+01 8.3153e+04
4.2870e+01 8.0980e+04
4.4210e+01 7.8844e+04
4.5610e+01 7.6785e+04
4.7060e+01 7.4768e+04
4.8570e+01 7.2744e+04
5.0150e+01 7.0726e+04
5.1790e+01 6.8767e+04
5.3500e+01 6.6865e+04
5.5280e+01 6.4958e+04
5.7140e+01 6.3096e+04
5.9090e+01 6.1293e+04
6.1110e+01 5.9480e+04
6.3240e+01 5.7752e+04
6.5460e+01 5.5998e+04
6.7780e+01 5.4329e+04
7.0210e+01 5.2660e+04
7.2760e+01 5.1019e+04
7.5440e+01 4.9409e+04
7.8250e+01 4.7817e+04
