7.9670e-02 2.0051e+05
8.9030e-02 1.7854e+05
9.9460e-02 1.5887e+05
1.1190e-01 1.4176e+05
1.2530e-01 1.2763e+05
1.4180e-01 1.1570e+05
1.6250e-01 1.0720e+05
1.8790e-01 1.0235e+05
2.1980e-01 1.0216e+05
2.5920e-01 1.0727e+05
3.0650e-01 1.1851e+05
3.6010e-01 1.3594e+05
4.1840e-01 1.5918e+05
4.7900e-01 1.8737e+05
5.4020e-01 2.1941e+05
6.0020e-01 2.5341e+05
6.5870e-01 2.8878e+05
7.1630e-01 3.2484e+05
7.7260e-01 3.6060e+05
8.2910e-01 3.9651e+05
8.8670e-01 4.3318e+05
9.4660e-01 4.7161e+05
1.0100e+00 5.1241e+05
1.0770e+00 5.5643e+05
1.5300e+00 1.2716e+06
1.5850e+00 1.2749e+06
1.6480e+00 1.2900e+06
1.7200e+00 1.3173e+06
1.8010e+00 1.3584e+06
1.8940e+00 1.4146e+06
1.9970e+00 1.4866e+06
2.1130e+00 1.5757e+06
2.2400e+00 1.6828e+06
2.3790e+00 1.8081e+06
2.5320e+00 1.9539e+06
2.6900e+00 2.1063e+06
2.8690e+00 2.2946e+06
3.0620e+00 2.5056e+06
3.2660e+00 2.7361e+06
3.4790e+00 2.9797e+06
3.6970e+00 3.2209e+06
3.9140e+00 3.4550e+06
4.1260e+00 3.6587e+06
4.3280e+00 3.8247e+06
4.5190e+00 3.9405e+06
4.6980e+00 4.0091e+06
4.8630e+00 4.0230e+06
5.0170e+00 3.9975e+06
5.1610e+00 3.9353e+06
5.2970e+00 3.8430e+06
5.4260e+00 3.7328e+06
5.5520e+00 3.6059e+06
5.6750e+00 3.4695e+06
5.7970e+00 3.3306e+06
5.9190e+00 3.1885e+06
6.0430e+00 3.0468e+06
6.1690e+00 2.9066e+06
6.2990e+00 2.7688e+06
6.4320e+00 2.6345e+06
6.5700e+00 2.5039e+06
6.7130e+00 2.3781e+06
6.8620e+00 2.2573e+06
7.0170e+00 2.1386e+06
7.1790e+00 2.0260e+06
7.3480e+00 1.9170e+06
7.5270e+00 1.8139e+06
7.7140e+00 1.7153e+06
7.9130e+00 1.6212e+06
8.1250e+00 1.5308e+06
8.3510e+00 1.4455e+06
8.5930e+00 1.3642e+06
8.8550e+00 1.2865e+06
9.1380e+00 1.2133e+06
9.4480e+00 1.1432e+06
9.7870e+00 1.0763e+06
1.0160e+01 1.0125e+06
1.0580e+01 9.5124e+05
1.1040e+01 8.9242e+05
1.1550e+01 8.3589e+05
1.2130e+01 7.8148e+05
1.2780e+01 7.2905e+05
1.3520e+01 6.7854e+05
1.4370e+01 6.2999e+05
1.5320e+01 5.8331e+05
1.6420e+01 5.3883e+05
1.7670e+01 4.9636e+05
1.9110e+01 4.5592e+05
2.0760e+01 4.1777e+05
2.2650e+01 3.8182e+05
2.4820e+01 3.4796e+05
2.7300e+01 3.1666e+05
3.0160e+01 2.8750e+05
3.3440e+01 2.6062e+05
3.7210e+01 2.3570e+05
4.1580e+01 2.1288e+05
4.6650e+01 1.9181e+05
5.2570e+01 1.7247e+05
5.9520e+01 1.5474e+05
6.7770e+01 1.3840e+05
7.7640e+01 1.2331e+05
