7.9670e-02 0.0000e+00
8.9030e-02 0.0000e+00
9.9460e-02 0.0000e+00
1.1190e-01 0.0000e+00
1.2530e-01 0.0000e+00
1.4180e-01 0.0000e+00
1.6250e-01 4.0500e-10
1.8790e-01 8.6783e-10
2.1980e-01 1.8578e-09
2.5920e-01 4.1591e-09
3.0650e-01 4.6992e-07
3.6010e-01 1.0387e-06
4.1840e-01 2.4646e-06
4.7900e-01 6.3506e-06
5.4020e-01 1.9959e-05
6.0020e-01 5.6240e-05
6.5870e-01 1.6896e-04
7.1630e-01 5.5084e-04
7.7260e-01 1.8716e-03
8.2910e-01 6.3313e-03
8.8670e-01 2.0470e-02
9.4660e-01 6.1765e-02
1.0100e+00 1.7229e-01
1.0770e+00 4.4458e-01
1.5300e+00 1.3771e+02
1.5850e+00 1.2837e+02
1.6480e+00 1.2126e+02
1.7200e+00 1.1729e+02
1.8010e+00 1.1790e+02
1.8940e+00 1.2527e+02
1.9970e+00 1.4185e+02
2.1130e+00 1.7074e+02
2.2400e+00 2.1501e+02
2.3790e+00 2.7704e+02
2.5320e+00 3.5830e+02
2.6900e+00 4.5151e+02
2.8690e+00 5.6772e+02
3.0620e+00 6.9615e+02
3.2660e+00 8.3024e+02
3.4790e+00 9.6145e+02
3.6970e+00 1.0802e+03
3.9140e+00 1.1815e+03
4.1260e+00 1.2572e+03
4.3280e+00 1.3062e+03
4.5190e+00 1.3269e+03
4.6980e+00 1.3227e+03
4.8630e+00 1.2979e+03
5.0170e+00 1.2570e+03
5.1610e+00 1.2046e+03
5.2970e+00 1.1438e+03
5.4260e+00 1.0798e+03
5.5520e+00 1.0130e+03
5.6750e+00 9.4666e+02
5.7970e+00 8.8141e+02
5.9190e+00 8.1833e+02
6.0430e+00 7.5797e+02
6.1690e+00 7.0014e+02
6.2990e+00 6.4554e+02
6.4320e+00 5.9396e+02
6.5700e+00 5.4548e+02
6.7130e+00 5.0024e+02
6.8620e+00 4.5813e+02
7.0170e+00 4.1872e+02
7.1790e+00 3.8252e+02
7.3480e+00 3.4872e+02
7.5270e+00 3.1784e+02
7.7140e+00 2.8952e+02
7.9130e+00 2.6344e+02
8.1250e+00 2.3951e+02
8.3510e+00 2.1750e+02
8.5930e+00 1.9737e+02
8.8550e+00 1.7885e+02
9.1380e+00 1.6183e+02
9.4480e+00 1.4616e+02
9.7870e+00 1.3173e+02
1.0160e+01 1.1843e+02
1.0580e+01 1.0617e+02
1.1040e+01 9.4916e+01
1.1550e+01 8.4538e+01
1.2130e+01 7.5070e+01
1.2780e+01 6.6391e+01
1.3520e+01 5.8500e+01
1.4370e+01 5.1343e+01
1.5320e+01 4.4909e+01
1.6420e+01 3.9143e+01
1.7670e+01 3.4003e+01
1.9110e+01 2.9446e+01
2.0760e+01 2.5445e+01
2.2650e+01 2.1929e+01
2.4820e+01 1.8867e+01
2.7300e+01 1.6232e+01
3.0160e+01 1.3943e+01
3.3440e+01 1.1984e+01
3.7210e+01 1.0300e+01
4.1580e+01 8.8626e+00
4.6650e+01 7.6292e+00
5.2570e+01 6.5686e+00
5.9520e+01 5.6660e+00
6.7770e+01 4.8885e+00
7.7640e+01 4.2205e+00
