7.9670e-02 0.0000e+00
8.9030e-02 0.0000e+00
9.9460e-02 0.0000e+00
1.1190e-01 0.0000e+00
1.2530e-01 0.0000e+00
1.4180e-01 0.0000e+00
1.6250e-01 0.0000e+00
1.8790e-01 0.0000e+00
2.1980e-01 0.0000e+00
2.5920e-01 0.0000e+00
3.0650e-01 6.4707e-09
3.6010e-01 1.4095e-08
4.1840e-01 3.2763e-08
4.7900e-01 8.3595e-08
5.4020e-01 2.8290e-07
6.0020e-01 8.0533e-07
6.5870e-01 2.4495e-06
7.1630e-01 8.1830e-06
7.7260e-01 2.8474e-05
8.2910e-01 9.9907e-05
8.8670e-01 3.3883e-04
9.4660e-01 1.0842e-03
1.0100e+00 3.2474e-03
1.0770e+00 9.0961e-03
1.5300e+00 1.5895e+01
1.5850e+00 1.4690e+01
1.6480e+00 1.3609e+01
1.7200e+00 1.2692e+01
1.8010e+00 1.2004e+01
1.8940e+00 1.1654e+01
1.9970e+00 1.1788e+01
2.1130e+00 1.2597e+01
2.2400e+00 1.4309e+01
2.3790e+00 1.7132e+01
2.5320e+00 2.1297e+01
2.6900e+00 2.6514e+01
2.8690e+00 3.3642e+01
3.0620e+00 4.2219e+01
3.2660e+00 5.1992e+01
3.4790e+00 6.2549e+01
3.6970e+00 7.3221e+01
3.9140e+00 8.3529e+01
4.1260e+00 9.2727e+01
4.3280e+00 1.0040e+02
4.5190e+00 1.0605e+02
4.6980e+00 1.0971e+02
4.8630e+00 1.1142e+02
5.0170e+00 1.1145e+02
5.1610e+00 1.1005e+02
5.2970e+00 1.0748e+02
5.4260e+00 1.0413e+02
5.5520e+00 1.0014e+02
5.6750e+00 9.5773e+01
5.7970e+00 9.1161e+01
5.9190e+00 8.6441e+01
6.0430e+00 8.1703e+01
6.1690e+00 7.6972e+01
6.2990e+00 7.2336e+01
6.4320e+00 6.7824e+01
6.5700e+00 6.3441e+01
6.7130e+00 5.9241e+01
6.8620e+00 5.5232e+01
7.0170e+00 5.1380e+01
7.1790e+00 4.7747e+01
7.3480e+00 4.4291e+01
7.5270e+00 4.1055e+01
7.7140e+00 3.8035e+01
7.9130e+00 3.5198e+01
8.1250e+00 3.2535e+01
8.3510e+00 3.0058e+01
8.5930e+00 2.7748e+01
8.8550e+00 2.5587e+01
9.1380e+00 2.3575e+01
9.4480e+00 2.1700e+01
9.7870e+00 1.9940e+01
1.0160e+01 1.8294e+01
1.0580e+01 1.6752e+01
1.1040e+01 1.5305e+01
1.1550e+01 1.3946e+01
1.2130e+01 1.2676e+01
1.2780e+01 1.1487e+01
1.3520e+01 1.0379e+01
1.4370e+01 9.3468e+00
1.5320e+01 8.3932e+00
1.6420e+01 7.5159e+00
1.7670e+01 6.7098e+00
1.9110e+01 5.9742e+00
2.0760e+01 5.3095e+00
2.2650e+01 4.7082e+00
2.4820e+01 4.1670e+00
2.7300e+01 3.6867e+00
3.0160e+01 3.2570e+00
3.3440e+01 2.8768e+00
3.7210e+01 2.5388e+00
4.1580e+01 2.2402e+00
4.6650e+01 1.9760e+00
5.2570e+01 1.7415e+00
5.9520e+01 1.5330e+00
6.7770e+01 1.3476e+00
7.7640e+01 1.1822e+00
