7.9670e-02 1.4419e+07
8.9030e-02 1.4030e+07
9.9460e-02 1.3655e+07
1.1190e-01 1.3399e+07
1.2530e-01 1.3152e+07
1.4180e-01 1.2996e+07
1.6250e-01 1.3016e+07
1.8790e-01 1.3175e+07
2.1980e-01 1.3558e+07
2.5920e-01 1.4174e+07
3.0650e-01 1.5051e+07
3.6010e-01 1.6104e+07
4.1840e-01 1.7277e+07
4.7900e-01 1.8496e+07
5.4020e-01 1.9668e+07
6.0020e-01 2.0678e+07
6.5870e-01 2.1509e+07
7.1630e-01 2.2148e+07
7.7260e-01 2.2536e+07
8.2910e-01 2.2718e+07
8.8670e-01 2.2742e+07
9.4660e-01 2.2618e+07
1.0100e+00 2.2386e+07
1.0770e+00 2.2057e+07
1.5300e+00 2.5121e+07
1.5850e+00 2.4303e+07
1.6480e+00 2.3531e+07
1.7200e+00 2.2816e+07
1.8010e+00 2.2161e+07
1.8940e+00 2.1563e+07
1.9970e+00 2.1010e+07
2.1130e+00 2.0508e+07
2.2400e+00 2.0048e+07
2.3790e+00 1.9616e+07
2.5320e+00 1.9209e+07
2.6900e+00 1.8782e+07
2.8690e+00 1.8420e+07
3.0620e+00 1.8074e+07
3.2660e+00 1.7736e+07
3.4790e+00 1.7393e+07
3.6970e+00 1.7001e+07
3.9140e+00 1.6589e+07
4.1260e+00 1.6110e+07
4.3280e+00 1.5574e+07
4.5190e+00 1.4954e+07
4.6980e+00 1.4280e+07
4.8630e+00 1.3560e+07
5.0170e+00 1.2818e+07
5.1610e+00 1.2064e+07
5.2970e+00 1.1310e+07
5.4260e+00 1.0576e+07
5.5520e+00 9.8649e+06
5.6750e+00 9.1849e+06
5.7970e+00 8.5366e+06
5.9190e+00 7.9250e+06
6.0430e+00 7.3510e+06
6.1690e+00 6.8086e+06
6.2990e+00 6.3018e+06
6.4320e+00 5.8283e+06
6.5700e+00 5.3853e+06
6.7130e+00 4.9736e+06
6.8620e+00 4.5926e+06
7.0170e+00 4.2346e+06
7.1790e+00 3.9058e+06
7.3480e+00 3.5979e+06
7.5270e+00 3.3158e+06
7.7140e+00 3.0551e+06
7.9130e+00 2.8138e+06
8.1250e+00 2.5899e+06
8.3510e+00 2.3834e+06
8.5930e+00 2.1933e+06
8.8550e+00 2.0167e+06
9.1380e+00 1.8541e+06
9.4480e+00 1.7031e+06
9.7870e+00 1.5634e+06
1.0160e+01 1.4339e+06
1.0580e+01 1.3137e+06
1.1040e+01 1.2015e+06
1.1550e+01 1.0977e+06
1.2130e+01 1.0009e+06
1.2780e+01 9.1072e+05
1.3520e+01 8.2729e+05
1.4370e+01 7.4961e+05
1.5320e+01 6.7780e+05
1.6420e+01 6.1148e+05
1.7670e+01 5.5055e+05
1.9110e+01 4.9446e+05
2.0760e+01 4.4319e+05
2.2650e+01 3.9647e+05
2.4820e+01 3.5387e+05
2.7300e+01 3.1557e+05
3.0160e+01 2.8078e+05
3.3440e+01 2.4956e+05
3.7210e+01 2.2138e+05
4.1580e+01 1.9613e+05
4.6650e+01 1.7349e+05
5.2570e+01 1.5312e+05
5.9520e+01 1.3486e+05
6.7770e+01 1.1848e+05
7.7640e+01 1.0370e+05
