7.9670e-02 4.7090e+06
8.9030e-02 4.5553e+06
9.9460e-02 4.4041e+06
1.1190e-01 4.2847e+06
1.2530e-01 4.1629e+06
1.4180e-01 4.0594e+06
1.6250e-01 4.0007e+06
1.8790e-01 3.9690e+06
2.1980e-01 3.9878e+06
2.5920e-01 4.0560e+06
3.0650e-01 4.1831e+06
3.6010e-01 4.3453e+06
4.1840e-01 4.5337e+06
4.7900e-01 4.7356e+06
5.4020e-01 4.9302e+06
6.0020e-01 5.0931e+06
6.5870e-01 5.2243e+06
7.1630e-01 5.3183e+06
7.7260e-01 5.3676e+06
8.2910e-01 5.3829e+06
8.8670e-01 5.3679e+06
9.4660e-01 5.3312e+06
1.0100e+00 5.2757e+06
1.0770e+00 5.2075e+06
1.5300e+00 6.0519e+06
1.5850e+00 5.8805e+06
1.6480e+00 5.7279e+06
1.7200e+00 5.5951e+06
1.8010e+00 5.4787e+06
1.8940e+00 5.3828e+06
1.9970e+00 5.3037e+06
2.1130e+00 5.2384e+06
2.2400e+00 5.1876e+06
2.3790e+00 5.1432e+06
2.5320e+00 5.1050e+06
2.6900e+00 5.0554e+06
2.8690e+00 5.0224e+06
3.0620e+00 4.9899e+06
3.2660e+00 4.9545e+06
3.4790e+00 4.9110e+06
3.6970e+00 4.8466e+06
3.9140e+00 4.7711e+06
4.1260e+00 4.6632e+06
4.3280e+00 4.5353e+06
4.5190e+00 4.3745e+06
4.6980e+00 4.1918e+06
4.8630e+00 3.9939e+06
5.0170e+00 3.7822e+06
5.1610e+00 3.5647e+06
5.2970e+00 3.3445e+06
5.4260e+00 3.1314e+06
5.5520e+00 2.9205e+06
5.6750e+00 2.7188e+06
5.7970e+00 2.5261e+06
5.9190e+00 2.3438e+06
6.0430e+00 2.1724e+06
6.1690e+00 2.0105e+06
6.2990e+00 1.8580e+06
6.4320e+00 1.7153e+06
6.5700e+00 1.5821e+06
6.7130e+00 1.4586e+06
6.8620e+00 1.3431e+06
7.0170e+00 1.2352e+06
7.1790e+00 1.1361e+06
7.3480e+00 1.0438e+06
7.5270e+00 9.5846e+05
7.7140e+00 8.7938e+05
7.9130e+00 8.0712e+05
8.1250e+00 7.3930e+05
8.3510e+00 6.7757e+05
8.5930e+00 6.2045e+05
8.8550e+00 5.6733e+05
9.1380e+00 5.1824e+05
9.4480e+00 4.7315e+05
9.7870e+00 4.3131e+05
1.0160e+01 3.9256e+05
1.0580e+01 3.5664e+05
1.1040e+01 3.2309e+05
1.1550e+01 2.9231e+05
1.2130e+01 2.6363e+05
1.2780e+01 2.3692e+05
1.3520e+01 2.1242e+05
1.4370e+01 1.8973e+05
1.5320e+01 1.6904e+05
1.6420e+01 1.5008e+05
1.7670e+01 1.3272e+05
1.9110e+01 1.1697e+05
2.0760e+01 1.0280e+05
2.2650e+01 9.0055e+04
2.4820e+01 7.8627e+04
2.7300e+01 6.8524e+04
3.0160e+01 5.9532e+04
3.3440e+01 5.1630e+04
3.7210e+01 4.4663e+04
4.1580e+01 3.8557e+04
4.6650e+01 3.3207e+04
5.2570e+01 2.8521e+04
5.9520e+01 2.4428e+04
6.7770e+01 2.0851e+04
7.7640e+01 1.7725e+04
