1.7500e+00 4.8353e+06
1.8170e+00 5.0223e+06
1.8870e+00 5.2152e+06
1.9600e+00 5.4169e+06
2.0350e+00 5.6268e+06
2.1140e+00 5.8420e+06
2.1960e+00 6.0689e+06
2.2820e+00 6.3018e+06
2.3690e+00 6.5432e+06
2.4610e+00 6.7982e+06
2.5570e+00 7.0625e+06
2.6570e+00 7.3328e+06
2.7600e+00 7.6158e+06
2.8670e+00 7.9072e+06
2.9790e+00 8.2157e+06
3.0940e+00 8.5363e+06
3.2130e+00 8.8730e+06
3.3360e+00 9.2251e+06
3.4630e+00 9.5900e+06
3.5930e+00 9.9740e+06
3.7280e+00 1.0372e+07
3.8660e+00 1.0794e+07
4.0080e+00 1.1224e+07
4.1530e+00 1.1656e+07
4.3010e+00 1.2077e+07
4.4470e+00 1.2450e+07
4.5880e+00 1.2709e+07
4.7200e+00 1.2802e+07
4.8370e+00 1.2710e+07
4.9390e+00 1.2419e+07
5.0230e+00 1.1953e+07
5.0930e+00 1.1373e+07
5.1490e+00 1.0713e+07
5.1960e+00 1.0030e+07
5.2340e+00 9.3645e+06
5.2670e+00 8.7249e+06
5.2960e+00 8.1219e+06
5.3230e+00 7.5603e+06
5.3480e+00 7.0435e+06
5.3730e+00 6.5688e+06
5.3990e+00 6.1385e+06
5.4250e+00 5.7352e+06
5.4510e+00 5.3679e+06
5.4800e+00 5.0308e+06
5.5090e+00 4.7230e+06
5.5400e+00 4.4407e+06
5.5730e+00 4.1801e+06
5.6080e+00 3.9366e+06
5.6450e+00 3.7121e+06
5.6840e+00 3.5039e+06
5.7250e+00 3.3106e+06
5.7680e+00 3.1303e+06
5.8130e+00 2.9629e+06
5.8610e+00 2.8050e+06
5.9110e+00 2.6573e+06
5.9630e+00 2.5199e+06
6.0180e+00 2.3897e+06
6.0750e+00 2.2659e+06
6.1340e+00 2.1497e+06
6.1960e+00 2.0389e+06
6.2600e+00 1.9347e+06
6.3260e+00 1.8351e+06
6.3940e+00 1.7414e+06
6.4650e+00 1.6516e+06
6.5380e+00 1.5660e+06
6.6140e+00 1.4851e+06
6.6920e+00 1.4076e+06
6.7720e+00 1.3338e+06
6.8560e+00 1.2633e+06
6.9420e+00 1.1968e+06
7.0310e+00 1.1335e+06
7.1240e+00 1.0731e+06
7.2210e+00 1.0156e+06
7.3210e+00 9.6112e+05
7.4260e+00 9.0998e+05
7.5360e+00 8.6126e+05
7.6510e+00 8.1503e+05
7.7720e+00 7.7116e+05
7.9000e+00 7.3006e+05
8.0350e+00 6.9080e+05
8.1780e+00 6.5398e+05
8.3300e+00 6.1891e+05
8.4930e+00 5.8628e+05
8.6670e+00 5.5512e+05
8.8550e+00 5.2572e+05
9.0570e+00 4.9838e+05
9.2760e+00 4.7198e+05
9.5130e+00 4.4750e+05
9.7710e+00 4.2426e+05
1.0050e+01 4.0219e+05
1.0360e+01 3.8147e+05
1.0700e+01 3.6183e+05
1.1070e+01 3.4317e+05
1.1490e+01 3.2566e+05
1.1940e+01 3.0888e+05
1.2450e+01 2.9316e+05
1.3010e+01 2.7815e+05
1.3630e+01 2.6396e+05
1.4330e+01 2.5063e+05
1.5100e+01 2.3793e+05
