7.0020e-02 2.4981e+05
7.7330e-02 2.2462e+05
8.5160e-02 2.0136e+05
9.3580e-02 1.8027e+05
1.0280e-01 1.6133e+05
1.1300e-01 1.4456e+05
1.2480e-01 1.3054e+05
1.3860e-01 1.1819e+05
1.5550e-01 1.0869e+05
1.7680e-01 1.0240e+05
2.0420e-01 1.0035e+05
2.3890e-01 1.0304e+05
2.8190e-01 1.1167e+05
3.3370e-01 1.2692e+05
3.9190e-01 1.4867e+05
4.5490e-01 1.7650e+05
5.2060e-01 2.0944e+05
5.8670e-01 2.4616e+05
6.5250e-01 2.8518e+05
7.1800e-01 3.2587e+05
7.8370e-01 3.6832e+05
8.5020e-01 4.1173e+05
9.1890e-01 4.5744e+05
9.9100e-01 5.0596e+05
1.0680e+00 5.5816e+05
1.1510e+00 6.1590e+05
1.5910e+00 1.2833e+06
1.6620e+00 1.3075e+06
1.7430e+00 1.3447e+06
1.8350e+00 1.3978e+06
1.9380e+00 1.4660e+06
2.0540e+00 1.5520e+06
2.1810e+00 1.6559e+06
2.3220e+00 1.7787e+06
2.4750e+00 1.9220e+06
2.6370e+00 2.0749e+06
2.8170e+00 2.2614e+06
3.0120e+00 2.4703e+06
3.2170e+00 2.6982e+06
3.4320e+00 2.9407e+06
3.6520e+00 3.1841e+06
3.8720e+00 3.4171e+06
4.0860e+00 3.6265e+06
4.2920e+00 3.7956e+06
4.4860e+00 3.9136e+06
4.6660e+00 3.9855e+06
4.8340e+00 4.0047e+06
4.9900e+00 3.9833e+06
5.1360e+00 3.9225e+06
5.2730e+00 3.8336e+06
5.4040e+00 3.7244e+06
5.5310e+00 3.6005e+06
5.6550e+00 3.4658e+06
5.7790e+00 3.3278e+06
5.9020e+00 3.1860e+06
6.0270e+00 3.0453e+06
6.1530e+00 2.9056e+06
6.2840e+00 2.7674e+06
6.4180e+00 2.6340e+06
6.5560e+00 2.5033e+06
6.7000e+00 2.3774e+06
6.8490e+00 2.2569e+06
7.0050e+00 2.1377e+06
7.1670e+00 2.0259e+06
7.3370e+00 1.9170e+06
7.5160e+00 1.8133e+06
7.7040e+00 1.7149e+06
7.9040e+00 1.6206e+06
8.1160e+00 1.5309e+06
8.3420e+00 1.4454e+06
8.5850e+00 1.3639e+06
8.8480e+00 1.2864e+06
9.1320e+00 1.2129e+06
9.4430e+00 1.1429e+06
9.7830e+00 1.0761e+06
1.0160e+01 1.0126e+06
1.0570e+01 9.5086e+05
1.1040e+01 8.9236e+05
1.1550e+01 8.3585e+05
1.2130e+01 7.8125e+05
1.2790e+01 7.2883e+05
1.3530e+01 6.7854e+05
1.4370e+01 6.2983e+05
1.5330e+01 5.8331e+05
1.6430e+01 5.3868e+05
1.7690e+01 4.9623e+05
1.9130e+01 4.5555e+05
2.0780e+01 4.1766e+05
2.2670e+01 3.8151e+05
2.4850e+01 3.4786e+05
2.7340e+01 3.1657e+05
3.0200e+01 2.8742e+05
3.3490e+01 2.6040e+05
3.7270e+01 2.3556e+05
4.1650e+01 2.1270e+05
4.6720e+01 1.9175e+05
5.2650e+01 1.7237e+05
5.9630e+01 1.5465e+05
6.7900e+01 1.3831e+05
7.7800e+01 1.2324e+05
