7.0020e-02 0.0000e+00
7.7330e-02 0.0000e+00
8.5160e-02 0.0000e+00
9.3580e-02 0.0000e+00
1.0280e-01 0.0000e+00
1.1300e-01 0.0000e+00
1.2480e-01 0.0000e+00
1.3860e-01 0.0000e+00
1.5550e-01 0.0000e+00
1.7680e-01 0.0000e+00
2.0420e-01 3.3822e-08
2.3890e-01 8.4957e-08
2.8190e-01 2.3922e-07
3.3370e-01 1.7466e-06
3.9190e-01 5.3126e-06
4.5490e-01 1.6991e-05
5.2060e-01 5.9622e-05
5.8670e-01 2.1293e-04
6.5250e-01 7.9796e-04
7.1800e-01 2.9930e-03
7.8370e-01 1.0722e-02
8.5020e-01 3.5406e-02
9.1890e-01 1.0718e-01
9.9100e-01 2.9700e-01
1.0680e+00 7.5684e-01
1.1510e+00 1.7841e+00
1.5910e+00 1.2855e+02
1.6620e+00 1.2259e+02
1.7430e+00 1.2102e+02
1.8350e+00 1.2577e+02
1.9380e+00 1.3939e+02
2.0540e+00 1.6495e+02
2.1810e+00 2.0566e+02
2.3220e+00 2.6414e+02
2.4750e+00 3.4211e+02
2.6370e+00 4.3353e+02
2.8170e+00 5.4810e+02
3.0120e+00 6.7537e+02
3.2170e+00 8.0875e+02
3.4320e+00 9.4087e+02
3.6520e+00 1.0617e+03
3.8720e+00 1.1646e+03
4.0860e+00 1.2441e+03
4.2920e+00 1.2954e+03
4.4860e+00 1.3177e+03
4.6660e+00 1.3166e+03
4.8340e+00 1.2933e+03
4.9900e+00 1.2540e+03
5.1360e+00 1.2027e+03
5.2730e+00 1.1429e+03
5.4040e+00 1.0792e+03
5.5310e+00 1.0129e+03
5.6550e+00 9.4669e+02
5.7790e+00 8.8190e+02
5.9020e+00 8.1891e+02
6.0270e+00 7.5823e+02
6.1530e+00 7.0057e+02
6.2840e+00 6.4592e+02
6.4180e+00 5.9428e+02
6.5560e+00 5.4582e+02
6.7000e+00 5.0060e+02
6.8490e+00 4.5847e+02
7.0050e+00 4.1899e+02
7.1670e+00 3.8271e+02
7.3370e+00 3.4898e+02
7.5160e+00 3.1809e+02
7.7040e+00 2.8971e+02
7.9040e+00 2.6357e+02
8.1160e+00 2.3963e+02
8.3420e+00 2.1762e+02
8.5850e+00 1.9744e+02
8.8480e+00 1.7887e+02
9.1320e+00 1.6186e+02
9.4430e+00 1.4619e+02
9.7830e+00 1.3176e+02
1.0160e+01 1.1848e+02
1.0570e+01 1.0620e+02
1.1040e+01 9.4911e+01
1.1550e+01 8.4559e+01
1.2130e+01 7.5047e+01
1.2790e+01 6.6369e+01
1.3530e+01 5.8480e+01
1.4370e+01 5.1312e+01
1.5330e+01 4.4892e+01
1.6430e+01 3.9117e+01
1.7690e+01 3.3980e+01
1.9130e+01 2.9418e+01
2.0780e+01 2.5416e+01
2.2670e+01 2.1907e+01
2.4850e+01 1.8852e+01
2.7340e+01 1.6211e+01
3.0200e+01 1.3932e+01
3.3490e+01 1.1970e+01
3.7270e+01 1.0287e+01
4.1650e+01 8.8460e+00
4.6720e+01 7.6164e+00
5.2650e+01 6.5618e+00
5.9630e+01 5.6599e+00
6.7900e+01 4.8831e+00
7.7800e+01 4.2156e+00
