7.0020e-02 4.3596e+05
7.7330e-02 4.4841e+05
8.5160e-02 4.5835e+05
9.3580e-02 4.6644e+05
1.0280e-01 4.7320e+05
1.1300e-01 4.7960e+05
1.2480e-01 4.8918e+05
1.3860e-01 4.9829e+05
1.5550e-01 5.1246e+05
1.7680e-01 5.3384e+05
2.0420e-01 5.6736e+05
2.3890e-01 6.1246e+05
2.8190e-01 6.7288e+05
3.3370e-01 7.5022e+05
3.9190e-01 8.3961e+05
4.5490e-01 9.3773e+05
5.2060e-01 1.0392e+06
5.8670e-01 1.1385e+06
6.5250e-01 1.2289e+06
7.1800e-01 1.3086e+06
7.8370e-01 1.3782e+06
8.5020e-01 1.4342e+06
9.1890e-01 1.4807e+06
9.9100e-01 1.5183e+06
1.0680e+00 1.5487e+06
1.1510e+00 1.5749e+06
1.5910e+00 2.0088e+06
1.6620e+00 1.9914e+06
1.7430e+00 1.9791e+06
1.8350e+00 1.9740e+06
1.9380e+00 1.9747e+06
2.0540e+00 1.9831e+06
2.1810e+00 1.9981e+06
2.3220e+00 2.0196e+06
2.4750e+00 2.0484e+06
2.6370e+00 2.0774e+06
2.8170e+00 2.1205e+06
3.0120e+00 2.1701e+06
3.2170e+00 2.2257e+06
3.4320e+00 2.2838e+06
3.6520e+00 2.3387e+06
3.8720e+00 2.3857e+06
4.0860e+00 2.4202e+06
4.2920e+00 2.4344e+06
4.4860e+00 2.4247e+06
4.6660e+00 2.3959e+06
4.8340e+00 2.3465e+06
4.9900e+00 2.2803e+06
5.1360e+00 2.2019e+06
5.2730e+00 2.1129e+06
5.4040e+00 2.0199e+06
5.5310e+00 1.9229e+06
5.6550e+00 1.8256e+06
5.7790e+00 1.7297e+06
5.9020e+00 1.6359e+06
6.0270e+00 1.5449e+06
6.1530e+00 1.4575e+06
6.2840e+00 1.3735e+06
6.4180e+00 1.2934e+06
6.5560e+00 1.2168e+06
6.7000e+00 1.1448e+06
6.8490e+00 1.0765e+06
7.0050e+00 1.0114e+06
7.1670e+00 9.5108e+05
7.3370e+00 8.9331e+05
7.5160e+00 8.3972e+05
7.7040e+00 7.8880e+05
7.9040e+00 7.4123e+05
8.1160e+00 6.9732e+05
8.3420e+00 6.5553e+05
8.5850e+00 6.1699e+05
8.8480e+00 5.8059e+05
9.1320e+00 5.4702e+05
9.4430e+00 5.1558e+05
9.7830e+00 4.8622e+05
1.0160e+01 4.5908e+05
1.0570e+01 4.3312e+05
1.1040e+01 4.0900e+05
1.1550e+01 3.8651e+05
1.2130e+01 3.6536e+05
1.2790e+01 3.4571e+05
1.3530e+01 3.2718e+05
1.4370e+01 3.0963e+05
1.5330e+01 2.9362e+05
1.6430e+01 2.7849e+05
1.7690e+01 2.6437e+05
1.9130e+01 2.5134e+05
2.0780e+01 2.3938e+05
2.2670e+01 2.2811e+05
2.4850e+01 2.1780e+05
2.7340e+01 2.0839e+05
3.0200e+01 1.9951e+05
3.3490e+01 1.9137e+05
3.7270e+01 1.8378e+05
4.1650e+01 1.7669e+05
4.6720e+01 1.7001e+05
5.2650e+01 1.6359e+05
5.9630e+01 1.5732e+05
6.7900e+01 1.5116e+05
7.7800e+01 1.4488e+05
