7.0020e-02 1.6367e+07
7.7330e-02 1.5920e+07
8.5160e-02 1.5446e+07
9.3580e-02 1.4982e+07
1.0280e-01 1.4532e+07
1.1300e-01 1.4113e+07
1.2480e-01 1.3816e+07
1.3860e-01 1.3520e+07
1.5550e-01 1.3354e+07
1.7680e-01 1.3346e+07
2.0420e-01 1.3576e+07
2.3890e-01 1.3989e+07
2.8190e-01 1.4663e+07
3.3370e-01 1.5581e+07
3.9190e-01 1.6636e+07
4.5490e-01 1.7788e+07
5.2060e-01 1.8929e+07
5.8670e-01 1.9974e+07
6.5250e-01 2.0826e+07
7.1800e-01 2.1473e+07
7.8370e-01 2.1931e+07
8.5020e-01 2.2156e+07
9.1890e-01 2.2215e+07
9.9100e-01 2.2125e+07
1.0680e+00 2.1919e+07
1.1510e+00 2.1632e+07
1.5910e+00 2.4097e+07
1.6620e+00 2.3386e+07
1.7430e+00 2.2706e+07
1.8350e+00 2.2077e+07
1.9380e+00 2.1481e+07
2.0540e+00 2.0937e+07
2.1810e+00 2.0432e+07
2.3220e+00 1.9951e+07
2.4750e+00 1.9507e+07
2.6370e+00 1.9047e+07
2.8170e+00 1.8648e+07
3.0120e+00 1.8267e+07
3.2170e+00 1.7895e+07
3.4320e+00 1.7523e+07
3.6520e+00 1.7123e+07
3.8720e+00 1.6690e+07
4.0860e+00 1.6210e+07
4.2920e+00 1.5656e+07
4.4860e+00 1.5019e+07
4.6660e+00 1.4348e+07
4.8340e+00 1.3624e+07
4.9900e+00 1.2875e+07
5.1360e+00 1.2118e+07
5.2730e+00 1.1358e+07
5.4040e+00 1.0621e+07
5.5310e+00 9.9041e+06
5.6550e+00 9.2186e+06
5.7790e+00 8.5688e+06
5.9020e+00 7.9545e+06
6.0270e+00 7.3741e+06
6.1530e+00 6.8306e+06
6.2840e+00 6.3205e+06
6.4180e+00 5.8441e+06
6.5560e+00 5.3993e+06
6.7000e+00 4.9860e+06
6.8490e+00 4.6043e+06
7.0050e+00 4.2441e+06
7.1670e+00 3.9131e+06
7.3370e+00 3.6056e+06
7.5160e+00 3.3222e+06
7.7040e+00 3.0600e+06
7.9040e+00 2.8178e+06
8.1160e+00 2.5937e+06
8.3420e+00 2.3864e+06
8.5850e+00 2.1957e+06
8.8480e+00 2.0185e+06
9.1320e+00 1.8554e+06
9.4430e+00 1.7043e+06
9.7830e+00 1.5645e+06
1.0160e+01 1.4349e+06
1.0570e+01 1.3140e+06
1.1040e+01 1.2021e+06
1.1550e+01 1.0980e+06
1.2130e+01 1.0009e+06
1.2790e+01 9.1072e+05
1.3530e+01 8.2729e+05
1.4370e+01 7.4941e+05
1.5330e+01 6.7780e+05
1.6430e+01 6.1132e+05
1.7690e+01 5.5027e+05
1.9130e+01 4.9407e+05
2.0780e+01 4.4307e+05
2.2670e+01 3.9615e+05
2.4850e+01 3.5368e+05
2.7340e+01 3.1540e+05
3.0200e+01 2.8062e+05
3.3490e+01 2.4928e+05
3.7270e+01 2.2119e+05
4.1650e+01 1.9596e+05
4.6720e+01 1.7338e+05
5.2650e+01 1.5303e+05
5.9630e+01 1.3478e+05
6.7900e+01 1.1837e+05
7.7800e+01 1.0363e+05
