7.9670e-02 4.1400e+05
8.9030e-02 4.2633e+05
9.9460e-02 4.3779e+05
1.1190e-01 4.5229e+05
1.2530e-01 4.6517e+05
1.4180e-01 4.8139e+05
1.6250e-01 5.0521e+05
1.8790e-01 5.3554e+05
2.1980e-01 5.7802e+05
2.5920e-01 6.3385e+05
3.0650e-01 7.0598e+05
3.6010e-01 7.9080e+05
4.1840e-01 8.8626e+05
4.7900e-01 9.8695e+05
5.4020e-01 1.0887e+06
6.0020e-01 1.1832e+06
6.5870e-01 1.2686e+06
7.1630e-01 1.3439e+06
7.7260e-01 1.4050e+06
8.2910e-01 1.4533e+06
8.8670e-01 1.4923e+06
9.4660e-01 1.5224e+06
1.0100e+00 1.5454e+06
1.0770e+00 1.5635e+06
1.5300e+00 2.0531e+06
1.5850e+00 2.0209e+06
1.6480e+00 1.9952e+06
1.7200e+00 1.9759e+06
1.8010e+00 1.9636e+06
1.8940e+00 1.9592e+06
1.9970e+00 1.9620e+06
2.1130e+00 1.9720e+06
2.2400e+00 1.9898e+06
2.3790e+00 2.0135e+06
2.5320e+00 2.0449e+06
2.6900e+00 2.0744e+06
2.8690e+00 2.1198e+06
3.0620e+00 2.1717e+06
3.2660e+00 2.2297e+06
3.4790e+00 2.2895e+06
3.6970e+00 2.3437e+06
3.9140e+00 2.3921e+06
4.1260e+00 2.4247e+06
4.3280e+00 2.4389e+06
4.5190e+00 2.4296e+06
4.6980e+00 2.3991e+06
4.8630e+00 2.3481e+06
5.0170e+00 2.2812e+06
5.1610e+00 2.2020e+06
5.2970e+00 2.1125e+06
5.4260e+00 2.0189e+06
5.5520e+00 1.9217e+06
5.6750e+00 1.8247e+06
5.7970e+00 1.7283e+06
5.9190e+00 1.6344e+06
6.0430e+00 1.5439e+06
6.1690e+00 1.4562e+06
6.2990e+00 1.3725e+06
6.4320e+00 1.2925e+06
6.5700e+00 1.2166e+06
6.7130e+00 1.1447e+06
6.8620e+00 1.0763e+06
7.0170e+00 1.0115e+06
7.1790e+00 9.5039e+05
7.3480e+00 8.9261e+05
7.5270e+00 8.3902e+05
7.7140e+00 7.8841e+05
7.9130e+00 7.4098e+05
8.1250e+00 6.9705e+05
8.3510e+00 6.5538e+05
8.5930e+00 6.1696e+05
8.8550e+00 5.8067e+05
9.1380e+00 5.4708e+05
9.4480e+00 5.1573e+05
9.7870e+00 4.8635e+05
1.0160e+01 4.5876e+05
1.0580e+01 4.3302e+05
1.1040e+01 4.0918e+05
1.1550e+01 3.8667e+05
1.2130e+01 3.6536e+05
1.2780e+01 3.4571e+05
1.3520e+01 3.2718e+05
1.4370e+01 3.0971e+05
1.5320e+01 2.9345e+05
1.6420e+01 2.7842e+05
1.7670e+01 2.6444e+05
1.9110e+01 2.5136e+05
2.0760e+01 2.3934e+05
2.2650e+01 2.2814e+05
2.4820e+01 2.1777e+05
2.7300e+01 2.0828e+05
3.0160e+01 1.9948e+05
3.3440e+01 1.9134e+05
3.7210e+01 1.8376e+05
4.1580e+01 1.7668e+05
4.6650e+01 1.6996e+05
5.2570e+01 1.6349e+05
5.9520e+01 1.5724e+05
6.7770e+01 1.5109e+05
7.7640e+01 1.4481e+05
