7.9670e-02 0.0000e+00
8.9030e-02 0.0000e+00
9.9460e-02 0.0000e+00
1.1190e-01 0.0000e+00
1.2530e-01 0.0000e+00
1.4180e-01 0.0000e+00
1.6250e-01 0.0000e+00
1.8790e-01 0.0000e+00
2.1980e-01 0.0000e+00
2.5920e-01 0.0000e+00
3.0650e-01 2.6885e-08
3.6010e-01 5.7948e-08
4.1840e-01 1.3065e-07
4.7900e-01 3.2558e-07
5.4020e-01 1.1847e-06
6.0020e-01 3.4067e-06
6.5870e-01 1.0497e-05
7.1630e-01 3.5292e-05
7.7260e-01 1.2538e-04
8.2910e-01 4.5125e-04
8.8670e-01 1.5626e-03
9.4660e-01 5.0299e-03
1.0100e+00 1.4827e-02
1.0770e+00 4.0024e-02
1.5300e+00 6.8649e+01
1.5850e+00 6.3569e+01
1.6480e+00 5.8902e+01
1.7200e+00 5.4748e+01
1.8010e+00 5.1231e+01
1.8940e+00 4.8575e+01
1.9970e+00 4.7037e+01
2.1130e+00 4.6902e+01
2.2400e+00 4.8648e+01
2.3790e+00 5.2693e+01
2.5320e+00 5.9674e+01
2.6900e+00 6.9376e+01
2.8690e+00 8.4078e+01
3.0620e+00 1.0369e+02
3.2660e+00 1.2860e+02
3.4790e+00 1.5855e+02
3.6970e+00 1.9237e+02
3.9140e+00 2.2882e+02
4.1260e+00 2.6535e+02
4.3280e+00 2.9982e+02
4.5190e+00 3.2975e+02
4.6980e+00 3.5403e+02
4.8630e+00 3.7207e+02
5.0170e+00 3.8346e+02
5.1610e+00 3.8909e+02
5.2970e+00 3.8945e+02
5.4260e+00 3.8549e+02
5.5520e+00 3.7783e+02
5.6750e+00 3.6768e+02
5.7970e+00 3.5519e+02
5.9190e+00 3.4136e+02
6.0430e+00 3.2658e+02
6.1690e+00 3.1084e+02
6.2990e+00 2.9490e+02
6.4320e+00 2.7873e+02
6.5700e+00 2.6261e+02
6.7130e+00 2.4668e+02
6.8620e+00 2.3106e+02
7.0170e+00 2.1585e+02
7.1790e+00 2.0120e+02
7.3480e+00 1.8709e+02
7.5270e+00 1.7363e+02
7.7140e+00 1.6099e+02
7.9130e+00 1.4896e+02
8.1250e+00 1.3759e+02
8.3510e+00 1.2686e+02
8.5930e+00 1.1685e+02
8.8550e+00 1.0748e+02
9.1380e+00 9.8687e+01
9.4480e+00 9.0449e+01
9.7870e+00 8.2701e+01
1.0160e+01 7.5433e+01
1.0580e+01 6.8620e+01
1.1040e+01 6.2215e+01
1.1550e+01 5.6179e+01
1.2130e+01 5.0540e+01
1.2780e+01 4.5235e+01
1.3520e+01 4.0323e+01
1.4370e+01 3.5723e+01
1.5320e+01 3.1503e+01
1.6420e+01 2.7648e+01
1.7670e+01 2.4127e+01
1.9110e+01 2.0949e+01
2.0760e+01 1.8113e+01
2.2650e+01 1.5582e+01
2.4820e+01 1.3342e+01
2.7300e+01 1.1393e+01
3.0160e+01 9.6954e+00
3.3440e+01 8.2283e+00
3.7210e+01 6.9677e+00
4.1580e+01 5.8950e+00
4.6650e+01 4.9766e+00
5.2570e+01 4.1961e+00
5.9520e+01 3.5340e+00
6.7770e+01 2.9730e+00
7.7640e+01 2.4967e+00
