1.0800e-01 5.5850e+07
1.0880e-01 5.4831e+07
1.0960e-01 5.3785e+07
1.1050e-01 5.2812e+07
1.1130e-01 5.1782e+07
1.1220e-01 5.0824e+07
1.1300e-01 4.9853e+07
1.1390e-01 4.8914e+07
1.1470e-01 4.8008e+07
1.1560e-01 4.7093e+07
1.1650e-01 4.6213e+07
1.1740e-01 4.5298e+07
1.1830e-01 4.4416e+07
1.1920e-01 4.3571e+07
1.2010e-01 4.2739e+07
1.2100e-01 4.1942e+07
1.2200e-01 4.1155e+07
1.2300e-01 4.0402e+07
1.2390e-01 3.9637e+07
1.2490e-01 3.8873e+07
1.2590e-01 3.8152e+07
1.2700e-01 3.7432e+07
1.2800e-01 3.6723e+07
1.2910e-01 3.6065e+07
1.3020e-01 3.5390e+07
1.3130e-01 3.4784e+07
1.3240e-01 3.4130e+07
1.3360e-01 3.3520e+07
1.3480e-01 3.2924e+07
1.3600e-01 3.2325e+07
1.3720e-01 3.1735e+07
1.3850e-01 3.1207e+07
1.3970e-01 3.0636e+07
1.4110e-01 3.0165e+07
1.4240e-01 2.9648e+07
1.4380e-01 2.9130e+07
1.4520e-01 2.8656e+07
1.4670e-01 2.8155e+07
1.4820e-01 2.7698e+07
1.4970e-01 2.7255e+07
1.5130e-01 2.6801e+07
1.5290e-01 2.6421e+07
1.5450e-01 2.6001e+07
1.5620e-01 2.5587e+07
1.5790e-01 2.5191e+07
1.5970e-01 2.4808e+07
1.6150e-01 2.4428e+07
1.6340e-01 2.4074e+07
1.6530e-01 2.3757e+07
1.6730e-01 2.3407e+07
1.6930e-01 2.3060e+07
1.7130e-01 2.2734e+07
1.7350e-01 2.2411e+07
1.7560e-01 2.2105e+07
1.7780e-01 2.1803e+07
1.8010e-01 2.1506e+07
1.8240e-01 2.1212e+07
1.8480e-01 2.0931e+07
1.8720e-01 2.0655e+07
1.8970e-01 2.0379e+07
1.9230e-01 2.0120e+07
1.9490e-01 1.9865e+07
1.9760e-01 1.9621e+07
2.0040e-01 1.9367e+07
2.0320e-01 1.9135e+07
2.0610e-01 1.8898e+07
2.0910e-01 1.8671e+07
2.1210e-01 1.8445e+07
2.1530e-01 1.8230e+07
1.1170e+00 3.0312e+08
1.1160e+00 2.9240e+08
1.1140e+00 2.8230e+08
1.1130e+00 2.7208e+08
1.1110e+00 2.6251e+08
1.1090e+00 2.5287e+08
1.1070e+00 2.4363e+08
1.1050e+00 2.3438e+08
1.1020e+00 2.2557e+08
1.1000e+00 2.1710e+08
1.0970e+00 2.0853e+08
1.0950e+00 2.0037e+08
1.0920e+00 1.9261e+08
1.0890e+00 1.8493e+08
1.0860e+00 1.7736e+08
1.0820e+00 1.7018e+08
1.0790e+00 1.6325e+08
1.0760e+00 1.5647e+08
1.0720e+00 1.4993e+08
1.0680e+00 1.4367e+08
1.0650e+00 1.3755e+08
1.0610e+00 1.3171e+08
1.0570e+00 1.2612e+08
1.0530e+00 1.2070e+08
1.0490e+00 1.1545e+08
1.0450e+00 1.1053e+08
1.0400e+00 1.0573e+08
1.0360e+00 1.0107e+08
1.0320e+00 9.6711e+07
1.0270e+00 9.2549e+07
1.0230e+00 8.8561e+07
1.0190e+00 8.4678e+07
1.0150e+00 8.1031e+07
1.0100e+00 7.7572e+07
1.0060e+00 7.4241e+07
1.0020e+00 7.1062e+07
9.9800e-01 6.8040e+07
9.9400e-01 6.5138e+07
9.9010e-01 6.2409e+07
9.8620e-01 5.9801e+07
9.8250e-01 5.7300e+07
9.7890e-01 5.4960e+07
9.7530e-01 5.2674e+07
9.7190e-01 5.0566e+07
9.6860e-01 4.8507e+07
9.6540e-01 4.6561e+07
9.6240e-01 4.4701e+07
9.5940e-01 4.2944e+07
9.5660e-01 4.1257e+07
9.5390e-01 3.9652e+07
9.5140e-01 3.8132e+07
9.4890e-01 3.6666e+07
9.4660e-01 3.5286e+07
9.4440e-01 3.3963e+07
9.4240e-01 3.2696e+07
9.4050e-01 3.1488e+07
9.3860e-01 3.0328e+07
9.3690e-01 2.9234e+07
9.3530e-01 2.8178e+07
9.3390e-01 2.7166e+07
9.3250e-01 2.6192e+07
9.3130e-01 2.5272e+07
9.3010e-01 2.4393e+07
9.2910e-01 2.3536e+07
9.2810e-01 2.2722e+07
9.2720e-01 2.1942e+07
9.2650e-01 2.1198e+07
9.2580e-01 2.0470e+07
9.2520e-01 1.9780e+07
9.2470e-01 1.9123e+07
9.2430e-01 1.8484e+07
9.2390e-01 1.7872e+07
9.2360e-01 1.7275e+07
9.2340e-01 1.6716e+07
9.2330e-01 1.6170e+07
9.2320e-01 1.5638e+07
9.2320e-01 1.5136e+07
9.2330e-01 1.4653e+07
9.2340e-01 1.4186e+07
9.2360e-01 1.3730e+07
9.2390e-01 1.3302e+07
9.2420e-01 1.2881e+07
9.2450e-01 1.2472e+07
9.2490e-01 1.2079e+07
9.2540e-01 1.1711e+07
9.2590e-01 1.1347e+07
9.2650e-01 1.0997e+07
9.2710e-01 1.0658e+07
9.2780e-01 1.0328e+07
9.2850e-01 1.0014e+07
9.2930e-01 9.7102e+06
9.3010e-01 9.4159e+06
9.3090e-01 9.1357e+06
9.3230e-01 8.8678e+06
9.3320e-01 8.6013e+06
9.3420e-01 8.3454e+06
9.3520e-01 8.0950e+06
9.3620e-01 7.8536e+06
9.3730e-01 7.6252e+06
9.3840e-01 7.3996e+06
9.3960e-01 7.1825e+06
9.4080e-01 6.9736e+06
9.4200e-01 6.7695e+06
9.4330e-01 6.5737e+06
9.4460e-01 6.3826e+06
9.4590e-01 6.2009e+06
9.4730e-01 6.0218e+06
9.4870e-01 5.8509e+06
9.5010e-01 5.6849e+06
9.5160e-01 5.5209e+06
9.5310e-01 5.3658e+06
9.5460e-01 5.2164e+06
9.5620e-01 5.0706e+06
9.5770e-01 4.9270e+06
9.5930e-01 4.7913e+06
9.6100e-01 4.6573e+06
9.6260e-01 4.5299e+06
9.6430e-01 4.4050e+06
9.6600e-01 4.2842e+06
9.6780e-01 4.1671e+06
9.6950e-01 4.0532e+06
9.7130e-01 3.9420e+06
9.7310e-01 3.8349e+06
9.7490e-01 3.7328e+06
9.7680e-01 3.6314e+06
9.7860e-01 3.5348e+06
9.8050e-01 3.4392e+06
9.8250e-01 3.3497e+06
9.8440e-01 3.2607e+06
9.8630e-01 3.1746e+06
9.8820e-01 3.0904e+06
9.9020e-01 3.0093e+06
9.9210e-01 2.9298e+06
9.9410e-01 2.8528e+06
9.9600e-01 2.7777e+06
9.9800e-01 2.7063e+06
1.0000e+00 2.6352e+06
1.0020e+00 2.5661e+06
1.0040e+00 2.5006e+06
1.0060e+00 2.4349e+06
1.0080e+00 2.3730e+06
1.0100e+00 2.3106e+06
1.0120e+00 2.2522e+06
1.0140e+00 2.1926e+06
1.0160e+00 2.1382e+06
1.0180e+00 2.0823e+06
1.0200e+00 2.0296e+06
1.0220e+00 1.9759e+06
1.0240e+00 1.9272e+06
1.0260e+00 1.8778e+06
1.0280e+00 1.8298e+06
1.0300e+00 1.7823e+06
1.0320e+00 1.7381e+06
1.0340e+00 1.6933e+06
1.0360e+00 1.6501e+06
1.0380e+00 1.6080e+06
1.0410e+00 1.5677e+06
1.0430e+00 1.5293e+06
1.0450e+00 1.4897e+06
1.0470e+00 1.4519e+06
1.0490e+00 1.4154e+06
1.0510e+00 1.3796e+06
1.0530e+00 1.3442e+06
1.0550e+00 1.3105e+06
1.0570e+00 1.2780e+06
1.0600e+00 1.2458e+06
1.0620e+00 1.2142e+06
1.0640e+00 1.1836e+06
1.0660e+00 1.1542e+06
1.0690e+00 1.1253e+06
1.0710e+00 1.0973e+06
1.0740e+00 1.0706e+06
1.0770e+00 1.0443e+06
1.0800e+00 1.0184e+06
1.0820e+00 9.9175e+05
1.0850e+00 9.6743e+05
1.0870e+00 9.4394e+05
1.0910e+00 9.2130e+05
1.0940e+00 8.9986e+05
1.0980e+00 8.7820e+05
1.1010e+00 8.5727e+05
1.1060e+00 8.3730e+05
1.1100e+00 8.1820e+05
1.1150e+00 8.0145e+05
1.1220e+00 7.8315e+05
1.1280e+00 7.6627e+05
1.1350e+00 7.4931e+05
1.1440e+00 7.3357e+05
1.1530e+00 7.1845e+05
1.1640e+00 7.0418e+05
1.1770e+00 6.9047e+05
1.1920e+00 6.7646e+05
1.2080e+00 6.6407e+05
1.2280e+00 6.5247e+05
1.2500e+00 6.4199e+05
1.2760e+00 6.3174e+05
1.3050e+00 6.2272e+05
1.3380e+00 6.1387e+05
1.3750e+00 6.0771e+05
1.4170e+00 6.0014e+05
1.4640e+00 5.9376e+05
1.5160e+00 5.8811e+05
1.5740e+00 5.8293e+05
1.6370e+00 5.7787e+05
1.7070e+00 5.7382e+05
1.7820e+00 5.7018e+05
1.8650e+00 5.6616e+05
1.9530e+00 5.6329e+05
2.0460e+00 5.6025e+05
2.1450e+00 5.5781e+05
2.2500e+00 5.5508e+05
2.3590e+00 5.5268e+05
2.4730e+00 5.5031e+05
2.5930e+00 5.4767e+05
2.7150e+00 5.4443e+05
2.8400e+00 5.4111e+05
2.9680e+00 5.3824e+05
3.0980e+00 5.3434e+05
3.2300e+00 5.3047e+05
3.3640e+00 5.2617e+05
3.4980e+00 5.2149e+05
3.6330e+00 5.1694e+05
3.7680e+00 5.1165e+05
3.9040e+00 5.0656e+05
4.0390e+00 5.0001e+05
4.1740e+00 4.9387e+05
4.3080e+00 4.8759e+05
4.4410e+00 4.8100e+05
4.5740e+00 4.7417e+05
4.7080e+00 4.6700e+05
4.8420e+00 4.6013e+05
4.9740e+00 4.5262e+05
5.1060e+00 4.4536e+05
5.2390e+00 4.3800e+05
5.3710e+00 4.3035e+05
5.5030e+00 4.2288e+05
5.6360e+00 4.1507e+05
5.7690e+00 4.0753e+05
5.9030e+00 4.0016e+05
6.0390e+00 3.9254e+05
6.1750e+00 3.8506e+05
6.3130e+00 3.7773e+05
6.4520e+00 3.7042e+05
6.5940e+00 3.6308e+05
6.7370e+00 3.5606e+05
6.8830e+00 3.4908e+05
7.0320e+00 3.4209e+05
7.1830e+00 3.3515e+05
7.3380e+00 3.2845e+05
7.4960e+00 3.2185e+05
7.6540e+00 3.1545e+05
7.8190e+00 3.0890e+05
7.9890e+00 3.0281e+05
8.1630e+00 2.9664e+05
8.3410e+00 2.9062e+05
8.5270e+00 2.8452e+05
8.7150e+00 2.7883e+05
8.9090e+00 2.7305e+05
9.1080e+00 2.6753e+05
9.3130e+00 2.6206e+05
9.5230e+00 2.5671e+05
9.7410e+00 2.5147e+05
9.9640e+00 2.4636e+05
1.0200e+01 2.4133e+05
1.0430e+01 2.3648e+05
1.0680e+01 2.3161e+05
1.0930e+01 2.2699e+05
1.1190e+01 2.2231e+05
1.1460e+01 2.1776e+05
1.1740e+01 2.1335e+05
1.2030e+01 2.0902e+05
1.2320e+01 2.0467e+05
1.2630e+01 2.0055e+05
1.2950e+01 1.9637e+05
1.3280e+01 1.9235e+05
1.3620e+01 1.8842e+05
1.3970e+01 1.8447e+05
1.4330e+01 1.8057e+05
1.4710e+01 1.7681e+05
1.5090e+01 1.7316e+05
1.5490e+01 1.6960e+05
1.5910e+01 1.6601e+05
1.6340e+01 1.6255e+05
1.6780e+01 1.5905e+05
1.7250e+01 1.5573e+05
1.7720e+01 1.5235e+05
1.8220e+01 1.4910e+05
1.8730e+01 1.4576e+05
1.9260e+01 1.4264e+05
1.9820e+01 1.3945e+05
2.0390e+01 1.3633e+05
2.0980e+01 1.3330e+05
2.1600e+01 1.3028e+05
2.2240e+01 1.2730e+05
2.2900e+01 1.2445e+05
2.3590e+01 1.2156e+05
2.4310e+01 1.1873e+05
2.5050e+01 1.1588e+05
2.5830e+01 1.1316e+05
2.6640e+01 1.1037e+05
2.7470e+01 1.0769e+05
2.8350e+01 1.0507e+05
2.9260e+01 1.0242e+05
3.0200e+01 9.9843e+04
3.1190e+01 9.7269e+04
3.2220e+01 9.4784e+04
3.3290e+01 9.2292e+04
3.4400e+01 8.9807e+04
3.5570e+01 8.7415e+04
3.6790e+01 8.5062e+04
3.8050e+01 8.2705e+04
3.9380e+01 8.0367e+04
4.0770e+01 7.8094e+04
4.2220e+01 7.5862e+04
4.3740e+01 7.3651e+04
4.5320e+01 7.1461e+04
4.6980e+01 6.9316e+04
4.8720e+01 6.7170e+04
5.0550e+01 6.5089e+04
5.2460e+01 6.3085e+04
5.4460e+01 6.1071e+04
5.6570e+01 5.9072e+04
5.8780e+01 5.7138e+04
6.1100e+01 5.5206e+04
6.3540e+01 5.3329e+04
6.6100e+01 5.1508e+04
6.8800e+01 4.9698e+04
7.1640e+01 4.7912e+04
7.4630e+01 4.6196e+04
7.7790e+01 4.4477e+04
8.1110e+01 4.2828e+04
