1.0800e-01 8.8313e+06
1.0880e-01 8.6438e+06
1.0960e-01 8.4533e+06
1.1050e-01 8.2755e+06
1.1130e-01 8.0901e+06
1.1220e-01 7.9172e+06
1.1300e-01 7.7435e+06
1.1390e-01 7.5737e+06
1.1470e-01 7.4123e+06
1.1560e-01 7.2506e+06
1.1650e-01 7.0897e+06
1.1740e-01 6.9303e+06
1.1830e-01 6.7750e+06
1.1920e-01 6.6283e+06
1.2010e-01 6.4793e+06
1.2100e-01 6.3401e+06
1.2200e-01 6.2033e+06
1.2300e-01 6.0695e+06
1.2390e-01 5.9381e+06
1.2490e-01 5.8075e+06
1.2590e-01 5.6799e+06
1.2700e-01 5.5549e+06
1.2800e-01 5.4338e+06
1.2910e-01 5.3184e+06
1.3020e-01 5.2015e+06
1.3130e-01 5.0981e+06
1.3240e-01 4.9860e+06
1.3360e-01 4.8800e+06
1.3480e-01 4.7802e+06
1.3600e-01 4.6775e+06
1.3720e-01 4.5769e+06
1.3850e-01 4.4828e+06
1.3970e-01 4.3865e+06
1.4110e-01 4.3043e+06
1.4240e-01 4.2163e+06
1.4380e-01 4.1289e+06
1.4520e-01 4.0457e+06
1.4670e-01 3.9621e+06
1.4820e-01 3.8845e+06
1.4970e-01 3.8055e+06
1.5130e-01 3.7298e+06
1.5290e-01 3.6643e+06
1.5450e-01 3.5923e+06
1.5620e-01 3.5218e+06
1.5790e-01 3.4539e+06
1.5970e-01 3.3883e+06
1.6150e-01 3.3253e+06
1.6340e-01 3.2629e+06
1.6530e-01 3.2076e+06
1.6730e-01 3.1486e+06
1.6930e-01 3.0905e+06
1.7130e-01 3.0339e+06
1.7350e-01 2.9796e+06
1.7560e-01 2.9264e+06
1.7780e-01 2.8744e+06
1.8010e-01 2.8249e+06
1.8240e-01 2.7749e+06
1.8480e-01 2.7270e+06
1.8720e-01 2.6812e+06
1.8970e-01 2.6350e+06
1.9230e-01 2.5909e+06
1.9490e-01 2.5480e+06
1.9760e-01 2.5056e+06
2.0040e-01 2.4647e+06
2.0320e-01 2.4246e+06
2.0610e-01 2.3854e+06
2.0910e-01 2.3477e+06
2.1210e-01 2.3106e+06
2.1530e-01 2.2741e+06
1.1170e+00 2.8093e+07
1.1160e+00 2.7114e+07
1.1140e+00 2.6193e+07
1.1130e+00 2.5262e+07
1.1110e+00 2.4387e+07
1.1090e+00 2.3508e+07
1.1070e+00 2.2661e+07
1.1050e+00 2.1817e+07
1.1020e+00 2.1011e+07
1.1000e+00 2.0236e+07
1.0970e+00 1.9450e+07
1.0950e+00 1.8702e+07
1.0920e+00 1.7989e+07
1.0890e+00 1.7284e+07
1.0860e+00 1.6590e+07
1.0820e+00 1.5929e+07
1.0790e+00 1.5293e+07
1.0760e+00 1.4670e+07
1.0720e+00 1.4068e+07
1.0680e+00 1.3490e+07
1.0650e+00 1.2928e+07
1.0610e+00 1.2388e+07
1.0570e+00 1.1871e+07
1.0530e+00 1.1370e+07
1.0490e+00 1.0885e+07
1.0450e+00 1.0430e+07
1.0400e+00 9.9851e+06
1.0360e+00 9.5524e+06
1.0320e+00 9.1501e+06
1.0270e+00 8.7622e+06
1.0230e+00 8.3904e+06
1.0190e+00 8.0293e+06
1.0150e+00 7.6887e+06
1.0100e+00 7.3657e+06
1.0060e+00 7.0555e+06
1.0020e+00 6.7581e+06
9.9800e-01 6.4753e+06
9.9400e-01 6.2036e+06
9.9010e-01 5.9480e+06
9.8620e-01 5.7026e+06
9.8250e-01 5.4682e+06
9.7890e-01 5.2479e+06
9.7530e-01 5.0325e+06
9.7190e-01 4.8330e+06
9.6860e-01 4.6390e+06
9.6540e-01 4.4555e+06
9.6240e-01 4.2801e+06
9.5940e-01 4.1137e+06
9.5660e-01 3.9538e+06
9.5390e-01 3.8017e+06
9.5140e-01 3.6576e+06
9.4890e-01 3.5179e+06
9.4660e-01 3.3871e+06
9.4440e-01 3.2605e+06
9.4240e-01 3.1398e+06
9.4050e-01 3.0252e+06
9.3860e-01 2.9146e+06
9.3690e-01 2.8098e+06
9.3530e-01 2.7088e+06
9.3390e-01 2.6118e+06
9.3250e-01 2.5190e+06
9.3130e-01 2.4304e+06
9.3010e-01 2.3462e+06
9.2910e-01 2.2641e+06
9.2810e-01 2.1862e+06
9.2720e-01 2.1111e+06
9.2650e-01 2.0394e+06
9.2580e-01 1.9697e+06
9.2520e-01 1.9033e+06
9.2470e-01 1.8400e+06
9.2430e-01 1.7782e+06
9.2390e-01 1.7193e+06
9.2360e-01 1.6616e+06
9.2340e-01 1.6078e+06
9.2330e-01 1.5551e+06
9.2320e-01 1.5036e+06
9.2320e-01 1.4551e+06
9.2330e-01 1.4084e+06
9.2340e-01 1.3632e+06
9.2360e-01 1.3194e+06
9.2390e-01 1.2778e+06
9.2420e-01 1.2373e+06
9.2450e-01 1.1976e+06
9.2490e-01 1.1596e+06
9.2540e-01 1.1239e+06
9.2590e-01 1.0885e+06
9.2650e-01 1.0547e+06
9.2710e-01 1.0218e+06
9.2780e-01 9.8968e+05
9.2850e-01 9.5924e+05
9.2930e-01 9.2970e+05
9.3010e-01 9.0123e+05
9.3090e-01 8.7397e+05
9.3230e-01 8.4793e+05
9.3320e-01 8.2218e+05
9.3420e-01 7.9719e+05
9.3520e-01 7.7288e+05
9.3620e-01 7.4947e+05
9.3730e-01 7.2732e+05
9.3840e-01 7.0533e+05
9.3960e-01 6.8442e+05
9.4080e-01 6.6397e+05
9.4200e-01 6.4422e+05
9.4330e-01 6.2518e+05
9.4460e-01 6.0662e+05
9.4590e-01 5.8897e+05
9.4730e-01 5.7158e+05
9.4870e-01 5.5491e+05
9.5010e-01 5.3882e+05
9.5160e-01 5.2286e+05
9.5310e-01 5.0776e+05
9.5460e-01 4.9331e+05
9.5620e-01 4.7905e+05
9.5770e-01 4.6520e+05
9.5930e-01 4.5195e+05
9.6100e-01 4.3896e+05
9.6260e-01 4.2655e+05
9.6430e-01 4.1446e+05
9.6600e-01 4.0272e+05
9.6780e-01 3.9140e+05
9.6950e-01 3.8034e+05
9.7130e-01 3.6956e+05
9.7310e-01 3.5913e+05
9.7490e-01 3.4924e+05
9.7680e-01 3.3938e+05
9.7860e-01 3.2999e+05
9.8050e-01 3.2077e+05
9.8250e-01 3.1208e+05
9.8440e-01 3.0351e+05
9.8630e-01 2.9513e+05
9.8820e-01 2.8705e+05
9.9020e-01 2.7916e+05
9.9210e-01 2.7150e+05
9.9410e-01 2.6404e+05
9.9600e-01 2.5682e+05
9.9800e-01 2.4992e+05
1.0000e+00 2.4310e+05
1.0020e+00 2.3643e+05
1.0040e+00 2.3012e+05
1.0060e+00 2.2384e+05
1.0080e+00 2.1785e+05
1.0100e+00 2.1191e+05
1.0120e+00 2.0627e+05
1.0140e+00 2.0057e+05
1.0160e+00 1.9537e+05
1.0180e+00 1.9001e+05
1.0200e+00 1.8498e+05
1.0220e+00 1.7987e+05
1.0240e+00 1.7518e+05
1.0260e+00 1.7049e+05
1.0280e+00 1.6589e+05
1.0300e+00 1.6139e+05
1.0320e+00 1.5718e+05
1.0340e+00 1.5291e+05
1.0360e+00 1.4884e+05
1.0380e+00 1.4483e+05
1.0410e+00 1.4101e+05
1.0430e+00 1.3737e+05
1.0450e+00 1.3362e+05
1.0470e+00 1.3006e+05
1.0490e+00 1.2661e+05
1.0510e+00 1.2322e+05
1.0530e+00 1.1988e+05
1.0550e+00 1.1671e+05
1.0570e+00 1.1364e+05
1.0600e+00 1.1061e+05
1.0620e+00 1.0763e+05
1.0640e+00 1.0476e+05
1.0660e+00 1.0199e+05
1.0690e+00 9.9298e+04
1.0710e+00 9.6649e+04
1.0740e+00 9.4134e+04
1.0770e+00 9.1667e+04
1.0800e+00 8.9235e+04
1.0820e+00 8.6734e+04
1.0850e+00 8.4460e+04
1.0870e+00 8.2242e+04
1.0910e+00 8.0107e+04
1.0940e+00 7.8075e+04
1.0980e+00 7.6046e+04
1.1010e+00 7.4080e+04
1.1060e+00 7.2183e+04
1.1100e+00 7.0383e+04
1.1150e+00 6.8766e+04
1.1220e+00 6.7036e+04
1.1280e+00 6.5418e+04
1.1350e+00 6.3807e+04
1.1440e+00 6.2302e+04
1.1530e+00 6.0853e+04
1.1640e+00 5.9483e+04
1.1770e+00 5.8163e+04
1.1920e+00 5.6816e+04
1.2080e+00 5.5620e+04
1.2280e+00 5.4491e+04
1.2500e+00 5.3462e+04
1.2760e+00 5.2462e+04
1.3050e+00 5.1573e+04
1.3380e+00 5.0708e+04
1.3750e+00 5.0081e+04
1.4170e+00 4.9340e+04
1.4640e+00 4.8715e+04
1.5160e+00 4.8161e+04
1.5740e+00 4.7661e+04
1.6370e+00 4.7185e+04
1.7070e+00 4.6812e+04
1.7820e+00 4.6481e+04
1.8650e+00 4.6133e+04
1.9530e+00 4.5903e+04
2.0460e+00 4.5674e+04
2.1450e+00 4.5510e+04
2.2500e+00 4.5340e+04
2.3590e+00 4.5187e+04
2.4730e+00 4.5075e+04
2.5930e+00 4.4974e+04
2.7150e+00 4.4790e+04
2.8400e+00 4.4658e+04
2.9680e+00 4.4529e+04
3.0980e+00 4.4359e+04
3.2300e+00 4.4149e+04
3.3640e+00 4.3936e+04
3.4980e+00 4.3741e+04
3.6330e+00 4.3460e+04
3.7680e+00 4.3223e+04
3.9040e+00 4.2918e+04
4.0390e+00 4.2549e+04
4.1740e+00 4.2206e+04
4.3080e+00 4.1804e+04
4.4410e+00 4.1399e+04
4.5740e+00 4.0996e+04
4.7080e+00 4.0553e+04
4.8420e+00 4.0094e+04
4.9740e+00 3.9629e+04
5.1060e+00 3.9148e+04
5.2390e+00 3.8676e+04
5.3710e+00 3.8166e+04
5.5030e+00 3.7664e+04
5.6360e+00 3.7148e+04
5.7690e+00 3.6647e+04
5.9030e+00 3.6125e+04
6.0390e+00 3.5623e+04
6.1750e+00 3.5099e+04
6.3130e+00 3.4580e+04
6.4520e+00 3.4101e+04
6.5940e+00 3.3586e+04
6.7370e+00 3.3093e+04
6.8830e+00 3.2594e+04
7.0320e+00 3.2108e+04
7.1830e+00 3.1639e+04
7.3380e+00 3.1162e+04
7.4960e+00 3.0707e+04
7.6540e+00 3.0262e+04
7.8190e+00 2.9813e+04
7.9890e+00 2.9381e+04
8.1630e+00 2.8951e+04
8.3410e+00 2.8527e+04
8.5270e+00 2.8122e+04
8.7150e+00 2.7714e+04
8.9090e+00 2.7338e+04
9.1080e+00 2.6946e+04
9.3130e+00 2.6583e+04
9.5230e+00 2.6223e+04
9.7410e+00 2.5864e+04
9.9640e+00 2.5526e+04
1.0200e+01 2.5185e+04
1.0430e+01 2.4856e+04
1.0680e+01 2.4542e+04
1.0930e+01 2.4233e+04
1.1190e+01 2.3934e+04
1.1460e+01 2.3627e+04
1.1740e+01 2.3352e+04
1.2030e+01 2.3076e+04
1.2320e+01 2.2800e+04
1.2630e+01 2.2539e+04
1.2950e+01 2.2275e+04
1.3280e+01 2.2030e+04
1.3620e+01 2.1785e+04
1.3970e+01 2.1541e+04
1.4330e+01 2.1312e+04
1.4710e+01 2.1080e+04
1.5090e+01 2.0871e+04
1.5490e+01 2.0652e+04
1.5910e+01 2.0449e+04
1.6340e+01 2.0252e+04
1.6780e+01 2.0041e+04
1.7250e+01 1.9860e+04
1.7720e+01 1.9671e+04
1.8220e+01 1.9493e+04
1.8730e+01 1.9305e+04
1.9260e+01 1.9134e+04
1.9820e+01 1.8969e+04
2.0390e+01 1.8792e+04
2.0980e+01 1.8633e+04
2.1600e+01 1.8473e+04
2.2240e+01 1.8315e+04
2.2900e+01 1.8171e+04
2.3590e+01 1.8025e+04
2.4310e+01 1.7876e+04
2.5050e+01 1.7727e+04
2.5830e+01 1.7587e+04
2.6640e+01 1.7444e+04
2.7470e+01 1.7300e+04
2.8350e+01 1.7165e+04
2.9260e+01 1.7021e+04
3.0200e+01 1.6893e+04
3.1190e+01 1.6756e+04
3.2220e+01 1.6621e+04
3.3290e+01 1.6481e+04
3.4400e+01 1.6343e+04
3.5570e+01 1.6207e+04
3.6790e+01 1.6071e+04
3.8050e+01 1.5929e+04
3.9380e+01 1.5791e+04
4.0770e+01 1.5646e+04
4.2220e+01 1.5501e+04
4.3740e+01 1.5354e+04
4.5320e+01 1.5207e+04
4.6980e+01 1.5051e+04
4.8720e+01 1.4893e+04
5.0550e+01 1.4731e+04
5.2460e+01 1.4573e+04
5.4460e+01 1.4406e+04
5.6570e+01 1.4235e+04
5.8780e+01 1.4064e+04
6.1100e+01 1.3885e+04
6.3540e+01 1.3702e+04
6.6100e+01 1.3515e+04
6.8800e+01 1.3323e+04
7.1640e+01 1.3129e+04
7.4630e+01 1.2928e+04
7.7790e+01 1.2723e+04
8.1110e+01 1.2514e+04
