1.0800e-01 1.4613e+07
1.0880e-01 1.4338e+07
1.0960e-01 1.4060e+07
1.1050e-01 1.3801e+07
1.1130e-01 1.3528e+07
1.1220e-01 1.3274e+07
1.1300e-01 1.3017e+07
1.1390e-01 1.2762e+07
1.1470e-01 1.2522e+07
1.1560e-01 1.2284e+07
1.1650e-01 1.2045e+07
1.1740e-01 1.1807e+07
1.1830e-01 1.1572e+07
1.1920e-01 1.1352e+07
1.2010e-01 1.1131e+07
1.2100e-01 1.0919e+07
1.2200e-01 1.0712e+07
1.2300e-01 1.0512e+07
1.2390e-01 1.0315e+07
1.2490e-01 1.0115e+07
1.2590e-01 9.9212e+06
1.2700e-01 9.7357e+06
1.2800e-01 9.5485e+06
1.2910e-01 9.3747e+06
1.3020e-01 9.1967e+06
1.3130e-01 9.0392e+06
1.3240e-01 8.8719e+06
1.3360e-01 8.7095e+06
1.3480e-01 8.5569e+06
1.3600e-01 8.4000e+06
1.3720e-01 8.2476e+06
1.3850e-01 8.1079e+06
1.3970e-01 7.9625e+06
1.4110e-01 7.8376e+06
1.4240e-01 7.7049e+06
1.4380e-01 7.5720e+06
1.4520e-01 7.4472e+06
1.4670e-01 7.3204e+06
1.4820e-01 7.2017e+06
1.4970e-01 7.0859e+06
1.5130e-01 6.9716e+06
1.5290e-01 6.8737e+06
1.5450e-01 6.7655e+06
1.5620e-01 6.6619e+06
1.5790e-01 6.5604e+06
1.5970e-01 6.4619e+06
1.6150e-01 6.3674e+06
1.6340e-01 6.2754e+06
1.6530e-01 6.1960e+06
1.6730e-01 6.1080e+06
1.6930e-01 6.0232e+06
1.7130e-01 5.9401e+06
1.7350e-01 5.8603e+06
1.7560e-01 5.7827e+06
1.7780e-01 5.7072e+06
1.8010e-01 5.6342e+06
1.8240e-01 5.5626e+06
1.8480e-01 5.4928e+06
1.8720e-01 5.4259e+06
1.8970e-01 5.3602e+06
1.9230e-01 5.2966e+06
1.9490e-01 5.2360e+06
1.9760e-01 5.1764e+06
2.0040e-01 5.1177e+06
2.0320e-01 5.0611e+06
2.0610e-01 5.0073e+06
2.0910e-01 4.9543e+06
2.1210e-01 4.9021e+06
2.1530e-01 4.8527e+06
1.1170e+00 1.1053e+08
1.1160e+00 1.0661e+08
1.1140e+00 1.0293e+08
1.1130e+00 9.9211e+07
1.1110e+00 9.5693e+07
1.1090e+00 9.2164e+07
1.1070e+00 8.8784e+07
1.1050e+00 8.5416e+07
1.1020e+00 8.2170e+07
1.1000e+00 7.9098e+07
1.0970e+00 7.5967e+07
1.0950e+00 7.2956e+07
1.0920e+00 7.0120e+07
1.0890e+00 6.7298e+07
1.0860e+00 6.4530e+07
1.0820e+00 6.1878e+07
1.0790e+00 5.9351e+07
1.0760e+00 5.6858e+07
1.0720e+00 5.4461e+07
1.0680e+00 5.2148e+07
1.0650e+00 4.9915e+07
1.0610e+00 4.7767e+07
1.0570e+00 4.5709e+07
1.0530e+00 4.3723e+07
1.0490e+00 4.1803e+07
1.0450e+00 4.0002e+07
1.0400e+00 3.8227e+07
1.0360e+00 3.6518e+07
1.0320e+00 3.4917e+07
1.0270e+00 3.3398e+07
1.0230e+00 3.1928e+07
1.0190e+00 3.0517e+07
1.0150e+00 2.9174e+07
1.0100e+00 2.7914e+07
1.0060e+00 2.6689e+07
1.0020e+00 2.5533e+07
9.9800e-01 2.4430e+07
9.9400e-01 2.3371e+07
9.9010e-01 2.2376e+07
9.8620e-01 2.1422e+07
9.8250e-01 2.0508e+07
9.7890e-01 1.9659e+07
9.7530e-01 1.8830e+07
9.7190e-01 1.8062e+07
9.6860e-01 1.7313e+07
9.6540e-01 1.6611e+07
9.6240e-01 1.5940e+07
9.5940e-01 1.5303e+07
9.5660e-01 1.4692e+07
9.5390e-01 1.4116e+07
9.5140e-01 1.3561e+07
9.4890e-01 1.3039e+07
9.4660e-01 1.2540e+07
9.4440e-01 1.2059e+07
9.4240e-01 1.1605e+07
9.4050e-01 1.1172e+07
9.3860e-01 1.0759e+07
9.3690e-01 1.0363e+07
9.3530e-01 9.9869e+06
9.3390e-01 9.6241e+06
9.3250e-01 9.2749e+06
9.3130e-01 8.9481e+06
9.3010e-01 8.6317e+06
9.2910e-01 8.3274e+06
9.2810e-01 8.0373e+06
9.2720e-01 7.7578e+06
9.2650e-01 7.4947e+06
9.2580e-01 7.2342e+06
9.2520e-01 6.9894e+06
9.2470e-01 6.7562e+06
9.2430e-01 6.5282e+06
9.2390e-01 6.3132e+06
9.2360e-01 6.1005e+06
9.2340e-01 5.9001e+06
9.2330e-01 5.7076e+06
9.2320e-01 5.5195e+06
9.2320e-01 5.3414e+06
9.2330e-01 5.1703e+06
9.2340e-01 5.0043e+06
9.2360e-01 4.8450e+06
9.2390e-01 4.6923e+06
9.2420e-01 4.5448e+06
9.2450e-01 4.3982e+06
9.2490e-01 4.2602e+06
9.2540e-01 4.1302e+06
9.2590e-01 4.0012e+06
9.2650e-01 3.8775e+06
9.2710e-01 3.7571e+06
9.2780e-01 3.6419e+06
9.2850e-01 3.5304e+06
9.2930e-01 3.4238e+06
9.3010e-01 3.3188e+06
9.3090e-01 3.2204e+06
9.3230e-01 3.1252e+06
9.3320e-01 3.0317e+06
9.3420e-01 2.9413e+06
9.3520e-01 2.8529e+06
9.3620e-01 2.7677e+06
9.3730e-01 2.6870e+06
9.3840e-01 2.6069e+06
9.3960e-01 2.5315e+06
9.4080e-01 2.4569e+06
9.4200e-01 2.3856e+06
9.4330e-01 2.3161e+06
9.4460e-01 2.2490e+06
9.4590e-01 2.1841e+06
9.4730e-01 2.1212e+06
9.4870e-01 2.0608e+06
9.5010e-01 2.0025e+06
9.5160e-01 1.9437e+06
9.5310e-01 1.8889e+06
9.5460e-01 1.8361e+06
9.5620e-01 1.7844e+06
9.5770e-01 1.7345e+06
9.5930e-01 1.6864e+06
9.6100e-01 1.6388e+06
9.6260e-01 1.5933e+06
9.6430e-01 1.5490e+06
9.6600e-01 1.5066e+06
9.6780e-01 1.4651e+06
9.6950e-01 1.4251e+06
9.7130e-01 1.3854e+06
9.7310e-01 1.3477e+06
9.7490e-01 1.3113e+06
9.7680e-01 1.2755e+06
9.7860e-01 1.2415e+06
9.8050e-01 1.2072e+06
9.8250e-01 1.1757e+06
9.8440e-01 1.1443e+06
9.8630e-01 1.1138e+06
9.8820e-01 1.0837e+06
9.9020e-01 1.0549e+06
9.9210e-01 1.0268e+06
9.9410e-01 9.9957e+05
9.9600e-01 9.7299e+05
9.9800e-01 9.4776e+05
1.0000e+00 9.2221e+05
1.0020e+00 8.9779e+05
1.0040e+00 8.7450e+05
1.0060e+00 8.5131e+05
1.0080e+00 8.2934e+05
1.0100e+00 8.0733e+05
1.0120e+00 7.8662e+05
1.0140e+00 7.6548e+05
1.0160e+00 7.4619e+05
1.0180e+00 7.2640e+05
1.0200e+00 7.0774e+05
1.0220e+00 6.8872e+05
1.0240e+00 6.7137e+05
1.0260e+00 6.5384e+05
1.0280e+00 6.3678e+05
1.0300e+00 6.2000e+05
1.0320e+00 6.0428e+05
1.0340e+00 5.8840e+05
1.0360e+00 5.7317e+05
1.0380e+00 5.5823e+05
1.0410e+00 5.4394e+05
1.0430e+00 5.3027e+05
1.0450e+00 5.1626e+05
1.0470e+00 5.0288e+05
1.0490e+00 4.8991e+05
1.0510e+00 4.7722e+05
1.0530e+00 4.6465e+05
1.0550e+00 4.5269e+05
1.0570e+00 4.4136e+05
1.0600e+00 4.2991e+05
1.0620e+00 4.1865e+05
1.0640e+00 4.0777e+05
1.0660e+00 3.9745e+05
1.0690e+00 3.8716e+05
1.0710e+00 3.7727e+05
1.0740e+00 3.6787e+05
1.0770e+00 3.5843e+05
1.0800e+00 3.4926e+05
1.0820e+00 3.3986e+05
1.0850e+00 3.3135e+05
1.0870e+00 3.2296e+05
1.0910e+00 3.1496e+05
1.0940e+00 3.0734e+05
1.0980e+00 2.9980e+05
1.1010e+00 2.9242e+05
1.1060e+00 2.8530e+05
1.1100e+00 2.7873e+05
1.1150e+00 2.7281e+05
1.1220e+00 2.6648e+05
1.1280e+00 2.6064e+05
1.1350e+00 2.5481e+05
1.1440e+00 2.4949e+05
1.1530e+00 2.4449e+05
1.1640e+00 2.3983e+05
1.1770e+00 2.3541e+05
1.1920e+00 2.3099e+05
1.2080e+00 2.2725e+05
1.2280e+00 2.2390e+05
1.2500e+00 2.2100e+05
1.2760e+00 2.1845e+05
1.3050e+00 2.1640e+05
1.3380e+00 2.1460e+05
1.3750e+00 2.1388e+05
1.4170e+00 2.1280e+05
1.4640e+00 2.1242e+05
1.5160e+00 2.1237e+05
1.5740e+00 2.1272e+05
1.6370e+00 2.1332e+05
1.7070e+00 2.1442e+05
1.7820e+00 2.1581e+05
1.8650e+00 2.1722e+05
1.9530e+00 2.1917e+05
2.0460e+00 2.2114e+05
2.1450e+00 2.2339e+05
2.2500e+00 2.2563e+05
2.3590e+00 2.2794e+05
2.4730e+00 2.3036e+05
2.5930e+00 2.3281e+05
2.7150e+00 2.3476e+05
2.8400e+00 2.3683e+05
2.9680e+00 2.3880e+05
3.0980e+00 2.4045e+05
3.2300e+00 2.4174e+05
3.3640e+00 2.4288e+05
3.4980e+00 2.4393e+05
3.6330e+00 2.4455e+05
3.7680e+00 2.4503e+05
3.9040e+00 2.4518e+05
4.0390e+00 2.4479e+05
4.1740e+00 2.4438e+05
4.3080e+00 2.4361e+05
4.4410e+00 2.4260e+05
4.5740e+00 2.4150e+05
4.7080e+00 2.3999e+05
4.8420e+00 2.3843e+05
4.9740e+00 2.3667e+05
5.1060e+00 2.3466e+05
5.2390e+00 2.3264e+05
5.3710e+00 2.3038e+05
5.5030e+00 2.2806e+05
5.6360e+00 2.2554e+05
5.7690e+00 2.2302e+05
5.9030e+00 2.2045e+05
6.0390e+00 2.1779e+05
6.1750e+00 2.1505e+05
6.3130e+00 2.1227e+05
6.4520e+00 2.0954e+05
6.5940e+00 2.0668e+05
6.7370e+00 2.0391e+05
6.8830e+00 2.0107e+05
7.0320e+00 1.9827e+05
7.1830e+00 1.9542e+05
7.3380e+00 1.9260e+05
7.4960e+00 1.8979e+05
7.6540e+00 1.8708e+05
7.8190e+00 1.8428e+05
7.9890e+00 1.8158e+05
8.1630e+00 1.7888e+05
8.3410e+00 1.7621e+05
8.5270e+00 1.7347e+05
8.7150e+00 1.7082e+05
8.9090e+00 1.6822e+05
9.1080e+00 1.6564e+05
9.3130e+00 1.6314e+05
9.5230e+00 1.6068e+05
9.7410e+00 1.5824e+05
9.9640e+00 1.5584e+05
1.0200e+01 1.5330e+05
1.0430e+01 1.5099e+05
1.0680e+01 1.4872e+05
1.0930e+01 1.4635e+05
1.1190e+01 1.4399e+05
1.1460e+01 1.4181e+05
1.1740e+01 1.3957e+05
1.2030e+01 1.3735e+05
1.2320e+01 1.3516e+05
1.2630e+01 1.3302e+05
1.2950e+01 1.3088e+05
1.3280e+01 1.2871e+05
1.3620e+01 1.2668e+05
1.3970e+01 1.2458e+05
1.4330e+01 1.2248e+05
1.4710e+01 1.2046e+05
1.5090e+01 1.1848e+05
1.5490e+01 1.1645e+05
1.5910e+01 1.1444e+05
1.6340e+01 1.1259e+05
1.6780e+01 1.1052e+05
1.7250e+01 1.0870e+05
1.7720e+01 1.0682e+05
1.8220e+01 1.0491e+05
1.8730e+01 1.0299e+05
1.9260e+01 1.0120e+05
1.9820e+01 9.9328e+04
2.0390e+01 9.7436e+04
2.0980e+01 9.5638e+04
2.1600e+01 9.3884e+04
2.2240e+01 9.2070e+04
2.2900e+01 9.0335e+04
2.3590e+01 8.8606e+04
2.4310e+01 8.6903e+04
2.5050e+01 8.5149e+04
2.5830e+01 8.3481e+04
2.6640e+01 8.1725e+04
2.7470e+01 8.0043e+04
2.8350e+01 7.8389e+04
2.9260e+01 7.6740e+04
3.0200e+01 7.5122e+04
3.1190e+01 7.3490e+04
3.2220e+01 7.1910e+04
3.3290e+01 7.0301e+04
3.4400e+01 6.8721e+04
3.5570e+01 6.7199e+04
3.6790e+01 6.5645e+04
3.8050e+01 6.4112e+04
3.9380e+01 6.2618e+04
4.0770e+01 6.1113e+04
4.2220e+01 5.9628e+04
4.3740e+01 5.8183e+04
4.5320e+01 5.6731e+04
4.6980e+01 5.5302e+04
4.8720e+01 5.3892e+04
5.0550e+01 5.2479e+04
5.2460e+01 5.1117e+04
5.4460e+01 4.9766e+04
5.6570e+01 4.8406e+04
5.8780e+01 4.7087e+04
6.1100e+01 4.5786e+04
6.3540e+01 4.4482e+04
6.6100e+01 4.3212e+04
6.8800e+01 4.1966e+04
7.1640e+01 4.0755e+04
7.4630e+01 3.9529e+04
7.7790e+01 3.8342e+04
8.1110e+01 3.7176e+04
