9.6320e-03 0.0000e+00
1.0420e-02 0.0000e+00
1.1350e-02 0.0000e+00
1.2470e-02 0.0000e+00
1.3820e-02 0.0000e+00
1.5440e-02 0.0000e+00
1.7390e-02 0.0000e+00
1.9580e-02 0.0000e+00
2.2290e-02 0.0000e+00
2.5430e-02 0.0000e+00
2.9170e-02 0.0000e+00
3.3230e-02 0.0000e+00
3.7770e-02 0.0000e+00
4.2950e-02 0.0000e+00
4.8470e-02 0.0000e+00
5.7370e-02 0.0000e+00
6.3580e-02 0.0000e+00
7.0280e-02 0.0000e+00
7.8030e-02 0.0000e+00
8.5750e-02 0.0000e+00
9.4140e-02 0.0000e+00
1.0340e-01 0.0000e+00
1.1380e-01 2.5878e-10
1.2580e-01 5.2880e-10
1.4020e-01 1.1854e-09
1.5810e-01 3.1630e-09
1.8120e-01 3.3142e-07
2.1040e-01 1.2024e-06
2.4730e-01 4.7839e-06
2.9240e-01 2.4236e-05
3.4460e-01 1.0712e-04
4.0360e-01 4.7107e-04
4.6590e-01 1.9206e-03
5.3140e-01 7.1674e-03
5.9850e-01 2.4007e-02
6.6750e-01 7.2601e-02
7.3940e-01 1.9987e-01
8.1470e-01 5.0201e-01
1.5390e+00 1.1955e+02
1.5910e+00 1.0913e+02
1.6550e+00 1.0122e+02
1.7300e+00 9.6583e+01
1.8190e+00 9.6105e+01
1.9240e+00 1.0061e+02
2.0450e+00 1.1120e+02
2.1850e+00 1.2880e+02
2.3430e+00 1.5372e+02
2.5160e+00 1.8373e+02
2.7130e+00 2.2127e+02
2.9290e+00 2.6258e+02
3.1630e+00 3.0506e+02
3.4120e+00 3.4598e+02
3.6720e+00 3.8305e+02
3.9380e+00 4.1362e+02
4.2070e+00 4.3643e+02
4.4770e+00 4.5121e+02
4.7410e+00 4.5735e+02
5.0010e+00 4.5591e+02
5.2560e+00 4.4780e+02
5.5040e+00 4.3422e+02
5.7480e+00 4.1653e+02
5.9880e+00 3.9587e+02
6.2250e+00 3.7287e+02
6.4610e+00 3.4911e+02
6.6970e+00 3.2474e+02
6.9350e+00 3.0081e+02
7.1770e+00 2.7750e+02
7.4250e+00 2.5504e+02
7.6810e+00 2.3372e+02
7.9490e+00 2.1361e+02
8.2290e+00 1.9475e+02
8.5260e+00 1.7712e+02
8.8440e+00 1.6069e+02
9.1860e+00 1.4541e+02
9.5560e+00 1.3124e+02
9.9610e+00 1.1809e+02
1.0410e+01 1.0588e+02
1.0900e+01 9.4618e+01
1.1440e+01 8.4264e+01
1.2050e+01 7.4754e+01
1.2740e+01 6.6064e+01
1.3520e+01 5.8152e+01
1.4400e+01 5.0983e+01
1.5400e+01 4.4514e+01
1.6540e+01 3.8749e+01
1.7850e+01 3.3628e+01
1.9340e+01 2.9078e+01
2.1050e+01 2.5104e+01
2.3020e+01 2.1600e+01
2.5270e+01 1.8577e+01
2.7850e+01 1.5966e+01
3.0810e+01 1.3706e+01
3.4210e+01 1.1769e+01
3.8140e+01 1.0114e+01
4.2680e+01 8.6905e+00
4.7960e+01 7.4801e+00
5.4130e+01 6.4397e+00
6.1400e+01 5.5504e+00
7.0040e+01 4.7875e+00
8.0400e+01 4.1311e+00
