9.6320e-03 6.7872e+04
1.0420e-02 6.8674e+04
1.1350e-02 7.0206e+04
1.2470e-02 7.2604e+04
1.3820e-02 7.6086e+04
1.5440e-02 8.0762e+04
1.7390e-02 8.6877e+04
1.9580e-02 9.4931e+04
2.2290e-02 1.0443e+05
2.5430e-02 1.1594e+05
2.9170e-02 1.3130e+05
3.3230e-02 1.4659e+05
3.7770e-02 1.6373e+05
4.2950e-02 1.8420e+05
4.8470e-02 2.0380e+05
5.7370e-02 2.5150e+05
6.3580e-02 2.6888e+05
7.0280e-02 2.8622e+05
7.8030e-02 3.0752e+05
8.5750e-02 3.2227e+05
9.4140e-02 3.3632e+05
1.0340e-01 3.4945e+05
1.1380e-01 3.6584e+05
1.2580e-01 3.7870e+05
1.4020e-01 3.9377e+05
1.5810e-01 4.1224e+05
1.8120e-01 4.3825e+05
2.1040e-01 4.6943e+05
2.4730e-01 5.0889e+05
2.9240e-01 5.5775e+05
3.4460e-01 6.1010e+05
4.0360e-01 6.6546e+05
4.6590e-01 7.1653e+05
5.3140e-01 7.6240e+05
5.9850e-01 7.9759e+05
6.6750e-01 8.2285e+05
7.3940e-01 8.3883e+05
8.1470e-01 8.4467e+05
1.5390e+00 1.2533e+06
1.5910e+00 1.1928e+06
1.6550e+00 1.1358e+06
1.7300e+00 1.0851e+06
1.8190e+00 1.0411e+06
1.9240e+00 1.0024e+06
2.0450e+00 9.6937e+05
2.1850e+00 9.4316e+05
2.3430e+00 9.2342e+05
2.5160e+00 9.0731e+05
2.7130e+00 9.0013e+05
2.9290e+00 8.9751e+05
3.1630e+00 8.9996e+05
3.4120e+00 9.0609e+05
3.6720e+00 9.1492e+05
3.9380e+00 9.2406e+05
4.2070e+00 9.3174e+05
4.4770e+00 9.3713e+05
4.7410e+00 9.3798e+05
5.0010e+00 9.3404e+05
5.2560e+00 9.2491e+05
5.5040e+00 9.1062e+05
5.7480e+00 8.9164e+05
5.9880e+00 8.6872e+05
6.2250e+00 8.4163e+05
6.4610e+00 8.1245e+05
6.6970e+00 7.8068e+05
6.9350e+00 7.4811e+05
7.1770e+00 7.1557e+05
7.4250e+00 6.8203e+05
7.6810e+00 6.4908e+05
7.9490e+00 6.1658e+05
8.2290e+00 5.8562e+05
8.5260e+00 5.5506e+05
8.8440e+00 5.2629e+05
9.1860e+00 4.9847e+05
9.5560e+00 4.7251e+05
9.9610e+00 4.4767e+05
1.0410e+01 4.2387e+05
1.0900e+01 4.0166e+05
1.1440e+01 3.8059e+05
1.2050e+01 3.6070e+05
1.2740e+01 3.4185e+05
1.3520e+01 3.2413e+05
1.4400e+01 3.0736e+05
1.5400e+01 2.9178e+05
1.6540e+01 2.7710e+05
1.7850e+01 2.6354e+05
1.9340e+01 2.5081e+05
2.1050e+01 2.3926e+05
2.3020e+01 2.2822e+05
2.5270e+01 2.1815e+05
2.7850e+01 2.0879e+05
3.0810e+01 2.0009e+05
3.4210e+01 1.9214e+05
3.8140e+01 1.8460e+05
4.2680e+01 1.7754e+05
4.7960e+01 1.7082e+05
5.4130e+01 1.6440e+05
6.1400e+01 1.5812e+05
7.0040e+01 1.5186e+05
8.0400e+01 1.4547e+05
