9.6320e-03 0.0000e+00
1.0420e-02 0.0000e+00
1.1350e-02 0.0000e+00
1.2470e-02 0.0000e+00
1.3820e-02 0.0000e+00
1.5440e-02 0.0000e+00
1.7390e-02 0.0000e+00
1.9580e-02 0.0000e+00
2.2290e-02 0.0000e+00
2.5430e-02 0.0000e+00
2.9170e-02 0.0000e+00
3.3230e-02 0.0000e+00
3.7770e-02 0.0000e+00
4.2950e-02 0.0000e+00
4.8470e-02 0.0000e+00
5.7370e-02 0.0000e+00
6.3580e-02 0.0000e+00
7.0280e-02 0.0000e+00
7.8030e-02 0.0000e+00
8.5750e-02 0.0000e+00
9.4140e-02 0.0000e+00
1.0340e-01 0.0000e+00
1.1380e-01 0.0000e+00
1.2580e-01 0.0000e+00
1.4020e-01 0.0000e+00
1.5810e-01 0.0000e+00
1.8120e-01 4.5646e-09
2.1040e-01 1.6676e-08
2.4730e-01 6.7183e-08
2.9240e-01 3.8131e-07
3.4460e-01 1.7406e-06
4.0360e-01 8.1718e-06
4.6590e-01 3.5302e-05
5.3140e-01 1.4138e-04
5.9850e-01 5.1191e-04
6.6750e-01 1.6857e-03
7.3940e-01 5.0753e-03
8.1470e-01 1.3944e-02
1.5390e+00 1.5102e+01
1.5910e+00 1.3625e+01
1.6550e+00 1.2339e+01
1.7300e+00 1.1295e+01
1.8190e+00 1.0538e+01
1.9240e+00 1.0114e+01
2.0450e+00 1.0103e+01
2.1850e+00 1.0595e+01
2.3430e+00 1.1656e+01
2.5160e+00 1.3209e+01
2.7130e+00 1.5492e+01
2.9290e+00 1.8324e+01
3.1630e+00 2.1618e+01
3.4120e+00 2.5206e+01
3.6720e+00 2.8908e+01
3.9380e+00 3.2505e+01
4.2070e+00 3.5778e+01
4.4770e+00 3.8617e+01
4.7410e+00 4.0853e+01
5.0010e+00 4.2432e+01
5.2560e+00 4.3346e+01
5.5040e+00 4.3638e+01
5.7480e+00 4.3356e+01
5.9880e+00 4.2594e+01
6.2250e+00 4.1398e+01
6.4610e+00 3.9916e+01
6.6970e+00 3.8182e+01
6.9350e+00 3.6305e+01
7.1770e+00 3.4343e+01
7.4250e+00 3.2330e+01
7.6810e+00 3.0319e+01
7.9490e+00 2.8341e+01
8.2290e+00 2.6414e+01
8.5260e+00 2.4545e+01
8.8440e+00 2.2764e+01
9.1860e+00 2.1059e+01
9.5560e+00 1.9439e+01
9.9610e+00 1.7897e+01
1.0410e+01 1.6430e+01
1.0900e+01 1.5040e+01
1.1440e+01 1.3729e+01
1.2050e+01 1.2494e+01
1.2740e+01 1.1332e+01
1.3520e+01 1.0245e+01
1.4400e+01 9.2296e+00
1.5400e+01 8.2878e+00
1.6540e+01 7.4203e+00
1.7850e+01 6.6248e+00
1.9340e+01 5.8987e+00
2.1050e+01 5.2419e+00
2.3020e+01 4.6461e+00
2.5270e+01 4.1125e+00
2.7850e+01 3.6369e+00
3.0810e+01 3.2115e+00
3.4210e+01 2.8366e+00
3.8140e+01 2.5026e+00
4.2680e+01 2.2070e+00
4.7960e+01 1.9461e+00
5.4130e+01 1.7141e+00
6.1400e+01 1.5087e+00
7.0040e+01 1.3254e+00
8.0400e+01 1.1612e+00
