9.6320e-03 7.0252e+06
1.0420e-02 6.9466e+06
1.1350e-02 6.9096e+06
1.2470e-02 6.9155e+06
1.3820e-02 6.9706e+06
1.5440e-02 7.0701e+06
1.7390e-02 7.2150e+06
1.9580e-02 7.4438e+06
2.2290e-02 7.6682e+06
2.5430e-02 7.9286e+06
2.9170e-02 8.3190e+06
3.3230e-02 8.6143e+06
3.7770e-02 8.8992e+06
4.2950e-02 9.2724e+06
4.8470e-02 9.5238e+06
5.7370e-02 1.0760e+07
6.3580e-02 1.0789e+07
7.0280e-02 1.0808e+07
7.8030e-02 1.0949e+07
8.5750e-02 1.0891e+07
9.4140e-02 1.0824e+07
1.0340e-01 1.0739e+07
1.1380e-01 1.0761e+07
1.2580e-01 1.0680e+07
1.4020e-01 1.0652e+07
1.5810e-01 1.0692e+07
1.8120e-01 1.0873e+07
2.1040e-01 1.1122e+07
2.4730e-01 1.1491e+07
2.9240e-01 1.1990e+07
3.4460e-01 1.2505e+07
4.0360e-01 1.3032e+07
4.6590e-01 1.3445e+07
5.3140e-01 1.3745e+07
5.9850e-01 1.3857e+07
6.6750e-01 1.3800e+07
7.3940e-01 1.3597e+07
8.1470e-01 1.3238e+07
1.5390e+00 1.5300e+07
1.5910e+00 1.4339e+07
1.6550e+00 1.3406e+07
1.7300e+00 1.2535e+07
1.8190e+00 1.1732e+07
1.9240e+00 1.0979e+07
2.0450e+00 1.0284e+07
2.1850e+00 9.6574e+06
2.3430e+00 9.0927e+06
2.5160e+00 8.5695e+06
2.7130e+00 8.1162e+06
2.9290e+00 7.6998e+06
3.1630e+00 7.3279e+06
3.4120e+00 6.9881e+06
3.6720e+00 6.6808e+06
3.9380e+00 6.3897e+06
4.2070e+00 6.1095e+06
4.4770e+00 5.8372e+06
4.7410e+00 5.5651e+06
5.0010e+00 5.2935e+06
5.2560e+00 5.0202e+06
5.5040e+00 4.7465e+06
5.7480e+00 4.4747e+06
5.9880e+00 4.2061e+06
6.2250e+00 3.9390e+06
6.4610e+00 3.6828e+06
6.6970e+00 3.4313e+06
6.9350e+00 3.1926e+06
7.1770e+00 2.9641e+06
7.4250e+00 2.7472e+06
7.6810e+00 2.5415e+06
7.9490e+00 2.3488e+06
8.2290e+00 2.1675e+06
8.5260e+00 1.9978e+06
8.8440e+00 1.8397e+06
9.1860e+00 1.6921e+06
9.5560e+00 1.5547e+06
9.9610e+00 1.4264e+06
1.0410e+01 1.3069e+06
1.0900e+01 1.1953e+06
1.1440e+01 1.0919e+06
1.2050e+01 9.9532e+05
1.2740e+01 9.0554e+05
1.3520e+01 8.2194e+05
1.4400e+01 7.4453e+05
1.5400e+01 6.7266e+05
1.6540e+01 6.0651e+05
1.7850e+01 5.4577e+05
1.9340e+01 4.8989e+05
2.1050e+01 4.3906e+05
2.3020e+01 3.9234e+05
2.5270e+01 3.5016e+05
2.7850e+01 3.1197e+05
3.0810e+01 2.7746e+05
3.4210e+01 2.4650e+05
3.8140e+01 2.1850e+05
4.2680e+01 1.9347e+05
4.7960e+01 1.7098e+05
5.4130e+01 1.5082e+05
6.1400e+01 1.3274e+05
7.0040e+01 1.1646e+05
8.0400e+01 1.0182e+05
