9.6320e-03 2.6126e+05
1.0420e-02 2.5392e+05
1.1350e-02 2.4738e+05
1.2470e-02 2.4157e+05
1.3820e-02 2.3662e+05
1.5440e-02 2.3198e+05
1.7390e-02 2.2771e+05
1.9580e-02 2.2515e+05
2.2290e-02 2.2074e+05
2.5430e-02 2.1618e+05
2.9170e-02 2.1367e+05
3.3230e-02 2.0759e+05
3.7770e-02 2.0073e+05
4.2950e-02 1.9470e+05
4.8470e-02 1.8596e+05
5.7370e-02 1.9014e+05
6.3580e-02 1.7711e+05
7.0280e-02 1.6452e+05
7.8030e-02 1.5348e+05
8.5750e-02 1.4113e+05
9.4140e-02 1.2955e+05
1.0340e-01 1.1862e+05
1.1380e-01 1.0961e+05
1.2580e-01 1.0047e+05
1.4020e-01 9.2846e+04
1.5810e-01 8.7084e+04
1.8120e-01 8.4048e+04
2.1040e-01 8.3939e+04
2.4730e-01 8.7642e+04
2.9240e-01 9.5743e+04
3.4460e-01 1.0775e+05
4.0360e-01 1.2364e+05
4.6590e-01 1.4193e+05
5.3140e-01 1.6219e+05
5.9850e-01 1.8312e+05
6.6750e-01 2.0450e+05
7.3940e-01 2.2655e+05
8.1470e-01 2.4884e+05
1.5390e+00 9.1054e+05
1.5910e+00 8.7114e+05
1.6550e+00 8.4025e+05
1.7300e+00 8.1953e+05
1.8190e+00 8.0969e+05
1.9240e+00 8.0932e+05
2.0450e+00 8.1925e+05
2.1850e+00 8.4029e+05
2.3430e+00 8.7250e+05
2.5160e+00 9.1206e+05
2.7130e+00 9.6713e+05
2.9290e+00 1.0324e+06
3.1630e+00 1.1074e+06
3.4120e+00 1.1899e+06
3.6720e+00 1.2775e+06
3.9380e+00 1.3652e+06
4.2070e+00 1.4488e+06
4.4770e+00 1.5256e+06
4.7410e+00 1.5915e+06
5.0010e+00 1.6427e+06
5.2560e+00 1.6795e+06
5.5040e+00 1.7002e+06
5.7480e+00 1.7066e+06
5.9880e+00 1.7003e+06
6.2250e+00 1.6788e+06
6.4610e+00 1.6493e+06
6.6970e+00 1.6092e+06
6.9350e+00 1.5629e+06
7.1770e+00 1.5112e+06
7.4250e+00 1.4551e+06
7.6810e+00 1.3969e+06
7.9490e+00 1.3369e+06
8.2290e+00 1.2766e+06
8.5260e+00 1.2157e+06
8.8440e+00 1.1556e+06
9.1860e+00 1.0966e+06
9.5560e+00 1.0387e+06
9.9610e+00 9.8199e+05
1.0410e+01 9.2655e+05
1.0900e+01 8.7239e+05
1.1440e+01 8.1948e+05
1.2050e+01 7.6807e+05
1.2740e+01 7.1807e+05
1.3520e+01 6.6953e+05
1.4400e+01 6.2255e+05
1.5400e+01 5.7691e+05
1.6540e+01 5.3336e+05
1.7850e+01 4.9158e+05
1.9340e+01 4.5176e+05
2.1050e+01 4.1417e+05
2.3020e+01 3.7841e+05
2.5270e+01 3.4502e+05
2.7850e+01 3.1397e+05
3.0810e+01 2.8497e+05
3.4210e+01 2.5824e+05
3.8140e+01 2.3347e+05
4.2680e+01 2.1073e+05
4.7960e+01 1.8980e+05
5.4130e+01 1.7055e+05
6.1400e+01 1.5291e+05
7.0040e+01 1.3661e+05
8.0400e+01 1.2159e+05
