9.6320e-03 0.0000e+00
1.0420e-02 0.0000e+00
1.1350e-02 0.0000e+00
1.2470e-02 0.0000e+00
1.3820e-02 0.0000e+00
1.5440e-02 0.0000e+00
1.7390e-02 0.0000e+00
1.9580e-02 0.0000e+00
2.2290e-02 0.0000e+00
2.5430e-02 0.0000e+00
2.9170e-02 0.0000e+00
3.3230e-02 0.0000e+00
3.7770e-02 0.0000e+00
4.2950e-02 0.0000e+00
4.8470e-02 0.0000e+00
5.7370e-02 0.0000e+00
6.3580e-02 0.0000e+00
7.0280e-02 0.0000e+00
7.8030e-02 0.0000e+00
8.5750e-02 0.0000e+00
9.4140e-02 0.0000e+00
1.0340e-01 0.0000e+00
1.1380e-01 0.0000e+00
1.2580e-01 0.0000e+00
1.4020e-01 0.0000e+00
1.5810e-01 0.0000e+00
1.8120e-01 1.9262e-08
2.1040e-01 7.0975e-08
2.4730e-01 2.9168e-07
2.9240e-01 1.7258e-06
3.4460e-01 8.0055e-06
4.0360e-01 3.7117e-05
4.6590e-01 1.5912e-04
5.3140e-01 6.2159e-04
5.9850e-01 2.1629e-03
6.6750e-01 6.7380e-03
7.3940e-01 1.8967e-02
8.1470e-01 4.8357e-02
1.5390e+00 6.9226e+01
1.5910e+00 6.2437e+01
1.6550e+00 5.6311e+01
1.7300e+00 5.1051e+01
1.8190e+00 4.6660e+01
1.9240e+00 4.3177e+01
2.0450e+00 4.0808e+01
2.1850e+00 3.9748e+01
2.3430e+00 4.0268e+01
2.5160e+00 4.2355e+01
2.7130e+00 4.6811e+01
2.9290e+00 5.3555e+01
3.1630e+00 6.2694e+01
3.4120e+00 7.4038e+01
3.6720e+00 8.7213e+01
3.9380e+00 1.0147e+02
4.2070e+00 1.1596e+02
4.4770e+00 1.2995e+02
4.7410e+00 1.4221e+02
5.0010e+00 1.5253e+02
5.2560e+00 1.6030e+02
5.5040e+00 1.6530e+02
5.7480e+00 1.6774e+02
5.9880e+00 1.6782e+02
6.2250e+00 1.6545e+02
6.4610e+00 1.6152e+02
6.6970e+00 1.5598e+02
6.9350e+00 1.4941e+02
7.1770e+00 1.4212e+02
7.4250e+00 1.3438e+02
7.6810e+00 1.2628e+02
7.9490e+00 1.1818e+02
8.2290e+00 1.1017e+02
8.5260e+00 1.0227e+02
8.8440e+00 9.4624e+01
9.1860e+00 8.7290e+01
9.5560e+00 8.0249e+01
9.9610e+00 7.3518e+01
1.0410e+01 6.7083e+01
1.0900e+01 6.0943e+01
1.1440e+01 5.5141e+01
1.2050e+01 4.9672e+01
1.2740e+01 4.4498e+01
1.3520e+01 3.9672e+01
1.4400e+01 3.5152e+01
1.5400e+01 3.0996e+01
1.6540e+01 2.7178e+01
1.7850e+01 2.3719e+01
1.9340e+01 2.0571e+01
2.1050e+01 1.7769e+01
2.3020e+01 1.5272e+01
2.5270e+01 1.3072e+01
2.7850e+01 1.1153e+01
3.0810e+01 9.4812e+00
3.4210e+01 8.0463e+00
3.8140e+01 6.8053e+00
4.2680e+01 5.7497e+00
4.7960e+01 4.8508e+00
5.4130e+01 4.0874e+00
6.1400e+01 3.4406e+00
7.0040e+01 2.8919e+00
8.0400e+01 2.4264e+00
