9.6320e-03 2.3602e+06
1.0420e-02 2.3325e+06
1.1350e-02 2.3207e+06
1.2470e-02 2.3217e+06
1.3820e-02 2.3400e+06
1.5440e-02 2.3727e+06
1.7390e-02 2.4199e+06
1.9580e-02 2.4960e+06
2.2290e-02 2.5699e+06
2.5430e-02 2.6550e+06
2.9170e-02 2.7842e+06
3.3230e-02 2.8775e+06
3.7770e-02 2.9700e+06
4.2950e-02 3.0886e+06
4.8470e-02 3.1659e+06
5.7370e-02 3.5651e+06
6.3580e-02 3.5648e+06
7.0280e-02 3.5609e+06
7.8030e-02 3.5925e+06
8.5750e-02 3.5578e+06
9.4140e-02 3.5180e+06
1.0340e-01 3.4704e+06
1.1380e-01 3.4528e+06
1.2580e-01 3.3961e+06
1.4020e-01 3.3488e+06
1.5810e-01 3.3126e+06
1.8120e-01 3.3073e+06
2.1040e-01 3.3088e+06
2.4730e-01 3.3316e+06
2.9240e-01 3.3803e+06
3.4460e-01 3.4265e+06
4.0360e-01 3.4746e+06
4.6590e-01 3.4974e+06
5.3140e-01 3.5012e+06
5.9850e-01 3.4666e+06
6.6750e-01 3.4069e+06
7.3940e-01 3.3214e+06
8.1470e-01 3.2106e+06
1.5390e+00 3.7491e+06
1.5910e+00 3.5155e+06
1.6550e+00 3.2934e+06
1.7300e+00 3.0926e+06
1.8190e+00 2.9110e+06
1.9240e+00 2.7464e+06
2.0450e+00 2.5990e+06
2.1850e+00 2.4672e+06
2.3430e+00 2.3526e+06
2.5160e+00 2.2474e+06
2.7130e+00 2.1577e+06
2.9290e+00 2.0763e+06
3.1630e+00 2.0023e+06
3.4120e+00 1.9342e+06
3.6720e+00 1.8699e+06
3.9380e+00 1.8067e+06
4.2070e+00 1.7427e+06
4.4770e+00 1.6772e+06
4.7410e+00 1.6080e+06
5.0010e+00 1.5355e+06
5.2560e+00 1.4607e+06
5.5040e+00 1.3831e+06
5.7480e+00 1.3048e+06
5.9880e+00 1.2267e+06
6.2250e+00 1.1483e+06
6.4610e+00 1.0716e+06
6.6970e+00 9.9656e+05
6.9350e+00 9.2414e+05
7.1770e+00 8.5577e+05
7.4250e+00 7.8965e+05
7.6810e+00 7.2786e+05
7.9490e+00 6.6950e+05
8.2290e+00 6.1503e+05
8.5260e+00 5.6367e+05
8.8440e+00 5.1583e+05
9.1860e+00 4.7142e+05
9.5560e+00 4.3011e+05
9.9610e+00 3.9155e+05
1.0410e+01 3.5564e+05
1.0900e+01 3.2205e+05
1.1440e+01 2.9123e+05
1.2050e+01 2.6248e+05
1.2740e+01 2.3573e+05
1.3520e+01 2.1114e+05
1.4400e+01 1.8858e+05
1.5400e+01 1.6764e+05
1.6540e+01 1.4867e+05
1.7850e+01 1.3134e+05
1.9340e+01 1.1564e+05
2.1050e+01 1.0155e+05
2.3020e+01 8.8824e+04
2.5270e+01 7.7517e+04
2.7850e+01 6.7474e+04
3.0810e+01 5.8563e+04
3.4210e+01 5.0744e+04
3.8140e+01 4.3851e+04
4.2680e+01 3.7812e+04
4.7960e+01 3.2529e+04
5.4130e+01 2.7913e+04
6.1400e+01 2.3879e+04
7.0040e+01 2.0354e+04
8.0400e+01 1.7270e+04
