1.3950e-02 0.0000e+00
1.5780e-02 0.0000e+00
1.8090e-02 0.0000e+00
2.0820e-02 0.0000e+00
2.4390e-02 0.0000e+00
3.1940e-02 0.0000e+00
3.8910e-02 0.0000e+00
4.4270e-02 0.0000e+00
5.0630e-02 0.0000e+00
5.8190e-02 0.0000e+00
6.7210e-02 0.0000e+00
7.9170e-02 0.0000e+00
9.2210e-02 0.0000e+00
1.0760e-01 0.0000e+00
1.2750e-01 0.0000e+00
1.5290e-01 7.5562e-09
1.8320e-01 1.4809e-08
2.1960e-01 2.7789e-08
2.6220e-01 5.0419e-08
3.1070e-01 6.0257e-07
3.6160e-01 1.0656e-06
4.1420e-01 1.9176e-06
4.6670e-01 3.6568e-06
5.1850e-01 8.3208e-06
5.6810e-01 1.8074e-05
6.1570e-01 4.1779e-05
6.6170e-01 1.0381e-04
7.0710e-01 2.7999e-04
7.5150e-01 7.9465e-04
7.9630e-01 2.3033e-03
8.4220e-01 6.5624e-03
8.9050e-01 1.7981e-02
9.4170e-01 4.6536e-02
9.9700e-01 1.1358e-01
1.6200e+00 7.4060e+01
1.6640e+00 6.8659e+01
1.7160e+00 6.4180e+01
1.7750e+00 6.0782e+01
1.8430e+00 5.8792e+01
1.9220e+00 5.8714e+01
2.0110e+00 6.1088e+01
2.1110e+00 6.6798e+01
2.2240e+00 7.6733e+01
2.3480e+00 9.1635e+01
2.4860e+00 1.1216e+02
2.6310e+00 1.3675e+02
2.7960e+00 1.6878e+02
2.9760e+00 2.0560e+02
3.1710e+00 2.4613e+02
3.3810e+00 2.8780e+02
3.6030e+00 3.2899e+02
3.8370e+00 3.6705e+02
4.0780e+00 3.9971e+02
4.3240e+00 4.2619e+02
4.5710e+00 4.4492e+02
4.8180e+00 4.5608e+02
5.0610e+00 4.5926e+02
5.3000e+00 4.5570e+02
5.5350e+00 4.4594e+02
5.7660e+00 4.3145e+02
5.9930e+00 4.1316e+02
6.2180e+00 3.9241e+02
6.4410e+00 3.6942e+02
6.6650e+00 3.4593e+02
6.8890e+00 3.2177e+02
7.1160e+00 2.9817e+02
7.3470e+00 2.7512e+02
7.5840e+00 2.5300e+02
7.8300e+00 2.3190e+02
8.0850e+00 2.1209e+02
8.3540e+00 1.9349e+02
8.6390e+00 1.7603e+02
8.9430e+00 1.5989e+02
9.2710e+00 1.4479e+02
9.6260e+00 1.3080e+02
1.0010e+01 1.1781e+02
1.0440e+01 1.0575e+02
1.0920e+01 9.4634e+01
1.1440e+01 8.4383e+01
1.2030e+01 7.4940e+01
1.2690e+01 6.6320e+01
1.3440e+01 5.8466e+01
1.4290e+01 5.1339e+01
1.5260e+01 4.4903e+01
1.6360e+01 3.9145e+01
1.7630e+01 3.4002e+01
1.9070e+01 2.9432e+01
2.0730e+01 2.5427e+01
2.2630e+01 2.1921e+01
2.4800e+01 1.8863e+01
2.7300e+01 1.6218e+01
3.0170e+01 1.3931e+01
3.3460e+01 1.1978e+01
3.7250e+01 1.0291e+01
4.1640e+01 8.8492e+00
4.6720e+01 7.6195e+00
5.2660e+01 6.5666e+00
5.9650e+01 5.6599e+00
6.7940e+01 4.8831e+00
7.7840e+01 4.2169e+00
