1.0400e-01 4.0937e+05
1.2090e-01 4.3413e+05
1.4080e-01 4.5863e+05
1.6530e-01 4.9059e+05
1.9540e-01 5.3181e+05
2.3190e-01 5.8514e+05
2.7570e-01 6.5342e+05
3.2490e-01 7.3345e+05
3.7860e-01 8.2519e+05
4.3570e-01 9.2662e+05
4.9200e-01 1.0300e+06
5.4710e-01 1.1308e+06
6.0010e-01 1.2254e+06
6.5070e-01 1.3081e+06
6.9940e-01 1.3804e+06
7.4610e-01 1.4380e+06
7.9200e-01 1.4823e+06
8.3780e-01 1.5157e+06
8.8460e-01 1.5407e+06
9.3280e-01 1.5563e+06
9.8380e-01 1.5672e+06
1.0380e+00 1.5734e+06
1.0970e+00 1.5797e+06
1.1620e+00 1.5834e+06
1.2330e+00 1.5892e+06
1.6420e+00 1.9957e+06
1.7060e+00 1.9693e+06
1.7780e+00 1.9515e+06
1.8610e+00 1.9411e+06
1.9530e+00 1.9396e+06
2.0570e+00 1.9451e+06
2.1720e+00 1.9587e+06
2.2980e+00 1.9788e+06
2.4370e+00 2.0058e+06
2.5810e+00 2.0315e+06
2.7450e+00 2.0709e+06
2.9230e+00 2.1191e+06
3.1130e+00 2.1721e+06
3.3150e+00 2.2321e+06
3.5260e+00 2.2937e+06
3.7410e+00 2.3487e+06
3.9560e+00 2.3966e+06
4.1650e+00 2.4308e+06
4.3650e+00 2.4437e+06
4.5530e+00 2.4324e+06
4.7290e+00 2.4010e+06
4.8920e+00 2.3494e+06
5.0440e+00 2.2815e+06
5.1860e+00 2.2018e+06
5.3200e+00 2.1117e+06
5.4480e+00 2.0178e+06
5.5720e+00 1.9205e+06
5.6940e+00 1.8232e+06
5.8150e+00 1.7272e+06
5.9360e+00 1.6333e+06
6.0590e+00 1.5426e+06
6.1850e+00 1.4553e+06
6.3140e+00 1.3717e+06
6.4460e+00 1.2917e+06
6.5840e+00 1.2153e+06
6.7260e+00 1.1434e+06
6.8750e+00 1.0757e+06
7.0290e+00 1.0108e+06
7.1910e+00 9.5075e+05
7.3600e+00 8.9225e+05
7.5370e+00 8.3881e+05
7.7250e+00 7.8817e+05
7.9230e+00 7.4151e+05
8.1340e+00 6.9707e+05
8.3590e+00 6.5538e+05
8.6010e+00 6.1706e+05
8.8620e+00 5.8075e+05
9.1450e+00 5.4714e+05
9.4530e+00 5.1550e+05
9.7920e+00 4.8613e+05
1.0160e+01 4.5876e+05
1.0580e+01 4.3322e+05
1.1040e+01 4.0908e+05
1.1550e+01 3.8667e+05
1.2130e+01 3.6527e+05
1.2780e+01 3.4550e+05
1.3520e+01 3.2699e+05
1.4360e+01 3.0971e+05
1.5320e+01 2.9361e+05
1.6410e+01 2.7835e+05
1.7660e+01 2.6437e+05
1.9090e+01 2.5130e+05
2.0740e+01 2.3929e+05
2.2630e+01 2.2810e+05
2.4790e+01 2.1771e+05
2.7270e+01 2.0831e+05
3.0120e+01 1.9944e+05
3.3390e+01 1.9126e+05
3.7160e+01 1.8368e+05
4.1510e+01 1.7661e+05
4.6570e+01 1.6990e+05
5.2470e+01 1.6349e+05
5.9410e+01 1.5724e+05
6.7640e+01 1.5106e+05
7.7480e+01 1.4479e+05
