1.0400e-01 0.0000e+00
1.2090e-01 0.0000e+00
1.4080e-01 0.0000e+00
1.6530e-01 0.0000e+00
1.9540e-01 0.0000e+00
2.3190e-01 0.0000e+00
2.7570e-01 8.5163e-10
3.2490e-01 1.5509e-09
3.7860e-01 2.7364e-09
4.3570e-01 2.1120e-08
4.9200e-01 3.8129e-08
5.4710e-01 7.2043e-08
6.0010e-01 1.4814e-07
6.5070e-01 3.3295e-07
6.9940e-01 8.7375e-07
7.4610e-01 2.2460e-06
7.9200e-01 6.2677e-06
8.3780e-01 1.9069e-05
8.8460e-01 6.1394e-05
9.3280e-01 1.9745e-04
9.8380e-01 6.1503e-04
1.0380e+00 1.8205e-03
1.0970e+00 5.1054e-03
1.1620e+00 1.3467e-02
1.2330e+00 3.3556e-02
1.6420e+00 1.3694e+01
1.7060e+00 1.2752e+01
1.7780e+00 1.1982e+01
1.8610e+00 1.1453e+01
1.9530e+00 1.1279e+01
2.0570e+00 1.1609e+01
2.1720e+00 1.2639e+01
2.2980e+00 1.4589e+01
2.4370e+00 1.7677e+01
2.5810e+00 2.1731e+01
2.7450e+00 2.7556e+01
2.9230e+00 3.4911e+01
3.1130e+00 4.3605e+01
3.3150e+00 5.3503e+01
3.5260e+00 6.4120e+01
3.7410e+00 7.4772e+01
3.9560e+00 8.4995e+01
4.1650e+00 9.4166e+01
4.3650e+00 1.0161e+02
4.5530e+00 1.0707e+02
4.7290e+00 1.1056e+02
4.8920e+00 1.1213e+02
5.0440e+00 1.1201e+02
5.1860e+00 1.1052e+02
5.3200e+00 1.0783e+02
5.4480e+00 1.0441e+02
5.5720e+00 1.0034e+02
5.6940e+00 9.5922e+01
5.8150e+00 9.1303e+01
5.9360e+00 8.6538e+01
6.0590e+00 8.1779e+01
6.1850e+00 7.7038e+01
6.3140e+00 7.2402e+01
6.4460e+00 6.7864e+01
6.5840e+00 6.3483e+01
6.7260e+00 5.9275e+01
6.8750e+00 5.5278e+01
7.0290e+00 5.1411e+01
7.1910e+00 4.7782e+01
7.3600e+00 4.4314e+01
7.5370e+00 4.1083e+01
7.7250e+00 3.8052e+01
7.9230e+00 3.5214e+01
8.1340e+00 3.2555e+01
8.3590e+00 3.0071e+01
8.6010e+00 2.7760e+01
8.8620e+00 2.5598e+01
9.1450e+00 2.3581e+01
9.4530e+00 2.1706e+01
9.7920e+00 1.9945e+01
1.0160e+01 1.8307e+01
1.0580e+01 1.6757e+01
1.1040e+01 1.5310e+01
1.1550e+01 1.3954e+01
1.2130e+01 1.2680e+01
1.2780e+01 1.1491e+01
1.3520e+01 1.0383e+01
1.4360e+01 9.3504e+00
1.5320e+01 8.4009e+00
1.6410e+01 7.5193e+00
1.7660e+01 6.7143e+00
1.9090e+01 5.9783e+00
2.0740e+01 5.3132e+00
2.2630e+01 4.7115e+00
2.4790e+01 4.1711e+00
2.7270e+01 3.6904e+00
3.0120e+01 3.2596e+00
3.3390e+01 2.8783e+00
3.7160e+01 2.5408e+00
4.1510e+01 2.2420e+00
4.6570e+01 1.9776e+00
5.2470e+01 1.7430e+00
5.9410e+01 1.5347e+00
6.7640e+01 1.3492e+00
7.7480e+01 1.1837e+00
