1.3950e-02 0.0000e+00
1.5780e-02 0.0000e+00
1.8090e-02 0.0000e+00
2.0820e-02 0.0000e+00
2.4390e-02 0.0000e+00
3.1940e-02 0.0000e+00
3.8910e-02 0.0000e+00
4.4270e-02 0.0000e+00
5.0630e-02 0.0000e+00
5.8190e-02 0.0000e+00
6.7210e-02 0.0000e+00
7.9170e-02 0.0000e+00
9.2210e-02 0.0000e+00
1.0760e-01 0.0000e+00
1.2750e-01 0.0000e+00
1.5290e-01 0.0000e+00
1.8320e-01 0.0000e+00
2.1960e-01 0.0000e+00
2.6220e-01 0.0000e+00
3.1070e-01 4.1238e-08
3.6160e-01 7.2591e-08
4.1420e-01 1.2645e-07
4.6670e-01 2.2953e-07
5.1850e-01 5.4188e-07
5.6810e-01 1.1678e-06
6.1570e-01 2.7438e-06
6.6170e-01 7.0064e-06
7.0710e-01 1.9511e-05
7.5150e-01 5.7635e-05
7.9630e-01 1.7523e-04
8.4220e-01 5.2515e-04
8.9050e-01 1.5108e-03
9.4170e-01 4.0805e-03
9.9700e-01 1.0318e-02
1.6200e+00 4.5323e+01
1.6640e+00 4.1801e+01
1.7160e+00 3.8706e+01
1.7750e+00 3.5924e+01
1.8430e+00 3.3481e+01
1.9220e+00 3.1412e+01
2.0110e+00 2.9715e+01
2.1110e+00 2.8540e+01
2.2240e+00 2.7941e+01
2.3480e+00 2.8031e+01
2.4860e+00 2.8986e+01
2.6310e+00 3.0791e+01
2.7960e+00 3.4138e+01
2.9760e+00 3.9068e+01
3.1710e+00 4.5880e+01
3.3810e+00 5.4659e+01
3.6030e+00 6.5532e+01
3.8370e+00 7.8187e+01
4.0780e+00 9.2138e+01
4.3240e+00 1.0688e+02
4.5710e+00 1.2143e+02
4.8180e+00 1.3521e+02
5.0610e+00 1.4714e+02
5.3000e+00 1.5696e+02
5.5350e+00 1.6425e+02
5.7660e+00 1.6881e+02
5.9930e+00 1.7071e+02
6.2180e+00 1.7044e+02
6.4410e+00 1.6774e+02
6.6650e+00 1.6353e+02
6.8890e+00 1.5772e+02
7.1160e+00 1.5098e+02
7.3470e+00 1.4352e+02
7.5840e+00 1.3560e+02
7.8300e+00 1.2738e+02
8.0850e+00 1.1917e+02
8.3540e+00 1.1102e+02
8.6390e+00 1.0305e+02
8.9430e+00 9.5377e+01
9.2710e+00 8.7966e+01
9.6260e+00 8.0864e+01
1.0010e+01 7.4083e+01
1.0440e+01 6.7574e+01
1.0920e+01 6.1440e+01
1.1440e+01 5.5628e+01
1.2030e+01 5.0123e+01
1.2690e+01 4.4946e+01
1.3440e+01 4.0104e+01
1.4290e+01 3.5582e+01
1.5260e+01 3.1411e+01
1.6360e+01 2.7575e+01
1.7630e+01 2.4077e+01
1.9070e+01 2.0911e+01
2.0730e+01 1.8079e+01
2.2630e+01 1.5548e+01
2.4800e+01 1.3329e+01
2.7300e+01 1.1377e+01
3.0170e+01 9.6818e+00
3.3460e+01 8.2190e+00
3.7250e+01 6.9618e+00
4.1640e+01 5.8841e+00
4.6720e+01 4.9690e+00
5.2660e+01 4.1905e+00
5.9650e+01 3.5286e+00
6.7940e+01 2.9678e+00
7.7840e+01 2.4934e+00
