1.0400e-01 1.2564e+07
1.2090e-01 1.2527e+07
1.4080e-01 1.2491e+07
1.6530e-01 1.2632e+07
1.9540e-01 1.2981e+07
2.3190e-01 1.3559e+07
2.7570e-01 1.4405e+07
3.2490e-01 1.5425e+07
3.7860e-01 1.6622e+07
4.3570e-01 1.7932e+07
4.9200e-01 1.9230e+07
5.4710e-01 2.0444e+07
6.0010e-01 2.1514e+07
6.5070e-01 2.2373e+07
6.9940e-01 2.3041e+07
7.4610e-01 2.3462e+07
7.9200e-01 2.3662e+07
8.3780e-01 2.3682e+07
8.8460e-01 2.3573e+07
9.3280e-01 2.3310e+07
9.8380e-01 2.2972e+07
1.0380e+00 2.2560e+07
1.0970e+00 2.2137e+07
1.1620e+00 2.1665e+07
1.2330e+00 2.1209e+07
1.6420e+00 2.3583e+07
1.7060e+00 2.2832e+07
1.7780e+00 2.2157e+07
1.8610e+00 2.1545e+07
1.9530e+00 2.1000e+07
2.0570e+00 2.0506e+07
2.1720e+00 2.0057e+07
2.2980e+00 1.9648e+07
2.4370e+00 1.9266e+07
2.5810e+00 1.8859e+07
2.7450e+00 1.8512e+07
2.9230e+00 1.8190e+07
3.1130e+00 1.7871e+07
3.3150e+00 1.7565e+07
3.5260e+00 1.7249e+07
3.7410e+00 1.6878e+07
3.9560e+00 1.6480e+07
4.1650e+00 1.6027e+07
4.3650e+00 1.5493e+07
4.5530e+00 1.4876e+07
4.7290e+00 1.4210e+07
4.8920e+00 1.3495e+07
5.0440e+00 1.2756e+07
5.1860e+00 1.2009e+07
5.3200e+00 1.1261e+07
5.4480e+00 1.0533e+07
5.5720e+00 9.8239e+06
5.6940e+00 9.1489e+06
5.8150e+00 8.5058e+06
5.9360e+00 7.8969e+06
6.0590e+00 7.3253e+06
6.1850e+00 6.7874e+06
6.3140e+00 6.2841e+06
6.4460e+00 5.8125e+06
6.5840e+00 5.3722e+06
6.7260e+00 4.9612e+06
6.8750e+00 4.5833e+06
7.0290e+00 4.2268e+06
7.1910e+00 3.8983e+06
7.3600e+00 3.5924e+06
7.5370e+00 3.3105e+06
7.7250e+00 3.0501e+06
7.9230e+00 2.8097e+06
8.1340e+00 2.5872e+06
8.3590e+00 2.3809e+06
8.6010e+00 2.1914e+06
8.8620e+00 2.0149e+06
9.1450e+00 1.8525e+06
9.4530e+00 1.7023e+06
9.7920e+00 1.5627e+06
1.0160e+01 1.4339e+06
1.0580e+01 1.3130e+06
1.1040e+01 1.2012e+06
1.1550e+01 1.0974e+06
1.2130e+01 1.0007e+06
1.2780e+01 9.1072e+05
1.3520e+01 8.2729e+05
1.4360e+01 7.4961e+05
1.5320e+01 6.7816e+05
1.6410e+01 6.1179e+05
1.7660e+01 5.5070e+05
1.9090e+01 4.9460e+05
2.0740e+01 4.4342e+05
2.2630e+01 3.9668e+05
2.4790e+01 3.5416e+05
2.7270e+01 3.1583e+05
3.0120e+01 2.8101e+05
3.3390e+01 2.4970e+05
3.7160e+01 2.2151e+05
4.1510e+01 1.9630e+05
4.6570e+01 1.7364e+05
5.2470e+01 1.5331e+05
5.9410e+01 1.3503e+05
6.7640e+01 1.1859e+05
7.7480e+01 1.0383e+05
