1.3950e-02 1.5427e+06
1.5780e-02 1.5530e+06
1.8090e-02 1.6179e+06
2.0820e-02 1.6370e+06
2.4390e-02 1.6964e+06
3.1940e-02 1.9548e+06
3.8910e-02 2.0890e+06
4.4270e-02 2.0666e+06
5.0630e-02 2.0502e+06
5.8190e-02 2.0374e+06
6.7210e-02 2.0299e+06
7.9170e-02 2.0584e+06
9.2210e-02 2.0559e+06
1.0760e-01 2.0701e+06
1.2750e-01 2.0852e+06
1.5290e-01 2.1324e+06
1.8320e-01 2.1732e+06
2.1960e-01 2.2320e+06
2.6220e-01 2.3021e+06
3.1070e-01 2.3903e+06
3.6160e-01 2.4703e+06
4.1420e-01 2.5415e+06
4.6670e-01 2.6008e+06
5.1850e-01 2.6492e+06
5.6810e-01 2.6659e+06
6.1570e-01 2.6633e+06
6.6170e-01 2.6405e+06
7.0710e-01 2.6027e+06
7.5150e-01 2.5444e+06
7.9630e-01 2.4780e+06
8.4220e-01 2.4024e+06
8.9050e-01 2.3272e+06
9.4170e-01 2.2466e+06
9.9700e-01 2.1664e+06
1.6200e+00 2.6105e+06
1.6640e+00 2.4748e+06
1.7160e+00 2.3563e+06
1.7750e+00 2.2520e+06
1.8430e+00 2.1588e+06
1.9220e+00 2.0808e+06
2.0110e+00 2.0121e+06
2.1110e+00 1.9537e+06
2.2240e+00 1.9058e+06
2.3480e+00 1.8646e+06
2.4860e+00 1.8270e+06
2.6310e+00 1.7918e+06
2.7960e+00 1.7641e+06
2.9760e+00 1.7407e+06
3.1710e+00 1.7191e+06
3.3810e+00 1.6968e+06
3.6030e+00 1.6757e+06
3.8370e+00 1.6536e+06
4.0780e+00 1.6273e+06
4.3240e+00 1.5985e+06
4.5710e+00 1.5630e+06
4.8180e+00 1.5232e+06
5.0610e+00 1.4757e+06
5.3000e+00 1.4230e+06
5.5350e+00 1.3640e+06
5.7660e+00 1.3011e+06
5.9930e+00 1.2353e+06
6.2180e+00 1.1673e+06
6.4410e+00 1.0981e+06
6.6650e+00 1.0294e+06
6.8890e+00 9.6105e+05
7.1160e+00 8.9444e+05
7.3470e+00 8.3097e+05
7.5840e+00 7.6964e+05
7.8300e+00 7.1074e+05
8.0850e+00 6.5586e+05
8.3540e+00 6.0382e+05
8.6390e+00 5.5458e+05
8.9430e+00 5.0895e+05
9.2710e+00 4.6604e+05
9.6260e+00 4.2588e+05
1.0010e+01 3.8835e+05
1.0440e+01 3.5349e+05
1.0920e+01 3.2088e+05
1.1440e+01 2.9059e+05
1.2030e+01 2.6215e+05
1.2690e+01 2.3594e+05
1.3440e+01 2.1175e+05
1.4290e+01 1.8933e+05
1.5260e+01 1.6861e+05
1.6360e+01 1.4967e+05
1.7630e+01 1.3248e+05
1.9070e+01 1.1677e+05
2.0730e+01 1.0266e+05
2.2630e+01 8.9919e+04
2.4800e+01 7.8543e+04
2.7300e+01 6.8446e+04
3.0170e+01 5.9457e+04
3.3460e+01 5.1572e+04
3.7250e+01 4.4612e+04
4.1640e+01 3.8506e+04
4.6720e+01 3.3167e+04
5.2660e+01 2.8494e+04
5.9650e+01 2.4399e+04
6.7940e+01 2.0821e+04
7.7840e+01 1.7703e+04
