5.0000e-01 8.5600e+05
5.2110e-01 8.6483e+05
5.4310e-01 8.7825e+05
5.6600e-01 8.9572e+05
5.8990e-01 9.1561e+05
6.1490e-01 9.3826e+05
6.4080e-01 9.6352e+05
6.6790e-01 9.9248e+05
6.9610e-01 1.0220e+06
7.2550e-01 1.0559e+06
7.5610e-01 1.0914e+06
7.8800e-01 1.1287e+06
8.2130e-01 1.1698e+06
8.5600e-01 1.2111e+06
8.9210e-01 1.2579e+06
9.2980e-01 1.3040e+06
9.6910e-01 1.3551e+06
1.0100e+00 1.4060e+06
1.0530e+00 1.4603e+06
1.0970e+00 1.5126e+06
1.1430e+00 1.5659e+06
1.1920e+00 1.6165e+06
1.2420e+00 1.6621e+06
1.2940e+00 1.6958e+06
1.3490e+00 1.7189e+06
1.4060e+00 1.7163e+06
1.4650e+00 1.6938e+06
1.5270e+00 1.6434e+06
1.5920e+00 1.5717e+06
1.6590e+00 1.4811e+06
1.7290e+00 1.3757e+06
1.8020e+00 1.2715e+06
1.8780e+00 1.1655e+06
1.9570e+00 1.0650e+06
2.0400e+00 9.7380e+05
2.1260e+00 8.8971e+05
2.2160e+00 8.1485e+05
2.3100e+00 7.4922e+05
2.4070e+00 6.9012e+05
2.5090e+00 6.3846e+05
2.6150e+00 5.9336e+05
2.7250e+00 5.5330e+05
2.8400e+00 5.1821e+05
2.9600e+00 4.8698e+05
3.0850e+00 4.5970e+05
3.2150e+00 4.3566e+05
3.3510e+00 4.1472e+05
3.4930e+00 3.9554e+05
3.6400e+00 3.7887e+05
3.7940e+00 3.6429e+05
3.9540e+00 3.5131e+05
4.1210e+00 3.3958e+05
4.2950e+00 3.2909e+05
4.4760e+00 3.2003e+05
4.6650e+00 3.1189e+05
4.8620e+00 3.0429e+05
5.0670e+00 2.9733e+05
5.2810e+00 2.9114e+05
5.5040e+00 2.8529e+05
5.7370e+00 2.7957e+05
5.9790e+00 2.7451e+05
6.2320e+00 2.6938e+05
6.4950e+00 2.6464e+05
6.7690e+00 2.6001e+05
7.0550e+00 2.5520e+05
7.3530e+00 2.5079e+05
7.6630e+00 2.4618e+05
7.9870e+00 2.4167e+05
8.3240e+00 2.3728e+05
8.6750e+00 2.3265e+05
9.0420e+00 2.2823e+05
9.4230e+00 2.2368e+05
9.8210e+00 2.1896e+05
1.0240e+01 2.1422e+05
1.0670e+01 2.0954e+05
1.1120e+01 2.0468e+05
1.1590e+01 1.9984e+05
1.2080e+01 1.9483e+05
1.2590e+01 1.8992e+05
1.3120e+01 1.8498e+05
1.3670e+01 1.8002e+05
1.4250e+01 1.7499e+05
1.4850e+01 1.7002e+05
1.5480e+01 1.6509e+05
1.6130e+01 1.6014e+05
1.6810e+01 1.5532e+05
1.7520e+01 1.5051e+05
1.8260e+01 1.4573e+05
1.9030e+01 1.4106e+05
1.9840e+01 1.3637e+05
2.0680e+01 1.3178e+05
2.1550e+01 1.2744e+05
2.2460e+01 1.2305e+05
2.3410e+01 1.1883e+05
2.4400e+01 1.1465e+05
2.5430e+01 1.1060e+05
2.6500e+01 1.0669e+05
2.7620e+01 1.0283e+05
2.8780e+01 9.9122e+04
3.0000e+01 9.5522e+04
