2.1830e-03 0.0000e+00
2.2400e-03 0.0000e+00
2.3110e-03 0.0000e+00
2.3980e-03 0.0000e+00
2.5040e-03 0.0000e+00
2.6330e-03 0.0000e+00
2.7870e-03 0.0000e+00
2.9700e-03 0.0000e+00
3.1870e-03 0.0000e+00
3.4430e-03 0.0000e+00
3.7460e-03 0.0000e+00
4.1050e-03 0.0000e+00
4.5360e-03 0.0000e+00
5.0580e-03 0.0000e+00
5.7050e-03 0.0000e+00
6.5200e-03 0.0000e+00
7.5700e-03 0.0000e+00
8.9490e-03 0.0000e+00
1.0780e-02 0.0000e+00
1.3220e-02 0.0000e+00
1.6330e-02 0.0000e+00
2.0470e-02 0.0000e+00
2.5770e-02 0.0000e+00
3.1940e-02 0.0000e+00
3.9040e-02 0.0000e+00
4.6920e-02 0.0000e+00
5.5550e-02 0.0000e+00
6.4530e-02 0.0000e+00
7.5190e-02 0.0000e+00
8.4730e-02 0.0000e+00
9.4670e-02 0.0000e+00
1.0510e-01 0.0000e+00
1.1720e-01 0.0000e+00
1.2870e-01 0.0000e+00
1.4100e-01 0.0000e+00
1.5520e-01 4.0110e-05
1.6970e-01 4.3519e-05
1.8610e-01 5.1092e-05
2.0460e-01 6.7848e-05
2.2610e-01 1.0447e-04
2.5140e-01 1.8186e-04
2.8150e-01 3.3880e-04
3.1740e-01 6.4054e-04
5.0380e-01 7.3794e+00
5.4080e-01 7.4151e+00
5.8220e-01 7.6310e+00
6.2630e-01 8.0007e+00
6.7110e-01 8.4904e+00
7.1500e-01 9.0566e+00
7.5670e-01 9.6812e+00
7.9550e-01 1.0329e+01
8.3120e-01 1.0975e+01
8.6400e-01 1.1583e+01
8.9430e-01 1.2092e+01
9.2080e-01 1.2398e+01
9.4820e-01 1.2583e+01
9.7470e-01 1.2530e+01
1.0010e+00 1.2249e+01
1.0290e+00 1.1774e+01
1.0590e+00 1.1211e+01
1.0950e+00 1.0950e+01
1.1440e+00 1.2059e+01
1.2180e+00 1.6862e+01
1.3390e+00 2.9000e+01
1.5330e+00 5.2386e+01
1.8130e+00 8.7437e+01
2.1720e+00 1.2961e+02
2.5790e+00 1.7083e+02
3.0000e+00 2.0415e+02
3.4080e+00 2.2591e+02
3.7940e+00 2.3628e+02
4.1550e+00 2.3732e+02
4.4990e+00 2.3122e+02
4.8340e+00 2.2038e+02
5.1690e+00 2.0651e+02
5.5120e+00 1.9121e+02
5.8730e+00 1.7504e+02
6.2600e+00 1.5888e+02
6.6770e+00 1.4327e+02
7.1330e+00 1.2844e+02
7.6310e+00 1.1456e+02
8.1770e+00 1.0177e+02
8.7750e+00 9.0085e+01
9.4280e+00 7.9473e+01
1.0140e+01 6.9893e+01
1.0920e+01 6.1336e+01
1.1770e+01 5.3691e+01
1.2710e+01 4.6896e+01
1.3740e+01 4.0890e+01
1.4870e+01 3.5606e+01
1.6130e+01 3.0965e+01
1.7520e+01 2.6908e+01
1.9090e+01 2.3390e+01
2.0840e+01 2.0323e+01
2.2820e+01 1.7664e+01
2.5070e+01 1.5364e+01
2.7630e+01 1.3370e+01
3.0580e+01 1.1635e+01
3.3980e+01 1.0129e+01
3.7930e+01 8.8178e+00
