2.1830e-03 0.0000e+00
2.2400e-03 0.0000e+00
2.3110e-03 0.0000e+00
2.3980e-03 0.0000e+00
2.5040e-03 0.0000e+00
2.6330e-03 0.0000e+00
2.7870e-03 0.0000e+00
2.9700e-03 0.0000e+00
3.1870e-03 0.0000e+00
3.4430e-03 0.0000e+00
3.7460e-03 0.0000e+00
4.1050e-03 0.0000e+00
4.5360e-03 0.0000e+00
5.0580e-03 0.0000e+00
5.7050e-03 0.0000e+00
6.5200e-03 0.0000e+00
7.5700e-03 0.0000e+00
8.9490e-03 0.0000e+00
1.0780e-02 0.0000e+00
1.3220e-02 0.0000e+00
1.6330e-02 0.0000e+00
2.0470e-02 0.0000e+00
2.5770e-02 0.0000e+00
3.1940e-02 0.0000e+00
3.9040e-02 0.0000e+00
4.6920e-02 0.0000e+00
5.5550e-02 0.0000e+00
6.4530e-02 0.0000e+00
7.5190e-02 0.0000e+00
8.4730e-02 0.0000e+00
9.4670e-02 0.0000e+00
1.0510e-01 0.0000e+00
1.1720e-01 0.0000e+00
1.2870e-01 0.0000e+00
1.4100e-01 0.0000e+00
1.5520e-01 3.7980e-06
1.6970e-01 3.9264e-06
1.8610e-01 4.2187e-06
2.0460e-01 4.9692e-06
2.2610e-01 6.9397e-06
2.5140e-01 1.1898e-05
2.8150e-01 2.3441e-05
3.1740e-01 4.8210e-05
5.0380e-01 8.2078e+00
5.4080e-01 7.4985e+00
5.8220e-01 6.8824e+00
6.2630e-01 6.3481e+00
6.7110e-01 5.8753e+00
7.1500e-01 5.4506e+00
7.5670e-01 5.0732e+00
7.9550e-01 4.7299e+00
8.3120e-01 4.4220e+00
8.6400e-01 4.1423e+00
8.9430e-01 3.8850e+00
9.2080e-01 3.6418e+00
9.4820e-01 3.4279e+00
9.7470e-01 3.2253e+00
1.0010e+00 3.0369e+00
1.0290e+00 2.8527e+00
1.0590e+00 2.6842e+00
1.0950e+00 2.5700e+00
1.1440e+00 2.6466e+00
1.2180e+00 3.2453e+00
1.3390e+00 4.9842e+00
1.5330e+00 8.7105e+00
1.8130e+00 1.4962e+01
2.1720e+00 2.3568e+01
2.5790e+00 3.3466e+01
3.0000e+00 4.3375e+01
3.4080e+00 5.2223e+01
3.7940e+00 5.9459e+01
4.1550e+00 6.4962e+01
4.4990e+00 6.8744e+01
4.8340e+00 7.1025e+01
5.1690e+00 7.1884e+01
5.5120e+00 7.1670e+01
5.8730e+00 7.0399e+01
6.2600e+00 6.8264e+01
6.6770e+00 6.5462e+01
7.1330e+00 6.2143e+01
7.6310e+00 5.8435e+01
8.1770e+00 5.4448e+01
8.7750e+00 5.0380e+01
9.4280e+00 4.6230e+01
1.0140e+01 4.2171e+01
1.0920e+01 3.8216e+01
1.1770e+01 3.4435e+01
1.2710e+01 3.0843e+01
1.3740e+01 2.7477e+01
1.4870e+01 2.4350e+01
1.6130e+01 2.1479e+01
1.7520e+01 1.8855e+01
1.9090e+01 1.6476e+01
2.0840e+01 1.4356e+01
2.2820e+01 1.2452e+01
2.5070e+01 1.0766e+01
2.7630e+01 9.2784e+00
3.0580e+01 7.9706e+00
3.3980e+01 6.8324e+00
3.7930e+01 5.8377e+00
