6.3150e-02 0.0000e+00
6.9640e-02 0.0000e+00
7.6960e-02 0.0000e+00
8.4060e-02 0.0000e+00
9.1540e-02 0.0000e+00
9.9530e-02 0.0000e+00
1.0820e-01 0.0000e+00
1.1810e-01 0.0000e+00
1.2890e-01 0.0000e+00
1.4190e-01 0.0000e+00
1.5820e-01 7.5676e-12
1.7860e-01 1.9637e-11
2.0510e-01 5.7991e-11
2.3940e-01 2.0117e-10
2.8290e-01 1.6690e-08
3.3530e-01 6.0273e-08
3.9590e-01 2.6693e-07
4.6210e-01 1.0782e-06
5.3190e-01 4.5944e-06
6.0400e-01 2.0111e-05
6.7650e-01 8.3980e-05
7.4980e-01 3.2544e-04
8.2480e-01 1.1593e-03
9.0190e-01 3.7626e-03
9.8280e-01 1.1220e-02
1.4740e+00 1.6730e+01
1.5350e+00 1.5383e+01
1.6050e+00 1.4185e+01
1.6860e+00 1.3196e+01
1.7770e+00 1.2509e+01
1.8800e+00 1.2257e+01
1.9950e+00 1.2639e+01
2.1240e+00 1.3873e+01
2.2650e+00 1.6200e+01
2.4200e+00 1.9857e+01
2.5820e+00 2.4646e+01
2.7650e+00 3.1337e+01
2.9600e+00 3.9553e+01
3.1680e+00 4.9066e+01
3.3860e+00 5.9458e+01
3.6080e+00 7.0180e+01
3.8300e+00 8.0538e+01
4.0470e+00 8.9997e+01
4.2560e+00 9.7948e+01
4.4520e+00 1.0392e+02
4.6350e+00 1.0790e+02
4.8050e+00 1.0996e+02
4.9630e+00 1.1027e+02
5.1110e+00 1.0913e+02
5.2510e+00 1.0680e+02
5.3830e+00 1.0360e+02
5.5110e+00 9.9730e+01
5.6370e+00 9.5460e+01
5.7610e+00 9.0918e+01
5.8850e+00 8.6256e+01
6.0100e+00 8.1537e+01
6.1380e+00 7.6858e+01
6.2690e+00 7.2228e+01
6.4030e+00 6.7730e+01
6.5420e+00 6.3368e+01
6.6870e+00 5.9184e+01
6.8360e+00 5.5187e+01
6.9920e+00 5.1327e+01
7.1550e+00 4.7711e+01
7.3260e+00 4.4254e+01
7.5050e+00 4.1031e+01
7.6940e+00 3.8008e+01
7.8940e+00 3.5167e+01
8.1070e+00 3.2513e+01
8.3340e+00 3.0038e+01
8.5780e+00 2.7736e+01
8.8410e+00 2.5576e+01
9.1260e+00 2.3564e+01
9.4380e+00 2.1689e+01
9.7790e+00 1.9934e+01
1.0150e+01 1.8288e+01
1.0570e+01 1.6741e+01
1.1030e+01 1.5292e+01
1.1550e+01 1.3937e+01
1.2130e+01 1.2667e+01
1.2790e+01 1.1476e+01
1.3530e+01 1.0372e+01
1.4380e+01 9.3396e+00
1.5340e+01 8.3845e+00
1.6440e+01 7.5059e+00
1.7700e+01 6.7022e+00
1.9150e+01 5.9657e+00
2.0800e+01 5.3018e+00
2.2700e+01 4.7013e+00
2.4870e+01 4.1619e+00
2.7370e+01 3.6802e+00
3.0240e+01 3.2512e+00
3.3530e+01 2.8716e+00
3.7320e+01 2.5341e+00
4.1710e+01 2.2360e+00
4.6800e+01 1.9722e+00
5.2750e+01 1.7381e+00
5.9740e+01 1.5303e+00
6.8040e+01 1.3452e+00
7.7960e+01 1.1797e+00
