1.3170e-02 1.0579e+06
1.4620e-02 1.0372e+06
1.6430e-02 1.0213e+06
2.3900e-02 1.2654e+06
2.6820e-02 1.2161e+06
3.0480e-02 1.1726e+06
3.5110e-02 1.1336e+06
4.2600e-02 1.1264e+06
5.0260e-02 1.0914e+06
6.2060e-02 1.0820e+06
7.5250e-02 1.0576e+06
9.2590e-02 1.0433e+06
1.1420e-01 1.0478e+06
1.4280e-01 1.0571e+06
1.7990e-01 1.0892e+06
2.2180e-01 1.1242e+06
2.6940e-01 1.1701e+06
3.2290e-01 1.2311e+06
3.7620e-01 1.2900e+06
4.2950e-01 1.3499e+06
4.8130e-01 1.4057e+06
5.3030e-01 1.4547e+06
5.7690e-01 1.4961e+06
6.1940e-01 1.5215e+06
6.5900e-01 1.5348e+06
6.9600e-01 1.5365e+06
7.3100e-01 1.5280e+06
7.6470e-01 1.5092e+06
7.9760e-01 1.4825e+06
8.3090e-01 1.4523e+06
8.6410e-01 1.4163e+06
8.9850e-01 1.3780e+06
9.3460e-01 1.3387e+06
9.7330e-01 1.2990e+06
1.0150e+00 1.2601e+06
1.0600e+00 1.2234e+06
1.1100e+00 1.1894e+06
1.1660e+00 1.1584e+06
1.2270e+00 1.1297e+06
1.7000e+00 1.2901e+06
1.7620e+00 1.2512e+06
1.8320e+00 1.2192e+06
1.9110e+00 1.1925e+06
1.9990e+00 1.1711e+06
2.0980e+00 1.1526e+06
2.2070e+00 1.1388e+06
2.3270e+00 1.1283e+06
2.4570e+00 1.1193e+06
2.6000e+00 1.1119e+06
2.7490e+00 1.1026e+06
2.9170e+00 1.0972e+06
3.1000e+00 1.0917e+06
3.2980e+00 1.0866e+06
3.5120e+00 1.0806e+06
3.7390e+00 1.0750e+06
3.9820e+00 1.0681e+06
4.2340e+00 1.0591e+06
4.4950e+00 1.0467e+06
4.7620e+00 1.0301e+06
5.0330e+00 1.0097e+06
5.3050e+00 9.8421e+05
5.5790e+00 9.5490e+05
5.8520e+00 9.2067e+05
6.1250e+00 8.8282e+05
6.3970e+00 8.4149e+05
6.6700e+00 7.9766e+05
6.9440e+00 7.5258e+05
7.2210e+00 7.0692e+05
7.5010e+00 6.6144e+05
7.7900e+00 6.1622e+05
8.0880e+00 5.7241e+05
8.3990e+00 5.2957e+05
8.7260e+00 4.8902e+05
9.0740e+00 4.5011e+05
9.4470e+00 4.1349e+05
9.8500e+00 3.7843e+05
1.0290e+01 3.4556e+05
1.0770e+01 3.1481e+05
1.1310e+01 2.8570e+05
1.1910e+01 2.5843e+05
1.2570e+01 2.3313e+05
1.3320e+01 2.0953e+05
1.4170e+01 1.8772e+05
1.5140e+01 1.6751e+05
1.6240e+01 1.4889e+05
1.7490e+01 1.3201e+05
1.8920e+01 1.1655e+05
2.0560e+01 1.0261e+05
2.2430e+01 9.0016e+04
2.4580e+01 7.8767e+04
2.7030e+01 6.8763e+04
2.9840e+01 5.9834e+04
3.3060e+01 5.1977e+04
3.6760e+01 4.5039e+04
4.1030e+01 3.8966e+04
4.5980e+01 3.3626e+04
5.1740e+01 2.8949e+04
5.8490e+01 2.4848e+04
6.6460e+01 2.1264e+04
7.5980e+01 1.8119e+04
