1.3170e-02 3.5886e+04
1.4620e-02 3.6762e+04
1.6430e-02 3.8194e+04
2.3900e-02 5.4381e+04
2.6820e-02 5.6021e+04
3.0480e-02 5.8511e+04
3.5110e-02 6.1883e+04
4.2600e-02 6.8746e+04
5.0260e-02 7.3958e+04
6.2060e-02 8.2761e+04
7.5250e-02 9.0589e+04
9.2590e-02 1.0026e+05
1.1420e-01 1.1244e+05
1.4280e-01 1.2688e+05
1.7990e-01 1.4575e+05
2.2180e-01 1.6602e+05
2.6940e-01 1.8905e+05
3.2290e-01 2.1578e+05
3.7620e-01 2.4261e+05
4.2950e-01 2.6998e+05
4.8130e-01 2.9657e+05
5.3030e-01 3.2114e+05
5.7690e-01 3.4364e+05
6.1940e-01 3.6171e+05
6.5900e-01 3.7598e+05
6.9600e-01 3.8642e+05
7.3100e-01 3.9321e+05
7.6470e-01 3.9682e+05
7.9760e-01 3.9785e+05
8.3090e-01 3.9686e+05
8.6410e-01 3.9391e+05
8.9850e-01 3.8986e+05
9.3460e-01 3.8494e+05
9.7330e-01 3.7975e+05
1.0150e+00 3.7434e+05
1.0600e+00 3.6926e+05
1.1100e+00 3.6496e+05
1.1660e+00 3.6116e+05
1.2270e+00 3.5825e+05
1.7000e+00 4.5892e+05
1.7620e+00 4.5026e+05
1.8320e+00 4.4417e+05
1.9110e+00 4.4036e+05
1.9990e+00 4.3838e+05
2.0980e+00 4.3802e+05
2.2070e+00 4.3974e+05
2.3270e+00 4.4308e+05
2.4570e+00 4.4794e+05
2.6000e+00 4.5443e+05
2.7490e+00 4.6052e+05
2.9170e+00 4.7012e+05
3.1000e+00 4.8130e+05
3.2980e+00 4.9455e+05
3.5120e+00 5.0957e+05
3.7390e+00 5.2645e+05
3.9820e+00 5.4468e+05
4.2340e+00 5.6329e+05
4.4950e+00 5.8143e+05
4.7620e+00 5.9809e+05
5.0330e+00 6.1283e+05
5.3050e+00 6.2437e+05
5.5790e+00 6.3243e+05
5.8520e+00 6.3569e+05
6.1250e+00 6.3506e+05
6.3970e+00 6.2985e+05
6.6700e+00 6.2101e+05
6.9440e+00 6.0829e+05
7.2210e+00 5.9274e+05
7.5010e+00 5.7541e+05
7.7900e+00 5.5571e+05
8.0880e+00 5.3522e+05
8.3990e+00 5.1347e+05
8.7260e+00 4.9218e+05
9.0740e+00 4.7032e+05
9.4470e+00 4.4897e+05
9.8500e+00 4.2838e+05
1.0290e+01 4.0784e+05
1.0770e+01 3.8824e+05
1.1310e+01 3.6957e+05
1.1910e+01 3.5136e+05
1.2570e+01 3.3403e+05
1.3320e+01 3.1768e+05
1.4170e+01 3.0186e+05
1.5140e+01 2.8714e+05
1.6240e+01 2.7321e+05
1.7490e+01 2.6016e+05
1.8920e+01 2.4793e+05
2.0560e+01 2.3658e+05
2.2430e+01 2.2593e+05
2.4580e+01 2.1619e+05
2.7030e+01 2.0715e+05
2.9840e+01 1.9866e+05
3.3060e+01 1.9080e+05
3.6760e+01 1.8349e+05
4.1030e+01 1.7666e+05
4.5980e+01 1.7020e+05
5.1740e+01 1.6398e+05
5.8490e+01 1.5791e+05
6.6460e+01 1.5199e+05
7.5980e+01 1.4594e+05
