5.4030e-02 1.1931e+05
5.7460e-02 1.0468e+05
6.2020e-02 9.1255e+04
6.8220e-02 7.9156e+04
7.6740e-02 6.8383e+04
8.8560e-02 5.9064e+04
1.0490e-01 5.1266e+04
1.2740e-01 4.5154e+04
1.5720e-01 4.0987e+04
1.9540e-01 3.8892e+04
2.4200e-01 3.9133e+04
2.9540e-01 4.1781e+04
3.5310e-01 4.6830e+04
4.1140e-01 5.4076e+04
4.6750e-01 6.2954e+04
5.1940e-01 7.2793e+04
5.6590e-01 8.2742e+04
6.0710e-01 9.2200e+04
6.4340e-01 1.0042e+05
6.7550e-01 1.0725e+05
7.0400e-01 1.1254e+05
7.2970e-01 1.1628e+05
7.5340e-01 1.1879e+05
7.7560e-01 1.2015e+05
7.9690e-01 1.2067e+05
8.1790e-01 1.2057e+05
8.3900e-01 1.2013e+05
8.6040e-01 1.1955e+05
8.8280e-01 1.1898e+05
9.0640e-01 1.1855e+05
9.3180e-01 1.1828e+05
9.5940e-01 1.1863e+05
9.8950e-01 1.1947e+05
1.0230e+00 1.2083e+05
1.0600e+00 1.2291e+05
1.1010e+00 1.2591e+05
1.1460e+00 1.2998e+05
1.1980e+00 1.3512e+05
1.2550e+00 1.4154e+05
1.3200e+00 1.4959e+05
1.3920e+00 1.5930e+05
1.4730e+00 1.7101e+05
1.5630e+00 1.8507e+05
1.6630e+00 2.0148e+05
1.7730e+00 2.2055e+05
1.8860e+00 2.4039e+05
2.0160e+00 2.6537e+05
2.1570e+00 2.9358e+05
2.3100e+00 3.2564e+05
2.4740e+00 3.6159e+05
2.6520e+00 4.0220e+05
2.8430e+00 4.4765e+05
3.0480e+00 4.9852e+05
3.2690e+00 5.5524e+05
3.5040e+00 6.1785e+05
3.7530e+00 6.8580e+05
4.0130e+00 7.5774e+05
4.2820e+00 8.3168e+05
4.5580e+00 9.0573e+05
4.8390e+00 9.7759e+05
5.1220e+00 1.0446e+06
5.4070e+00 1.1052e+06
5.6910e+00 1.1542e+06
5.9740e+00 1.1933e+06
6.2560e+00 1.2197e+06
6.5380e+00 1.2345e+06
6.8200e+00 1.2378e+06
7.1040e+00 1.2306e+06
7.3910e+00 1.2136e+06
7.6840e+00 1.1885e+06
7.9860e+00 1.1570e+06
8.2990e+00 1.1206e+06
8.6280e+00 1.0807e+06
8.9770e+00 1.0378e+06
9.3490e+00 9.9312e+05
9.7510e+00 9.4711e+05
1.0190e+01 9.0019e+05
1.0670e+01 8.5338e+05
1.1200e+01 8.0626e+05
1.1790e+01 7.5937e+05
1.2450e+01 7.1290e+05
1.3200e+01 6.6739e+05
1.4040e+01 6.2242e+05
1.5000e+01 5.7872e+05
1.6090e+01 5.3640e+05
1.7330e+01 4.9552e+05
1.8760e+01 4.5617e+05
2.0400e+01 4.1894e+05
2.2270e+01 3.8343e+05
2.4420e+01 3.5011e+05
2.6880e+01 3.1898e+05
2.9700e+01 2.8978e+05
3.2950e+01 2.6292e+05
3.6700e+01 2.3793e+05
4.1020e+01 2.1497e+05
4.6030e+01 1.9382e+05
5.1890e+01 1.7435e+05
5.8780e+01 1.5640e+05
6.6950e+01 1.3993e+05
7.6710e+01 1.2473e+05
