7.282000e-02 2.674681e+07
7.368000e-02 2.647121e+07
7.454000e-02 2.619087e+07
7.542000e-02 2.590987e+07
7.630000e-02 2.562217e+07
7.720000e-02 2.534579e+07
7.810000e-02 2.508085e+07
7.902000e-02 2.479296e+07
7.994000e-02 2.451542e+07
8.088000e-02 2.425368e+07
8.183000e-02 2.397273e+07
8.279000e-02 2.368926e+07
8.377000e-02 2.342083e+07
8.475000e-02 2.316696e+07
8.576000e-02 2.288361e+07
8.678000e-02 2.263335e+07
8.781000e-02 2.237055e+07
8.886000e-02 2.212584e+07
8.993000e-02 2.187194e+07
9.101000e-02 2.161987e+07
9.211000e-02 2.138903e+07
9.323000e-02 2.114852e+07
9.437000e-02 2.091849e+07
9.552000e-02 2.068752e+07
9.670000e-02 2.048172e+07
9.789000e-02 2.025774e+07
9.909000e-02 2.005471e+07
1.003000e-01 1.984374e+07
1.015000e-01 1.966420e+07
1.028000e-01 1.945197e+07
1.040000e-01 1.925554e+07
1.053000e-01 1.906323e+07
1.066000e-01 1.887304e+07
1.078000e-01 1.867595e+07
1.091000e-01 1.850689e+07
1.104000e-01 1.829111e+07
1.117000e-01 1.811631e+07
1.129000e-01 1.792097e+07
1.142000e-01 1.773699e+07
1.154000e-01 1.754981e+07
1.167000e-01 1.735053e+07
1.179000e-01 1.714423e+07
1.191000e-01 1.695218e+07
1.202000e-01 1.674974e+07
1.214000e-01 1.653558e+07
1.225000e-01 1.632757e+07
1.236000e-01 1.610754e+07
1.247000e-01 1.589443e+07
1.258000e-01 1.567017e+07
1.268000e-01 1.543628e+07
1.278000e-01 1.520499e+07
1.288000e-01 1.495436e+07
1.298000e-01 1.471868e+07
1.307000e-01 1.447690e+07
1.316000e-01 1.423016e+07
1.324000e-01 1.397964e+07
1.333000e-01 1.372615e+07
1.341000e-01 1.347201e+07
1.349000e-01 1.321778e+07
1.356000e-01 1.295579e+07
1.364000e-01 1.269698e+07
1.371000e-01 1.243774e+07
1.378000e-01 1.218329e+07
1.384000e-01 1.192006e+07
1.391000e-01 1.165980e+07
1.397000e-01 1.141078e+07
1.404000e-01 1.115626e+07
1.410000e-01 1.089736e+07
1.415000e-01 1.064928e+07
1.421000e-01 1.040594e+07
1.427000e-01 1.015361e+07
1.433000e-01 9.914101e+06
1.438000e-01 9.671056e+06
1.443000e-01 9.447254e+06
1.449000e-01 9.214710e+06
1.454000e-01 8.988808e+06
1.460000e-01 8.762255e+06
1.465000e-01 8.548743e+06
1.470000e-01 8.335135e+06
1.476000e-01 8.123314e+06
1.481000e-01 7.917872e+06
1.487000e-01 7.720402e+06
1.493000e-01 7.524597e+06
1.498000e-01 7.331916e+06
1.504000e-01 7.150987e+06
1.510000e-01 6.968833e+06
1.517000e-01 6.793910e+06
1.523000e-01 6.627393e+06
1.529000e-01 6.456046e+06
1.536000e-01 6.297190e+06
1.543000e-01 6.142110e+06
1.550000e-01 5.991242e+06
1.558000e-01 5.845204e+06
1.566000e-01 5.703386e+06
1.574000e-01 5.565783e+06
1.582000e-01 5.430657e+06
1.590000e-01 5.303781e+06
1.599000e-01 5.177879e+06
1.609000e-01 5.060843e+06
1.618000e-01 4.942895e+06
1.628000e-01 4.830826e+06
1.639000e-01 4.721734e+06
1.650000e-01 4.617325e+06
1.661000e-01 4.516404e+06
1.673000e-01 4.418542e+06
1.685000e-01 4.323765e+06
1.697000e-01 4.233208e+06
1.710000e-01 4.145740e+06
1.724000e-01 4.062466e+06
1.737000e-01 3.980580e+06
1.752000e-01 3.901795e+06
1.767000e-01 3.824575e+06
1.782000e-01 3.751548e+06
1.798000e-01 3.682225e+06
1.814000e-01 3.612200e+06
1.831000e-01 3.547818e+06
1.848000e-01 3.482953e+06
1.866000e-01 3.421004e+06
1.885000e-01 3.361347e+06
1.904000e-01 3.304357e+06
1.923000e-01 3.247920e+06
1.943000e-01 3.193253e+06
1.965000e-01 3.143468e+06
1.986000e-01 3.092468e+06
2.008000e-01 3.042261e+06
2.030000e-01 2.994475e+06
2.054000e-01 2.948706e+06
2.097000e-01 2.931971e+06
2.122000e-01 2.887409e+06
2.147000e-01 2.844963e+06
2.174000e-01 2.805054e+06
2.201000e-01 2.763456e+06
2.230000e-01 2.725773e+06
2.259000e-01 2.688299e+06
2.289000e-01 2.651484e+06
2.321000e-01 2.616376e+06
2.353000e-01 2.582759e+06
2.387000e-01 2.549780e+06
2.423000e-01 2.518209e+06
2.459000e-01 2.488752e+06
2.498000e-01 2.458760e+06
2.538000e-01 2.430787e+06
2.580000e-01 2.405173e+06
2.625000e-01 2.380223e+06
2.672000e-01 2.355882e+06
2.721000e-01 2.334471e+06
2.774000e-01 2.315479e+06
2.829000e-01 2.295643e+06
2.889000e-01 2.279583e+06
2.952000e-01 2.266314e+06
3.019000e-01 2.252872e+06
3.091000e-01 2.241088e+06
3.167000e-01 2.232135e+06
3.249000e-01 2.225937e+06
3.336000e-01 2.221802e+06
3.428000e-01 2.219016e+06
3.527000e-01 2.218871e+06
3.631000e-01 2.221430e+06
3.742000e-01 2.226314e+06
3.859000e-01 2.233253e+06
3.982000e-01 2.242095e+06
4.111000e-01 2.254365e+06
4.246000e-01 2.267532e+06
4.386000e-01 2.282661e+06
4.532000e-01 2.299860e+06
4.683000e-01 2.318224e+06
4.837000e-01 2.337779e+06
4.995000e-01 2.359121e+06
5.157000e-01 2.380838e+06
5.329000e-01 2.408741e+06
5.494000e-01 2.429848e+06
5.660000e-01 2.451104e+06
5.826000e-01 2.472881e+06
5.992000e-01 2.493544e+06
6.157000e-01 2.512182e+06
6.320000e-01 2.530787e+06
6.462000e-01 2.532234e+06
6.621000e-01 2.547346e+06
6.777000e-01 2.561354e+06
6.930000e-01 2.572880e+06
7.080000e-01 2.581366e+06
7.225000e-01 2.587415e+06
7.366000e-01 2.591481e+06
7.529000e-01 2.611389e+06
7.660000e-01 2.609551e+06
7.787000e-01 2.604532e+06
7.909000e-01 2.597459e+06
8.027000e-01 2.587414e+06
8.140000e-01 2.576009e+06
8.249000e-01 2.561257e+06
8.354000e-01 2.544255e+06
8.455000e-01 2.524649e+06
8.551000e-01 2.503433e+06
8.644000e-01 2.480376e+06
8.733000e-01 2.455013e+06
8.819000e-01 2.428935e+06
8.900000e-01 2.400350e+06
8.979000e-01 2.370875e+06
9.054000e-01 2.340210e+06
9.127000e-01 2.308872e+06
9.196000e-01 2.275885e+06
9.263000e-01 2.241405e+06
9.327000e-01 2.207986e+06
9.388000e-01 2.172268e+06
9.447000e-01 2.136082e+06
9.504000e-01 2.100293e+06
9.559000e-01 2.062928e+06
9.612000e-01 2.026257e+06
9.663000e-01 1.988683e+06
9.712000e-01 1.952178e+06
9.759000e-01 1.914875e+06
9.821000e-01 1.877952e+06
9.866000e-01 1.839382e+06
9.911000e-01 1.804308e+06
9.954000e-01 1.767748e+06
9.996000e-01 1.730896e+06
1.004000e+00 1.694150e+06
1.008000e+00 1.658890e+06
1.012000e+00 1.622684e+06
1.015000e+00 1.587258e+06
1.019000e+00 1.551487e+06
1.023000e+00 1.517731e+06
1.027000e+00 1.483683e+06
1.031000e+00 1.449852e+06
1.029000e+00 1.416801e+06
1.032000e+00 1.384944e+06
1.035000e+00 1.353684e+06
1.038000e+00 1.321269e+06
1.041000e+00 1.291282e+06
1.044000e+00 1.260346e+06
1.047000e+00 1.231048e+06
1.050000e+00 1.201895e+06
1.053000e+00 1.173965e+06
1.056000e+00 1.146449e+06
1.059000e+00 1.119936e+06
1.062000e+00 1.092923e+06
1.065000e+00 1.066966e+06
1.068000e+00 1.041878e+06
1.071000e+00 1.017386e+06
1.075000e+00 9.935233e+05
1.078000e+00 9.700287e+05
1.081000e+00 9.477023e+05
1.085000e+00 9.257054e+05
1.089000e+00 9.023951e+05
1.093000e+00 8.818306e+05
1.097000e+00 8.612742e+05
1.102000e+00 8.422246e+05
1.107000e+00 8.236020e+05
1.113000e+00 8.054344e+05
1.120000e+00 7.879662e+05
1.127000e+00 7.708852e+05
1.135000e+00 7.563336e+05
1.145000e+00 7.409948e+05
1.155000e+00 7.261372e+05
1.167000e+00 7.120407e+05
1.180000e+00 6.985224e+05
1.196000e+00 6.856742e+05
1.213000e+00 6.734850e+05
1.233000e+00 6.625454e+05
1.256000e+00 6.508647e+05
1.281000e+00 6.408058e+05
1.310000e+00 6.318267e+05
1.343000e+00 6.230004e+05
1.379000e+00 6.152945e+05
1.419000e+00 6.081570e+05
1.464000e+00 6.017170e+05
1.513000e+00 5.965276e+05
1.567000e+00 5.911748e+05
1.626000e+00 5.862746e+05
1.690000e+00 5.817709e+05
1.760000e+00 5.772744e+05
1.834000e+00 5.734421e+05
1.914000e+00 5.699859e+05
1.999000e+00 5.664965e+05
2.088000e+00 5.633656e+05
2.182000e+00 5.599748e+05
2.280000e+00 5.571577e+05
2.383000e+00 5.543678e+05
2.488000e+00 5.508928e+05
2.598000e+00 5.477856e+05
2.710000e+00 5.440562e+05
2.825000e+00 5.405201e+05
2.942000e+00 5.372423e+05
3.060000e+00 5.329739e+05
3.181000e+00 5.287094e+05
3.302000e+00 5.240217e+05
3.424000e+00 5.189358e+05
3.548000e+00 5.139573e+05
3.672000e+00 5.086754e+05
3.796000e+00 5.030767e+05
3.922000e+00 4.968669e+05
4.046000e+00 4.912900e+05
4.171000e+00 4.847558e+05
4.295000e+00 4.781398e+05
4.418000e+00 4.714241e+05
4.543000e+00 4.646843e+05
4.667000e+00 4.579493e+05
4.792000e+00 4.511770e+05
4.917000e+00 4.438852e+05
5.042000e+00 4.369315e+05
5.169000e+00 4.296587e+05
5.295000e+00 4.227031e+05
5.423000e+00 4.155179e+05
5.551000e+00 4.085803e+05
5.680000e+00 4.011407e+05
5.811000e+00 3.941197e+05
5.944000e+00 3.871495e+05
6.078000e+00 3.803507e+05
6.214000e+00 3.734037e+05
6.352000e+00 3.665861e+05
6.493000e+00 3.596031e+05
6.635000e+00 3.531096e+05
6.781000e+00 3.463913e+05
6.930000e+00 3.399409e+05
7.081000e+00 3.335292e+05
7.236000e+00 3.272826e+05
7.394000e+00 3.211060e+05
7.557000e+00 3.151101e+05
7.720000e+00 3.091515e+05
7.890000e+00 3.032180e+05
8.065000e+00 2.973550e+05
8.245000e+00 2.917008e+05
8.429000e+00 2.861784e+05
8.620000e+00 2.806269e+05
8.815000e+00 2.752579e+05
9.014000e+00 2.699449e+05
9.220000e+00 2.648332e+05
9.431000e+00 2.596747e+05
9.649000e+00 2.547223e+05
9.873000e+00 2.497805e+05
1.010000e+01 2.450016e+05
1.034000e+01 2.403122e+05
1.058000e+01 2.357211e+05
1.084000e+01 2.311408e+05
1.110000e+01 2.266055e+05
1.136000e+01 2.223202e+05
1.164000e+01 2.179931e+05
1.192000e+01 2.136400e+05
1.222000e+01 2.095462e+05
1.252000e+01 2.054988e+05
1.283000e+01 2.014475e+05
1.315000e+01 1.974880e+05
1.348000e+01 1.935461e+05
1.383000e+01 1.897598e+05
1.418000e+01 1.859506e+05
1.455000e+01 1.822075e+05
1.492000e+01 1.785353e+05
1.531000e+01 1.749960e+05
1.571000e+01 1.714138e+05
1.613000e+01 1.679248e+05
1.656000e+01 1.644904e+05
1.700000e+01 1.611878e+05
1.746000e+01 1.577384e+05
1.793000e+01 1.545712e+05
1.842000e+01 1.512405e+05
1.893000e+01 1.481113e+05
1.945000e+01 1.448965e+05
2.000000e+01 1.417973e+05
2.056000e+01 1.387304e+05
2.114000e+01 1.356635e+05
2.174000e+01 1.327052e+05
2.237000e+01 1.298014e+05
2.301000e+01 1.268437e+05
2.369000e+01 1.239961e+05
2.438000e+01 1.211979e+05
2.510000e+01 1.184345e+05
2.585000e+01 1.156684e+05
2.662000e+01 1.129522e+05
2.743000e+01 1.102227e+05
2.827000e+01 1.076292e+05
2.913000e+01 1.050302e+05
3.004000e+01 1.024381e+05
3.097000e+01 9.990356e+04
3.195000e+01 9.740518e+04
3.296000e+01 9.492068e+04
3.402000e+01 9.248376e+04
3.512000e+01 9.010176e+04
3.626000e+01 8.770844e+04
3.745000e+01 8.542243e+04
3.869000e+01 8.311190e+04
3.998000e+01 8.081814e+04
4.133000e+01 7.862064e+04
4.273000e+01 7.642881e+04
4.420000e+01 7.427186e+04
4.573000e+01 7.216095e+04
4.733000e+01 7.006411e+04
4.901000e+01 6.796321e+04
5.075000e+01 6.592450e+04
5.258000e+01 6.396165e+04
5.450000e+01 6.197051e+04
5.650000e+01 6.005803e+04
5.860000e+01 5.817867e+04
6.080000e+01 5.627445e+04
6.310000e+01 5.445892e+04
6.553000e+01 5.266029e+04
6.807000e+01 5.091531e+04
7.074000e+01 4.917806e+04
7.355000e+01 4.747468e+04
7.650000e+01 4.579545e+04
7.961000e+01 4.415416e+04
