7.282000e-02 0.000000e+00
7.368000e-02 0.000000e+00
7.454000e-02 0.000000e+00
7.542000e-02 0.000000e+00
7.630000e-02 0.000000e+00
7.720000e-02 0.000000e+00
7.810000e-02 0.000000e+00
7.902000e-02 0.000000e+00
7.994000e-02 0.000000e+00
8.088000e-02 0.000000e+00
8.183000e-02 0.000000e+00
8.279000e-02 0.000000e+00
8.377000e-02 0.000000e+00
8.475000e-02 0.000000e+00
8.576000e-02 0.000000e+00
8.678000e-02 0.000000e+00
8.781000e-02 0.000000e+00
8.886000e-02 0.000000e+00
8.993000e-02 0.000000e+00
9.101000e-02 0.000000e+00
9.211000e-02 0.000000e+00
9.323000e-02 0.000000e+00
9.437000e-02 0.000000e+00
9.552000e-02 0.000000e+00
9.670000e-02 0.000000e+00
9.789000e-02 0.000000e+00
9.909000e-02 0.000000e+00
1.003000e-01 0.000000e+00
1.015000e-01 0.000000e+00
1.028000e-01 0.000000e+00
1.040000e-01 0.000000e+00
1.053000e-01 0.000000e+00
1.066000e-01 0.000000e+00
1.078000e-01 0.000000e+00
1.091000e-01 0.000000e+00
1.104000e-01 0.000000e+00
1.117000e-01 0.000000e+00
1.129000e-01 0.000000e+00
1.142000e-01 0.000000e+00
1.154000e-01 0.000000e+00
1.167000e-01 0.000000e+00
1.179000e-01 0.000000e+00
1.191000e-01 0.000000e+00
1.202000e-01 0.000000e+00
1.214000e-01 0.000000e+00
1.225000e-01 0.000000e+00
1.236000e-01 0.000000e+00
1.247000e-01 0.000000e+00
1.258000e-01 0.000000e+00
1.268000e-01 0.000000e+00
1.278000e-01 0.000000e+00
1.288000e-01 0.000000e+00
1.298000e-01 0.000000e+00
1.307000e-01 0.000000e+00
1.316000e-01 0.000000e+00
1.324000e-01 0.000000e+00
1.333000e-01 0.000000e+00
1.341000e-01 0.000000e+00
1.349000e-01 0.000000e+00
1.356000e-01 0.000000e+00
1.364000e-01 0.000000e+00
1.371000e-01 0.000000e+00
1.378000e-01 0.000000e+00
1.384000e-01 0.000000e+00
1.391000e-01 0.000000e+00
1.397000e-01 0.000000e+00
1.404000e-01 0.000000e+00
1.410000e-01 0.000000e+00
1.415000e-01 0.000000e+00
1.421000e-01 0.000000e+00
1.427000e-01 0.000000e+00
1.433000e-01 0.000000e+00
1.438000e-01 0.000000e+00
1.443000e-01 0.000000e+00
1.449000e-01 0.000000e+00
1.454000e-01 0.000000e+00
1.460000e-01 0.000000e+00
1.465000e-01 0.000000e+00
1.470000e-01 0.000000e+00
1.476000e-01 0.000000e+00
1.481000e-01 0.000000e+00
1.487000e-01 0.000000e+00
1.493000e-01 0.000000e+00
1.498000e-01 0.000000e+00
1.504000e-01 0.000000e+00
1.510000e-01 0.000000e+00
1.517000e-01 0.000000e+00
1.523000e-01 0.000000e+00
1.529000e-01 0.000000e+00
1.536000e-01 0.000000e+00
1.543000e-01 0.000000e+00
1.550000e-01 0.000000e+00
1.558000e-01 0.000000e+00
1.566000e-01 0.000000e+00
1.574000e-01 0.000000e+00
1.582000e-01 0.000000e+00
1.590000e-01 0.000000e+00
1.599000e-01 0.000000e+00
1.609000e-01 0.000000e+00
1.618000e-01 0.000000e+00
1.628000e-01 0.000000e+00
1.639000e-01 0.000000e+00
1.650000e-01 0.000000e+00
1.661000e-01 0.000000e+00
1.673000e-01 0.000000e+00
1.685000e-01 0.000000e+00
1.697000e-01 0.000000e+00
1.710000e-01 0.000000e+00
1.724000e-01 0.000000e+00
1.737000e-01 0.000000e+00
1.752000e-01 0.000000e+00
1.767000e-01 0.000000e+00
1.782000e-01 0.000000e+00
1.798000e-01 0.000000e+00
1.814000e-01 0.000000e+00
1.831000e-01 0.000000e+00
1.848000e-01 0.000000e+00
1.866000e-01 0.000000e+00
1.885000e-01 0.000000e+00
1.904000e-01 0.000000e+00
1.923000e-01 0.000000e+00
1.943000e-01 0.000000e+00
1.965000e-01 0.000000e+00
1.986000e-01 0.000000e+00
2.008000e-01 0.000000e+00
2.030000e-01 0.000000e+00
2.054000e-01 0.000000e+00
2.097000e-01 0.000000e+00
2.122000e-01 0.000000e+00
2.147000e-01 0.000000e+00
2.174000e-01 0.000000e+00
2.201000e-01 0.000000e+00
2.230000e-01 0.000000e+00
2.259000e-01 0.000000e+00
2.289000e-01 0.000000e+00
2.321000e-01 0.000000e+00
2.353000e-01 0.000000e+00
2.387000e-01 0.000000e+00
2.423000e-01 0.000000e+00
2.459000e-01 0.000000e+00
2.498000e-01 0.000000e+00
2.538000e-01 0.000000e+00
2.580000e-01 0.000000e+00
2.625000e-01 0.000000e+00
2.672000e-01 0.000000e+00
2.721000e-01 0.000000e+00
2.774000e-01 0.000000e+00
2.829000e-01 0.000000e+00
2.889000e-01 0.000000e+00
2.952000e-01 0.000000e+00
3.019000e-01 0.000000e+00
3.091000e-01 0.000000e+00
3.167000e-01 0.000000e+00
3.249000e-01 0.000000e+00
3.336000e-01 0.000000e+00
3.428000e-01 0.000000e+00
3.527000e-01 0.000000e+00
3.631000e-01 0.000000e+00
3.742000e-01 0.000000e+00
3.859000e-01 0.000000e+00
3.982000e-01 0.000000e+00
4.111000e-01 0.000000e+00
4.246000e-01 0.000000e+00
4.386000e-01 0.000000e+00
4.532000e-01 0.000000e+00
4.683000e-01 0.000000e+00
4.837000e-01 0.000000e+00
4.995000e-01 0.000000e+00
5.157000e-01 0.000000e+00
5.329000e-01 3.016168e-09
5.494000e-01 4.339841e-09
5.660000e-01 6.228660e-09
5.826000e-01 8.900226e-09
5.992000e-01 1.262383e-08
6.157000e-01 1.777108e-08
6.320000e-01 2.480090e-08
6.462000e-01 2.598065e-07
6.621000e-01 3.753688e-07
6.777000e-01 5.370688e-07
6.930000e-01 7.605679e-07
7.080000e-01 1.065592e-06
7.225000e-01 1.478829e-06
7.366000e-01 2.031975e-06
7.529000e-01 1.096417e-02
7.660000e-01 1.092394e-02
7.787000e-01 1.087260e-02
7.909000e-01 1.081061e-02
8.027000e-01 1.073349e-02
8.140000e-01 1.064893e-02
8.249000e-01 1.055284e-02
8.354000e-01 1.044111e-02
8.455000e-01 1.031652e-02
8.551000e-01 1.018871e-02
8.644000e-01 1.004953e-02
8.733000e-01 9.906194e-03
8.819000e-01 9.754569e-03
8.900000e-01 9.598016e-03
8.979000e-01 9.437022e-03
9.054000e-01 9.272146e-03
9.127000e-01 9.107883e-03
9.196000e-01 8.940281e-03
9.263000e-01 8.775204e-03
9.327000e-01 8.611782e-03
9.388000e-01 8.450967e-03
9.447000e-01 8.294248e-03
9.504000e-01 8.144637e-03
9.559000e-01 7.997572e-03
9.612000e-01 7.859988e-03
9.663000e-01 7.731042e-03
9.712000e-01 7.618254e-03
9.759000e-01 7.511578e-03
9.821000e-01 7.416736e-03
9.866000e-01 7.331967e-03
9.911000e-01 7.276468e-03
9.954000e-01 7.225128e-03
9.996000e-01 7.192256e-03
1.004000e+00 7.171704e-03
1.008000e+00 7.173011e-03
1.012000e+00 7.185732e-03
1.015000e+00 7.219351e-03
1.019000e+00 7.268339e-03
1.023000e+00 7.343092e-03
1.027000e+00 7.435749e-03
1.031000e+00 7.553188e-03
1.029000e+00 7.700481e-03
1.032000e+00 7.889843e-03
1.035000e+00 8.132519e-03
1.038000e+00 8.444366e-03
1.041000e+00 8.879659e-03
1.044000e+00 9.476129e-03
1.047000e+00 1.033916e-02
1.050000e+00 1.158392e-02
1.053000e+00 1.341295e-02
1.056000e+00 1.615969e-02
1.059000e+00 2.009366e-02
1.062000e+00 2.575814e-02
1.065000e+00 3.389036e-02
1.068000e+00 4.546125e-02
1.071000e+00 6.169996e-02
1.075000e+00 8.423987e-02
1.078000e+00 1.152025e-01
1.081000e+00 1.573025e-01
1.085000e+00 2.135931e-01
1.089000e+00 2.892073e-01
1.093000e+00 3.873414e-01
1.097000e+00 5.144290e-01
1.102000e+00 6.779884e-01
1.107000e+00 8.857607e-01
1.113000e+00 1.147019e+00
1.120000e+00 1.472209e+00
1.127000e+00 1.871871e+00
1.135000e+00 2.372936e+00
1.145000e+00 2.968102e+00
1.155000e+00 3.682359e+00
1.167000e+00 4.532323e+00
1.180000e+00 5.534527e+00
1.196000e+00 6.704844e+00
1.213000e+00 8.062340e+00
1.233000e+00 9.633189e+00
1.256000e+00 1.142753e+01
1.281000e+00 1.344377e+01
1.310000e+00 1.571454e+01
1.343000e+00 1.823570e+01
1.379000e+00 2.103090e+01
1.419000e+00 2.409509e+01
1.464000e+00 2.743326e+01
1.513000e+00 3.104087e+01
1.567000e+00 3.489791e+01
1.626000e+00 3.899443e+01
1.690000e+00 4.330505e+01
1.760000e+00 4.777821e+01
1.834000e+00 5.244337e+01
1.914000e+00 5.724401e+01
1.999000e+00 6.218665e+01
2.088000e+00 6.711871e+01
2.182000e+00 7.200732e+01
2.280000e+00 7.694874e+01
2.383000e+00 8.183009e+01
2.488000e+00 8.650863e+01
2.598000e+00 9.114329e+01
2.710000e+00 9.547309e+01
2.825000e+00 9.964923e+01
2.942000e+00 1.036792e+02
3.060000e+00 1.072924e+02
3.181000e+00 1.106390e+02
3.302000e+00 1.137370e+02
3.424000e+00 1.164157e+02
3.548000e+00 1.188868e+02
3.672000e+00 1.210000e+02
3.796000e+00 1.227523e+02
3.922000e+00 1.241778e+02
4.046000e+00 1.254252e+02
4.171000e+00 1.262439e+02
4.295000e+00 1.267341e+02
4.418000e+00 1.269679e+02
4.543000e+00 1.269566e+02
4.667000e+00 1.266882e+02
4.792000e+00 1.262904e+02
4.917000e+00 1.255715e+02
5.042000e+00 1.247579e+02
5.169000e+00 1.236439e+02
5.295000e+00 1.224249e+02
5.423000e+00 1.211233e+02
5.551000e+00 1.196336e+02
5.680000e+00 1.179135e+02
5.811000e+00 1.161868e+02
5.944000e+00 1.143544e+02
6.078000e+00 1.124603e+02
6.214000e+00 1.104910e+02
6.352000e+00 1.084353e+02
6.493000e+00 1.063083e+02
6.635000e+00 1.041925e+02
6.781000e+00 1.019967e+02
6.930000e+00 9.982494e+01
7.081000e+00 9.759291e+01
7.236000e+00 9.536410e+01
7.394000e+00 9.313491e+01
7.557000e+00 9.090018e+01
7.720000e+00 8.865941e+01
7.890000e+00 8.645099e+01
8.065000e+00 8.425059e+01
8.245000e+00 8.208118e+01
8.429000e+00 7.994104e+01
8.620000e+00 7.780399e+01
8.815000e+00 7.569592e+01
9.014000e+00 7.362873e+01
9.220000e+00 7.158599e+01
9.431000e+00 6.958785e+01
9.649000e+00 6.762795e+01
9.873000e+00 6.570056e+01
1.010000e+01 6.381604e+01
1.034000e+01 6.197006e+01
1.058000e+01 6.015094e+01
1.084000e+01 5.839842e+01
1.110000e+01 5.667111e+01
1.136000e+01 5.498824e+01
1.164000e+01 5.334168e+01
1.192000e+01 5.174534e+01
1.222000e+01 5.020702e+01
1.252000e+01 4.869300e+01
1.283000e+01 4.723003e+01
1.315000e+01 4.581137e+01
1.348000e+01 4.441917e+01
1.383000e+01 4.308437e+01
1.418000e+01 4.177866e+01
1.455000e+01 4.052810e+01
1.492000e+01 3.930180e+01
1.531000e+01 3.813286e+01
1.571000e+01 3.699283e+01
1.613000e+01 3.589825e+01
1.656000e+01 3.483973e+01
1.700000e+01 3.382346e+01
1.746000e+01 3.281765e+01
1.793000e+01 3.189155e+01
1.842000e+01 3.096909e+01
1.893000e+01 3.008153e+01
1.945000e+01 2.921987e+01
2.000000e+01 2.841440e+01
2.056000e+01 2.763092e+01
2.114000e+01 2.686243e+01
2.174000e+01 2.613713e+01
2.237000e+01 2.544998e+01
2.301000e+01 2.477812e+01
2.369000e+01 2.414553e+01
2.438000e+01 2.353260e+01
2.510000e+01 2.294257e+01
2.585000e+01 2.237331e+01
2.662000e+01 2.183365e+01
2.743000e+01 2.130437e+01
2.827000e+01 2.081354e+01
2.913000e+01 2.033853e+01
3.004000e+01 1.987519e+01
3.097000e+01 1.944360e+01
3.195000e+01 1.902194e+01
3.296000e+01 1.862697e+01
3.402000e+01 1.824265e+01
3.512000e+01 1.787018e+01
3.626000e+01 1.752649e+01
3.745000e+01 1.719356e+01
3.869000e+01 1.686968e+01
3.998000e+01 1.656677e+01
4.133000e+01 1.628106e+01
4.273000e+01 1.599831e+01
4.420000e+01 1.573338e+01
4.573000e+01 1.547857e+01
4.733000e+01 1.523151e+01
4.901000e+01 1.499591e+01
5.075000e+01 1.477618e+01
5.258000e+01 1.456706e+01
5.450000e+01 1.435760e+01
5.650000e+01 1.416277e+01
5.860000e+01 1.397549e+01
6.080000e+01 1.379503e+01
6.310000e+01 1.362181e+01
6.553000e+01 1.345917e+01
6.807000e+01 1.330357e+01
7.074000e+01 1.315158e+01
7.355000e+01 1.300393e+01
7.650000e+01 1.286304e+01
7.961000e+01 1.272661e+01
