7.282000e-02 1.113789e+07
7.368000e-02 1.103776e+07
7.454000e-02 1.093504e+07
7.542000e-02 1.083194e+07
7.630000e-02 1.072845e+07
7.720000e-02 1.062477e+07
7.810000e-02 1.052995e+07
7.902000e-02 1.042076e+07
7.994000e-02 1.032097e+07
8.088000e-02 1.022481e+07
8.183000e-02 1.011881e+07
8.279000e-02 1.001269e+07
8.377000e-02 9.913794e+06
8.475000e-02 9.819371e+06
8.576000e-02 9.713275e+06
8.678000e-02 9.620954e+06
8.781000e-02 9.524028e+06
8.886000e-02 9.432215e+06
8.993000e-02 9.337209e+06
9.101000e-02 9.243641e+06
9.211000e-02 9.158838e+06
9.323000e-02 9.072259e+06
9.437000e-02 8.982767e+06
9.552000e-02 8.900999e+06
9.670000e-02 8.824841e+06
9.789000e-02 8.740311e+06
9.909000e-02 8.666168e+06
1.003000e-01 8.588019e+06
1.015000e-01 8.518776e+06
1.028000e-01 8.442574e+06
1.040000e-01 8.372568e+06
1.053000e-01 8.298113e+06
1.066000e-01 8.224191e+06
1.078000e-01 8.155487e+06
1.091000e-01 8.089885e+06
1.104000e-01 8.010245e+06
1.117000e-01 7.942839e+06
1.129000e-01 7.871054e+06
1.142000e-01 7.795893e+06
1.154000e-01 7.725318e+06
1.167000e-01 7.648935e+06
1.179000e-01 7.566268e+06
1.191000e-01 7.489540e+06
1.202000e-01 7.406587e+06
1.214000e-01 7.322538e+06
1.225000e-01 7.238264e+06
1.236000e-01 7.148332e+06
1.247000e-01 7.058750e+06
1.258000e-01 6.968025e+06
1.268000e-01 6.871487e+06
1.278000e-01 6.773538e+06
1.288000e-01 6.670516e+06
1.298000e-01 6.566879e+06
1.307000e-01 6.464056e+06
1.316000e-01 6.362316e+06
1.324000e-01 6.253055e+06
1.333000e-01 6.144734e+06
1.341000e-01 6.034929e+06
1.349000e-01 5.923043e+06
1.356000e-01 5.811621e+06
1.364000e-01 5.699574e+06
1.371000e-01 5.586266e+06
1.378000e-01 5.474125e+06
1.384000e-01 5.360770e+06
1.391000e-01 5.247701e+06
1.397000e-01 5.135238e+06
1.404000e-01 5.022949e+06
1.410000e-01 4.911868e+06
1.415000e-01 4.801442e+06
1.421000e-01 4.692385e+06
1.427000e-01 4.582279e+06
1.433000e-01 4.477759e+06
1.438000e-01 4.370807e+06
1.443000e-01 4.268966e+06
1.449000e-01 4.166546e+06
1.454000e-01 4.066394e+06
1.460000e-01 3.966404e+06
1.465000e-01 3.871621e+06
1.470000e-01 3.776689e+06
1.476000e-01 3.682988e+06
1.481000e-01 3.592048e+06
1.487000e-01 3.504598e+06
1.493000e-01 3.418262e+06
1.498000e-01 3.333198e+06
1.504000e-01 3.251727e+06
1.510000e-01 3.171656e+06
1.517000e-01 3.093197e+06
1.523000e-01 3.018915e+06
1.529000e-01 2.944587e+06
1.536000e-01 2.874344e+06
1.543000e-01 2.804338e+06
1.550000e-01 2.738272e+06
1.558000e-01 2.672967e+06
1.566000e-01 2.610208e+06
1.574000e-01 2.549597e+06
1.582000e-01 2.490316e+06
1.590000e-01 2.433839e+06
1.599000e-01 2.379767e+06
1.609000e-01 2.327079e+06
1.618000e-01 2.275853e+06
1.628000e-01 2.226418e+06
1.639000e-01 2.178791e+06
1.650000e-01 2.133448e+06
1.661000e-01 2.089133e+06
1.673000e-01 2.046361e+06
1.685000e-01 2.005629e+06
1.697000e-01 1.966041e+06
1.710000e-01 1.927993e+06
1.724000e-01 1.891607e+06
1.737000e-01 1.855965e+06
1.752000e-01 1.822071e+06
1.767000e-01 1.789393e+06
1.782000e-01 1.758151e+06
1.798000e-01 1.727752e+06
1.814000e-01 1.698419e+06
1.831000e-01 1.670336e+06
1.848000e-01 1.643158e+06
1.866000e-01 1.616692e+06
1.885000e-01 1.591697e+06
1.904000e-01 1.567332e+06
1.923000e-01 1.543601e+06
1.943000e-01 1.521048e+06
1.965000e-01 1.499929e+06
1.986000e-01 1.478844e+06
2.008000e-01 1.458433e+06
2.030000e-01 1.438740e+06
2.054000e-01 1.419453e+06
2.097000e-01 1.418559e+06
2.122000e-01 1.400877e+06
2.147000e-01 1.383380e+06
2.174000e-01 1.366329e+06
2.201000e-01 1.350252e+06
2.230000e-01 1.334663e+06
2.259000e-01 1.320267e+06
2.289000e-01 1.306008e+06
2.321000e-01 1.293004e+06
2.353000e-01 1.279972e+06
2.387000e-01 1.267089e+06
2.423000e-01 1.256383e+06
2.459000e-01 1.244908e+06
2.498000e-01 1.235098e+06
2.538000e-01 1.225044e+06
2.580000e-01 1.216992e+06
2.625000e-01 1.209049e+06
2.672000e-01 1.201206e+06
2.721000e-01 1.195569e+06
2.774000e-01 1.190921e+06
2.829000e-01 1.187402e+06
2.889000e-01 1.184199e+06
2.952000e-01 1.183501e+06
3.019000e-01 1.183259e+06
3.091000e-01 1.183570e+06
3.167000e-01 1.185872e+06
3.249000e-01 1.190105e+06
3.336000e-01 1.195464e+06
3.428000e-01 1.202725e+06
3.527000e-01 1.210632e+06
3.631000e-01 1.219995e+06
3.742000e-01 1.231731e+06
3.859000e-01 1.244938e+06
3.982000e-01 1.259440e+06
4.111000e-01 1.275487e+06
4.246000e-01 1.292648e+06
4.386000e-01 1.310552e+06
4.532000e-01 1.329945e+06
4.683000e-01 1.350302e+06
4.837000e-01 1.371633e+06
4.995000e-01 1.393395e+06
5.157000e-01 1.415415e+06
5.329000e-01 1.441791e+06
5.494000e-01 1.463272e+06
5.660000e-01 1.484276e+06
5.826000e-01 1.505413e+06
5.992000e-01 1.525698e+06
6.157000e-01 1.544704e+06
6.320000e-01 1.562947e+06
6.462000e-01 1.569735e+06
6.621000e-01 1.585077e+06
6.777000e-01 1.599390e+06
6.930000e-01 1.612163e+06
7.080000e-01 1.621954e+06
7.225000e-01 1.630778e+06
7.366000e-01 1.637309e+06
7.529000e-01 1.654316e+06
7.660000e-01 1.656160e+06
7.787000e-01 1.656364e+06
7.909000e-01 1.654481e+06
8.027000e-01 1.650089e+06
8.140000e-01 1.644593e+06
8.249000e-01 1.637344e+06
8.354000e-01 1.627474e+06
8.455000e-01 1.616331e+06
8.551000e-01 1.603491e+06
8.644000e-01 1.589571e+06
8.733000e-01 1.573828e+06
8.819000e-01 1.557452e+06
8.900000e-01 1.539576e+06
8.979000e-01 1.520547e+06
9.054000e-01 1.500468e+06
9.127000e-01 1.480230e+06
9.196000e-01 1.458801e+06
9.263000e-01 1.436151e+06
9.327000e-01 1.414204e+06
9.388000e-01 1.390545e+06
9.447000e-01 1.366491e+06
9.504000e-01 1.342954e+06
9.559000e-01 1.318315e+06
9.612000e-01 1.293818e+06
9.663000e-01 1.268885e+06
9.712000e-01 1.244677e+06
9.759000e-01 1.219890e+06
9.821000e-01 1.195088e+06
9.866000e-01 1.169489e+06
9.911000e-01 1.146058e+06
9.954000e-01 1.121737e+06
9.996000e-01 1.097358e+06
1.004000e+00 1.072656e+06
1.008000e+00 1.049132e+06
1.012000e+00 1.025069e+06
1.015000e+00 1.001466e+06
1.019000e+00 9.777096e+05
1.023000e+00 9.554324e+05
1.027000e+00 9.326468e+05
1.031000e+00 9.102098e+05
1.029000e+00 8.882977e+05
1.032000e+00 8.672201e+05
1.035000e+00 8.463651e+05
1.038000e+00 8.249823e+05
1.041000e+00 8.048548e+05
1.044000e+00 7.845228e+05
1.047000e+00 7.649632e+05
1.050000e+00 7.455647e+05
1.053000e+00 7.271033e+05
1.056000e+00 7.088522e+05
1.059000e+00 6.911817e+05
1.062000e+00 6.733727e+05
1.065000e+00 6.560194e+05
1.068000e+00 6.394295e+05
1.071000e+00 6.231756e+05
1.075000e+00 6.071368e+05
1.078000e+00 5.916305e+05
1.081000e+00 5.767295e+05
1.085000e+00 5.618810e+05
1.089000e+00 5.465284e+05
1.093000e+00 5.326742e+05
1.097000e+00 5.189013e+05
1.102000e+00 5.060120e+05
1.107000e+00 4.933842e+05
1.113000e+00 4.811522e+05
1.120000e+00 4.692107e+05
1.127000e+00 4.574960e+05
1.135000e+00 4.473863e+05
1.145000e+00 4.367644e+05
1.155000e+00 4.264313e+05
1.167000e+00 4.164969e+05
1.180000e+00 4.069561e+05
1.196000e+00 3.978078e+05
1.213000e+00 3.890485e+05
1.233000e+00 3.810208e+05
1.256000e+00 3.725698e+05
1.281000e+00 3.651044e+05
1.310000e+00 3.582623e+05
1.343000e+00 3.515192e+05
1.379000e+00 3.455352e+05
1.419000e+00 3.398833e+05
1.464000e+00 3.347019e+05
1.513000e+00 3.303406e+05
1.567000e+00 3.259924e+05
1.626000e+00 3.218976e+05
1.690000e+00 3.182325e+05
1.760000e+00 3.146716e+05
1.834000e+00 3.116027e+05
1.914000e+00 3.088600e+05
1.999000e+00 3.062693e+05
2.088000e+00 3.040460e+05
2.182000e+00 3.018397e+05
2.280000e+00 3.000890e+05
2.383000e+00 2.984933e+05
2.488000e+00 2.967968e+05
2.598000e+00 2.954442e+05
2.710000e+00 2.939408e+05
2.825000e+00 2.923989e+05
2.942000e+00 2.913800e+05
3.060000e+00 2.898801e+05
3.181000e+00 2.884323e+05
3.302000e+00 2.870843e+05
3.424000e+00 2.854578e+05
3.548000e+00 2.839583e+05
3.672000e+00 2.824563e+05
3.796000e+00 2.807480e+05
3.922000e+00 2.789230e+05
4.046000e+00 2.773718e+05
4.171000e+00 2.754109e+05
4.295000e+00 2.733156e+05
4.418000e+00 2.712800e+05
4.543000e+00 2.692083e+05
4.667000e+00 2.670145e+05
4.792000e+00 2.649687e+05
4.917000e+00 2.626771e+05
5.042000e+00 2.605475e+05
5.169000e+00 2.581273e+05
5.295000e+00 2.558296e+05
5.423000e+00 2.536468e+05
5.551000e+00 2.513651e+05
5.680000e+00 2.488709e+05
5.811000e+00 2.465577e+05
5.944000e+00 2.442000e+05
6.078000e+00 2.419010e+05
6.214000e+00 2.395904e+05
6.352000e+00 2.372821e+05
6.493000e+00 2.349626e+05
6.635000e+00 2.326585e+05
6.781000e+00 2.304808e+05
6.930000e+00 2.283705e+05
7.081000e+00 2.259666e+05
7.236000e+00 2.237883e+05
7.394000e+00 2.217594e+05
7.557000e+00 2.195504e+05
7.720000e+00 2.174083e+05
7.890000e+00 2.153751e+05
8.065000e+00 2.132880e+05
8.245000e+00 2.114294e+05
8.429000e+00 2.093861e+05
8.620000e+00 2.073976e+05
8.815000e+00 2.054437e+05
9.014000e+00 2.037197e+05
9.220000e+00 2.017625e+05
9.431000e+00 1.999526e+05
9.649000e+00 1.982016e+05
9.873000e+00 1.963618e+05
1.010000e+01 1.945558e+05
1.034000e+01 1.928710e+05
1.058000e+01 1.910320e+05
1.084000e+01 1.893602e+05
1.110000e+01 1.877626e+05
1.136000e+01 1.860388e+05
1.164000e+01 1.844267e+05
1.192000e+01 1.828041e+05
1.222000e+01 1.812064e+05
1.252000e+01 1.796794e+05
1.283000e+01 1.780447e+05
1.315000e+01 1.765168e+05
1.348000e+01 1.749149e+05
1.383000e+01 1.734732e+05
1.418000e+01 1.719127e+05
1.455000e+01 1.704290e+05
1.492000e+01 1.689227e+05
1.531000e+01 1.674556e+05
1.571000e+01 1.660512e+05
1.613000e+01 1.645532e+05
1.656000e+01 1.631166e+05
1.700000e+01 1.617254e+05
1.746000e+01 1.601908e+05
1.793000e+01 1.589434e+05
1.842000e+01 1.575282e+05
1.893000e+01 1.561484e+05
1.945000e+01 1.546793e+05
2.000000e+01 1.533326e+05
2.056000e+01 1.520123e+05
2.114000e+01 1.506038e+05
2.174000e+01 1.492291e+05
2.237000e+01 1.479132e+05
2.301000e+01 1.466015e+05
2.369000e+01 1.452585e+05
2.438000e+01 1.439562e+05
2.510000e+01 1.426747e+05
2.585000e+01 1.413153e+05
2.662000e+01 1.400709e+05
2.743000e+01 1.387190e+05
2.827000e+01 1.375094e+05
2.913000e+01 1.362794e+05
3.004000e+01 1.349664e+05
3.097000e+01 1.337136e+05
3.195000e+01 1.324733e+05
3.296000e+01 1.312330e+05
3.402000e+01 1.299643e+05
3.512000e+01 1.287316e+05
3.626000e+01 1.275345e+05
3.745000e+01 1.263736e+05
3.869000e+01 1.251527e+05
3.998000e+01 1.239306e+05
4.133000e+01 1.228041e+05
4.273000e+01 1.215872e+05
4.420000e+01 1.204421e+05
4.573000e+01 1.192696e+05
4.733000e+01 1.181323e+05
4.901000e+01 1.169532e+05
5.075000e+01 1.157738e+05
5.258000e+01 1.146625e+05
5.450000e+01 1.135027e+05
5.650000e+01 1.123764e+05
5.860000e+01 1.112032e+05
6.080000e+01 1.100486e+05
6.310000e+01 1.088824e+05
6.553000e+01 1.077425e+05
6.807000e+01 1.065976e+05
7.074000e+01 1.054570e+05
7.355000e+01 1.042701e+05
7.650000e+01 1.030870e+05
7.961000e+01 1.018989e+05
