7.282000e-02 7.258808e+03
7.368000e-02 7.147033e+03
7.454000e-02 7.035550e+03
7.542000e-02 6.923763e+03
7.630000e-02 6.811761e+03
7.720000e-02 6.706476e+03
7.810000e-02 6.601905e+03
7.902000e-02 6.492041e+03
7.994000e-02 6.389170e+03
8.088000e-02 6.287590e+03
8.183000e-02 6.184453e+03
8.279000e-02 6.081359e+03
8.377000e-02 5.980273e+03
8.475000e-02 5.886156e+03
8.576000e-02 5.785237e+03
8.678000e-02 5.692774e+03
8.781000e-02 5.600184e+03
8.886000e-02 5.509885e+03
8.993000e-02 5.418024e+03
9.101000e-02 5.329530e+03
9.211000e-02 5.246366e+03
9.323000e-02 5.162483e+03
9.437000e-02 5.077305e+03
9.552000e-02 4.997994e+03
9.670000e-02 4.923005e+03
9.789000e-02 4.842836e+03
9.909000e-02 4.770675e+03
1.003000e-01 4.697626e+03
1.015000e-01 4.628761e+03
1.028000e-01 4.557419e+03
1.040000e-01 4.492389e+03
1.053000e-01 4.423540e+03
1.066000e-01 4.356200e+03
1.078000e-01 4.291939e+03
1.091000e-01 4.232841e+03
1.104000e-01 4.165881e+03
1.117000e-01 4.105559e+03
1.129000e-01 4.044765e+03
1.142000e-01 3.983957e+03
1.154000e-01 3.926399e+03
1.167000e-01 3.865382e+03
1.179000e-01 3.804853e+03
1.191000e-01 3.746765e+03
1.202000e-01 3.687025e+03
1.214000e-01 3.626873e+03
1.225000e-01 3.568615e+03
1.236000e-01 3.508272e+03
1.247000e-01 3.449963e+03
1.258000e-01 3.391113e+03
1.268000e-01 3.330626e+03
1.278000e-01 3.270022e+03
1.288000e-01 3.208091e+03
1.298000e-01 3.147452e+03
1.307000e-01 3.088197e+03
1.316000e-01 3.029383e+03
1.324000e-01 2.966945e+03
1.333000e-01 2.907343e+03
1.341000e-01 2.846933e+03
1.349000e-01 2.785901e+03
1.356000e-01 2.725494e+03
1.364000e-01 2.666015e+03
1.371000e-01 2.606696e+03
1.378000e-01 2.548631e+03
1.384000e-01 2.489860e+03
1.391000e-01 2.431900e+03
1.397000e-01 2.374091e+03
1.404000e-01 2.317763e+03
1.410000e-01 2.261495e+03
1.415000e-01 2.206126e+03
1.421000e-01 2.151948e+03
1.427000e-01 2.096838e+03
1.433000e-01 2.045194e+03
1.438000e-01 1.992301e+03
1.443000e-01 1.942246e+03
1.449000e-01 1.892457e+03
1.454000e-01 1.843557e+03
1.460000e-01 1.794665e+03
1.465000e-01 1.748581e+03
1.470000e-01 1.702610e+03
1.476000e-01 1.657135e+03
1.481000e-01 1.613088e+03
1.487000e-01 1.570788e+03
1.493000e-01 1.528944e+03
1.498000e-01 1.487851e+03
1.504000e-01 1.448336e+03
1.510000e-01 1.410065e+03
1.517000e-01 1.372045e+03
1.523000e-01 1.336289e+03
1.529000e-01 1.300496e+03
1.536000e-01 1.266500e+03
1.543000e-01 1.232613e+03
1.550000e-01 1.200470e+03
1.558000e-01 1.169041e+03
1.566000e-01 1.138580e+03
1.574000e-01 1.109082e+03
1.582000e-01 1.080193e+03
1.590000e-01 1.052740e+03
1.599000e-01 1.026224e+03
1.609000e-01 1.000350e+03
1.618000e-01 9.753234e+02
1.628000e-01 9.509884e+02
1.639000e-01 9.273642e+02
1.650000e-01 9.050499e+02
1.661000e-01 8.830031e+02
1.673000e-01 8.616797e+02
1.685000e-01 8.413274e+02
1.697000e-01 8.214266e+02
1.710000e-01 8.022491e+02
1.724000e-01 7.837873e+02
1.737000e-01 7.659431e+02
1.752000e-01 7.485875e+02
1.767000e-01 7.320724e+02
1.782000e-01 7.158482e+02
1.798000e-01 7.002660e+02
1.814000e-01 6.852412e+02
1.831000e-01 6.706521e+02
1.848000e-01 6.564456e+02
1.866000e-01 6.425476e+02
1.885000e-01 6.295464e+02
1.904000e-01 6.166411e+02
1.923000e-01 6.041199e+02
1.943000e-01 5.921913e+02
1.965000e-01 5.806640e+02
1.986000e-01 5.693129e+02
2.008000e-01 5.583550e+02
2.030000e-01 5.476543e+02
2.054000e-01 5.372973e+02
2.097000e-01 5.313224e+02
2.122000e-01 5.215296e+02
2.147000e-01 5.119585e+02
2.174000e-01 5.028300e+02
2.201000e-01 4.937221e+02
2.230000e-01 4.850698e+02
2.259000e-01 4.766679e+02
2.289000e-01 4.684648e+02
2.321000e-01 4.605523e+02
2.353000e-01 4.528955e+02
2.387000e-01 4.455428e+02
2.423000e-01 4.383186e+02
2.459000e-01 4.314617e+02
2.498000e-01 4.247989e+02
2.538000e-01 4.182010e+02
2.580000e-01 4.121877e+02
2.625000e-01 4.062209e+02
2.672000e-01 4.005285e+02
2.721000e-01 3.952715e+02
2.774000e-01 3.902768e+02
2.829000e-01 3.853941e+02
2.889000e-01 3.809464e+02
2.952000e-01 3.771502e+02
3.019000e-01 3.731946e+02
3.091000e-01 3.695586e+02
3.167000e-01 3.663525e+02
3.249000e-01 3.636432e+02
3.336000e-01 3.611103e+02
3.428000e-01 3.589228e+02
3.527000e-01 3.570135e+02
3.631000e-01 3.555457e+02
3.742000e-01 3.544281e+02
3.859000e-01 3.537575e+02
3.982000e-01 3.532134e+02
4.111000e-01 3.531907e+02
4.246000e-01 3.533193e+02
4.386000e-01 3.536695e+02
4.532000e-01 3.544552e+02
4.683000e-01 3.553359e+02
4.837000e-01 3.563820e+02
4.995000e-01 3.577159e+02
5.157000e-01 3.591825e+02
5.329000e-01 3.613729e+02
5.494000e-01 3.627402e+02
5.660000e-01 3.640815e+02
5.826000e-01 3.655407e+02
5.992000e-01 3.668155e+02
6.157000e-01 3.679447e+02
6.320000e-01 3.690467e+02
6.462000e-01 3.678606e+02
6.621000e-01 3.685235e+02
6.777000e-01 3.690302e+02
6.930000e-01 3.692072e+02
7.080000e-01 3.690839e+02
7.225000e-01 3.685836e+02
7.366000e-01 3.679321e+02
7.529000e-01 3.693138e+02
7.660000e-01 3.678692e+02
7.787000e-01 3.660712e+02
7.909000e-01 3.639355e+02
8.027000e-01 3.615257e+02
8.140000e-01 3.588778e+02
8.249000e-01 3.558526e+02
8.354000e-01 3.525644e+02
8.455000e-01 3.489996e+02
8.551000e-01 3.451675e+02
8.644000e-01 3.411916e+02
8.733000e-01 3.369161e+02
8.819000e-01 3.325872e+02
8.900000e-01 3.279322e+02
8.979000e-01 3.231993e+02
9.054000e-01 3.183613e+02
9.127000e-01 3.134324e+02
9.196000e-01 3.083206e+02
9.263000e-01 3.030982e+02
9.327000e-01 2.979302e+02
9.388000e-01 2.925786e+02
9.447000e-01 2.871637e+02
9.504000e-01 2.818381e+02
9.559000e-01 2.763358e+02
9.612000e-01 2.709152e+02
9.663000e-01 2.654520e+02
9.712000e-01 2.601199e+02
9.759000e-01 2.547133e+02
9.821000e-01 2.493779e+02
9.866000e-01 2.438243e+02
9.911000e-01 2.387936e+02
9.954000e-01 2.335558e+02
9.996000e-01 2.283445e+02
1.004000e+00 2.231287e+02
1.008000e+00 2.181352e+02
1.012000e+00 2.130093e+02
1.015000e+00 2.080372e+02
1.019000e+00 2.030122e+02
1.023000e+00 1.982991e+02
1.027000e+00 1.935329e+02
1.031000e+00 1.888184e+02
1.029000e+00 1.842411e+02
1.032000e+00 1.797927e+02
1.035000e+00 1.754583e+02
1.038000e+00 1.709949e+02
1.041000e+00 1.668341e+02
1.044000e+00 1.625714e+02
1.047000e+00 1.585288e+02
1.050000e+00 1.545190e+02
1.053000e+00 1.507029e+02
1.056000e+00 1.469298e+02
1.059000e+00 1.432933e+02
1.062000e+00 1.396431e+02
1.065000e+00 1.361499e+02
1.068000e+00 1.327927e+02
1.071000e+00 1.295307e+02
1.075000e+00 1.264111e+02
1.078000e+00 1.234180e+02
1.081000e+00 1.206356e+02
1.085000e+00 1.179829e+02
1.089000e+00 1.153155e+02
1.093000e+00 1.131119e+02
1.097000e+00 1.111221e+02
1.102000e+00 1.095110e+02
1.107000e+00 1.082243e+02
1.113000e+00 1.073340e+02
1.120000e+00 1.068690e+02
1.127000e+00 1.068757e+02
1.135000e+00 1.077453e+02
1.145000e+00 1.090365e+02
1.155000e+00 1.110728e+02
1.167000e+00 1.139187e+02
1.180000e+00 1.175778e+02
1.196000e+00 1.221673e+02
1.213000e+00 1.278792e+02
1.233000e+00 1.346537e+02
1.256000e+00 1.424808e+02
1.281000e+00 1.515858e+02
1.310000e+00 1.620131e+02
1.343000e+00 1.735868e+02
1.379000e+00 1.865135e+02
1.419000e+00 2.006423e+02
1.464000e+00 2.160122e+02
1.513000e+00 2.326815e+02
1.567000e+00 2.502758e+02
1.626000e+00 2.688592e+02
1.690000e+00 2.881706e+02
1.760000e+00 3.079614e+02
1.834000e+00 3.284002e+02
1.914000e+00 3.492314e+02
1.999000e+00 3.701900e+02
2.088000e+00 3.909913e+02
2.182000e+00 4.111862e+02
2.280000e+00 4.312012e+02
2.383000e+00 4.505793e+02
2.488000e+00 4.687070e+02
2.598000e+00 4.862176e+02
2.710000e+00 5.019358e+02
2.825000e+00 5.170617e+02
2.942000e+00 5.310397e+02
3.060000e+00 5.422753e+02
3.181000e+00 5.527416e+02
3.302000e+00 5.616098e+02
3.424000e+00 5.685019e+02
3.548000e+00 5.740521e+02
3.672000e+00 5.783570e+02
3.796000e+00 5.809957e+02
3.922000e+00 5.817549e+02
4.046000e+00 5.821008e+02
4.171000e+00 5.802997e+02
4.295000e+00 5.770156e+02
4.418000e+00 5.727451e+02
4.543000e+00 5.675664e+02
4.667000e+00 5.615729e+02
4.792000e+00 5.548434e+02
4.917000e+00 5.468335e+02
5.042000e+00 5.385722e+02
5.169000e+00 5.296004e+02
5.295000e+00 5.198424e+02
5.423000e+00 5.099929e+02
5.551000e+00 4.995937e+02
5.680000e+00 4.884638e+02
5.811000e+00 4.774144e+02
5.944000e+00 4.657731e+02
6.078000e+00 4.544976e+02
6.214000e+00 4.427536e+02
6.352000e+00 4.310937e+02
6.493000e+00 4.192240e+02
6.635000e+00 4.073813e+02
6.781000e+00 3.955248e+02
6.930000e+00 3.839588e+02
7.081000e+00 3.722178e+02
7.236000e+00 3.606746e+02
7.394000e+00 3.492306e+02
7.557000e+00 3.380128e+02
7.720000e+00 3.268834e+02
7.890000e+00 3.160088e+02
8.065000e+00 3.052478e+02
8.245000e+00 2.947469e+02
8.429000e+00 2.844292e+02
8.620000e+00 2.743111e+02
8.815000e+00 2.644275e+02
9.014000e+00 2.548123e+02
9.220000e+00 2.454513e+02
9.431000e+00 2.362512e+02
9.649000e+00 2.272954e+02
9.873000e+00 2.185580e+02
1.010000e+01 2.101665e+02
1.034000e+01 2.019075e+02
1.058000e+01 1.939285e+02
1.084000e+01 1.862604e+02
1.110000e+01 1.786773e+02
1.136000e+01 1.713719e+02
1.164000e+01 1.644377e+02
1.192000e+01 1.576194e+02
1.222000e+01 1.510654e+02
1.252000e+01 1.447059e+02
1.283000e+01 1.385812e+02
1.315000e+01 1.326679e+02
1.348000e+01 1.269119e+02
1.383000e+01 1.213991e+02
1.418000e+01 1.160751e+02
1.455000e+01 1.109223e+02
1.492000e+01 1.060398e+02
1.531000e+01 1.013547e+02
1.571000e+01 9.671954e+01
1.613000e+01 9.240077e+01
1.656000e+01 8.820752e+01
1.700000e+01 8.420474e+01
1.746000e+01 8.029684e+01
1.793000e+01 7.664261e+01
1.842000e+01 7.308000e+01
1.893000e+01 6.967629e+01
1.945000e+01 6.638619e+01
2.000000e+01 6.328697e+01
2.056000e+01 6.030588e+01
2.114000e+01 5.742614e+01
2.174000e+01 5.469041e+01
2.237000e+01 5.210741e+01
2.301000e+01 4.960546e+01
2.369000e+01 4.723825e+01
2.438000e+01 4.497117e+01
2.510000e+01 4.278925e+01
2.585000e+01 4.071271e+01
2.662000e+01 3.874180e+01
2.743000e+01 3.684164e+01
2.827000e+01 3.505343e+01
2.913000e+01 3.334031e+01
3.004000e+01 3.169630e+01
3.097000e+01 3.014068e+01
3.195000e+01 2.865737e+01
3.296000e+01 2.724234e+01
3.402000e+01 2.589757e+01
3.512000e+01 2.461228e+01
3.626000e+01 2.339398e+01
3.745000e+01 2.224057e+01
3.869000e+01 2.113195e+01
3.998000e+01 2.008122e+01
4.133000e+01 1.909358e+01
4.273000e+01 1.813596e+01
4.420000e+01 1.723391e+01
4.573000e+01 1.637732e+01
4.733000e+01 1.555848e+01
4.901000e+01 1.478418e+01
5.075000e+01 1.404549e+01
5.258000e+01 1.334817e+01
5.450000e+01 1.267737e+01
5.650000e+01 1.204575e+01
5.860000e+01 1.143921e+01
6.080000e+01 1.086717e+01
6.310000e+01 1.032170e+01
6.553000e+01 9.805470e+00
6.807000e+01 9.314188e+00
7.074000e+01 8.848087e+00
7.355000e+01 8.401598e+00
7.650000e+01 7.977984e+00
7.961000e+01 7.576312e+00
