7.282000e-02 5.016680e+06
7.368000e-02 4.939480e+06
7.454000e-02 4.862481e+06
7.542000e-02 4.785268e+06
7.630000e-02 4.707906e+06
7.720000e-02 4.633134e+06
7.810000e-02 4.560947e+06
7.902000e-02 4.487939e+06
7.994000e-02 4.414942e+06
8.088000e-02 4.344795e+06
8.183000e-02 4.274392e+06
8.279000e-02 4.201383e+06
8.377000e-02 4.134133e+06
8.475000e-02 4.067386e+06
8.576000e-02 3.998441e+06
8.678000e-02 3.935305e+06
8.781000e-02 3.870443e+06
8.886000e-02 3.806499e+06
8.993000e-02 3.745986e+06
9.101000e-02 3.683997e+06
9.211000e-02 3.625728e+06
9.323000e-02 3.566995e+06
9.437000e-02 3.509433e+06
9.552000e-02 3.453882e+06
9.670000e-02 3.401950e+06
9.789000e-02 3.347758e+06
9.909000e-02 3.297762e+06
1.003000e-01 3.247157e+06
1.015000e-01 3.199448e+06
1.028000e-01 3.150032e+06
1.040000e-01 3.103801e+06
1.053000e-01 3.056143e+06
1.066000e-01 3.011168e+06
1.078000e-01 2.966653e+06
1.091000e-01 2.924623e+06
1.104000e-01 2.878273e+06
1.117000e-01 2.838020e+06
1.129000e-01 2.795907e+06
1.142000e-01 2.753788e+06
1.154000e-01 2.713918e+06
1.167000e-01 2.671233e+06
1.179000e-01 2.629326e+06
1.191000e-01 2.588698e+06
1.202000e-01 2.548251e+06
1.214000e-01 2.507090e+06
1.225000e-01 2.465974e+06
1.236000e-01 2.424673e+06
1.247000e-01 2.383567e+06
1.258000e-01 2.342930e+06
1.268000e-01 2.301160e+06
1.278000e-01 2.260080e+06
1.288000e-01 2.216956e+06
1.298000e-01 2.174739e+06
1.307000e-01 2.133493e+06
1.316000e-01 2.093269e+06
1.324000e-01 2.050214e+06
1.333000e-01 2.008445e+06
1.341000e-01 1.966799e+06
1.349000e-01 1.925359e+06
1.356000e-01 1.883413e+06
1.364000e-01 1.842997e+06
1.371000e-01 1.801800e+06
1.378000e-01 1.760644e+06
1.384000e-01 1.720430e+06
1.391000e-01 1.680756e+06
1.397000e-01 1.640928e+06
1.404000e-01 1.601596e+06
1.410000e-01 1.562834e+06
1.415000e-01 1.524686e+06
1.421000e-01 1.486662e+06
1.427000e-01 1.449166e+06
1.433000e-01 1.413580e+06
1.438000e-01 1.376929e+06
1.443000e-01 1.342243e+06
1.449000e-01 1.307933e+06
1.454000e-01 1.274051e+06
1.460000e-01 1.240179e+06
1.465000e-01 1.208252e+06
1.470000e-01 1.176408e+06
1.476000e-01 1.144911e+06
1.481000e-01 1.114914e+06
1.487000e-01 1.085604e+06
1.493000e-01 1.056615e+06
1.498000e-01 1.028148e+06
1.504000e-01 1.001229e+06
1.510000e-01 9.744032e+05
1.517000e-01 9.484948e+05
1.523000e-01 9.234278e+05
1.529000e-01 8.987591e+05
1.536000e-01 8.753291e+05
1.543000e-01 8.519701e+05
1.550000e-01 8.298130e+05
1.558000e-01 8.078971e+05
1.566000e-01 7.866619e+05
1.574000e-01 7.664413e+05
1.582000e-01 7.466329e+05
1.590000e-01 7.275864e+05
1.599000e-01 7.091917e+05
1.609000e-01 6.912445e+05
1.618000e-01 6.739776e+05
1.628000e-01 6.571871e+05
1.639000e-01 6.408863e+05
1.650000e-01 6.253023e+05
1.661000e-01 6.101754e+05
1.673000e-01 5.955426e+05
1.685000e-01 5.814031e+05
1.697000e-01 5.675796e+05
1.710000e-01 5.544957e+05
1.724000e-01 5.417387e+05
1.737000e-01 5.292539e+05
1.752000e-01 5.174829e+05
1.767000e-01 5.057762e+05
1.782000e-01 4.948412e+05
1.798000e-01 4.839956e+05
1.814000e-01 4.735996e+05
1.831000e-01 4.635053e+05
1.848000e-01 4.536760e+05
1.866000e-01 4.440605e+05
1.885000e-01 4.349978e+05
1.904000e-01 4.261243e+05
1.923000e-01 4.175658e+05
1.943000e-01 4.091355e+05
1.965000e-01 4.013108e+05
1.986000e-01 3.934454e+05
2.008000e-01 3.858995e+05
2.030000e-01 3.785301e+05
2.054000e-01 3.712972e+05
2.097000e-01 3.670980e+05
2.122000e-01 3.604426e+05
2.147000e-01 3.538002e+05
2.174000e-01 3.475055e+05
2.201000e-01 3.412246e+05
2.230000e-01 3.352965e+05
2.259000e-01 3.294544e+05
2.289000e-01 3.237514e+05
2.321000e-01 3.182868e+05
2.353000e-01 3.130341e+05
2.387000e-01 3.079127e+05
2.423000e-01 3.028818e+05
2.459000e-01 2.982459e+05
2.498000e-01 2.934918e+05
2.538000e-01 2.889924e+05
2.580000e-01 2.849251e+05
2.625000e-01 2.807518e+05
2.672000e-01 2.767996e+05
2.721000e-01 2.732065e+05
2.774000e-01 2.697301e+05
2.829000e-01 2.663871e+05
2.889000e-01 2.633101e+05
2.952000e-01 2.606773e+05
3.019000e-01 2.579605e+05
3.091000e-01 2.553760e+05
3.167000e-01 2.531411e+05
3.249000e-01 2.513231e+05
3.336000e-01 2.495955e+05
3.428000e-01 2.480478e+05
3.527000e-01 2.467397e+05
3.631000e-01 2.456803e+05
3.742000e-01 2.449808e+05
3.859000e-01 2.444631e+05
3.982000e-01 2.440990e+05
4.111000e-01 2.440688e+05
4.246000e-01 2.441594e+05
4.386000e-01 2.444236e+05
4.532000e-01 2.449380e+05
4.683000e-01 2.455389e+05
4.837000e-01 2.462937e+05
4.995000e-01 2.472030e+05
5.157000e-01 2.481806e+05
5.329000e-01 2.497543e+05
5.494000e-01 2.506637e+05
5.660000e-01 2.516162e+05
5.826000e-01 2.526496e+05
5.992000e-01 2.535369e+05
6.157000e-01 2.543053e+05
6.320000e-01 2.550374e+05
6.462000e-01 2.542449e+05
6.621000e-01 2.546784e+05
6.777000e-01 2.550258e+05
6.930000e-01 2.551494e+05
7.080000e-01 2.550487e+05
7.225000e-01 2.547288e+05
7.366000e-01 2.542346e+05
7.529000e-01 2.552194e+05
7.660000e-01 2.541858e+05
7.787000e-01 2.529127e+05
7.909000e-01 2.514610e+05
8.027000e-01 2.497886e+05
8.140000e-01 2.479555e+05
8.249000e-01 2.459133e+05
8.354000e-01 2.436260e+05
8.455000e-01 2.411515e+05
8.551000e-01 2.384960e+05
8.644000e-01 2.357722e+05
8.733000e-01 2.328000e+05
8.819000e-01 2.298213e+05
8.900000e-01 2.266198e+05
8.979000e-01 2.233096e+05
9.054000e-01 2.199846e+05
9.127000e-01 2.165714e+05
9.196000e-01 2.130591e+05
9.263000e-01 2.094196e+05
9.327000e-01 2.058590e+05
9.388000e-01 2.021712e+05
9.447000e-01 1.984170e+05
9.504000e-01 1.947493e+05
9.559000e-01 1.909485e+05
9.612000e-01 1.871936e+05
9.663000e-01 1.834324e+05
9.712000e-01 1.797192e+05
9.759000e-01 1.760087e+05
9.821000e-01 1.723157e+05
9.866000e-01 1.684837e+05
9.911000e-01 1.649836e+05
9.954000e-01 1.613612e+05
9.996000e-01 1.577763e+05
1.004000e+00 1.541606e+05
1.008000e+00 1.507174e+05
1.012000e+00 1.471743e+05
1.015000e+00 1.437375e+05
1.019000e+00 1.402568e+05
1.023000e+00 1.370157e+05
1.027000e+00 1.337140e+05
1.031000e+00 1.304416e+05
1.029000e+00 1.272883e+05
1.032000e+00 1.242153e+05
1.035000e+00 1.212068e+05
1.038000e+00 1.181238e+05
1.041000e+00 1.152500e+05
1.044000e+00 1.122997e+05
1.047000e+00 1.095076e+05
1.050000e+00 1.067199e+05
1.053000e+00 1.040846e+05
1.056000e+00 1.014618e+05
1.059000e+00 9.892264e+04
1.062000e+00 9.636421e+04
1.065000e+00 9.391016e+04
1.068000e+00 9.152618e+04
1.071000e+00 8.920584e+04
1.075000e+00 8.692229e+04
1.078000e+00 8.470814e+04
1.081000e+00 8.258033e+04
1.085000e+00 8.049260e+04
1.089000e+00 7.829856e+04
1.093000e+00 7.634444e+04
1.097000e+00 7.438786e+04
1.102000e+00 7.256386e+04
1.107000e+00 7.078786e+04
1.113000e+00 6.905033e+04
1.120000e+00 6.737585e+04
1.127000e+00 6.572708e+04
1.135000e+00 6.430847e+04
1.145000e+00 6.282482e+04
1.155000e+00 6.138603e+04
1.167000e+00 6.001737e+04
1.180000e+00 5.870328e+04
1.196000e+00 5.744363e+04
1.213000e+00 5.624700e+04
1.233000e+00 5.516231e+04
1.256000e+00 5.401792e+04
1.281000e+00 5.301756e+04
1.310000e+00 5.211678e+04
1.343000e+00 5.124642e+04
1.379000e+00 5.046339e+04
1.419000e+00 4.975147e+04
1.464000e+00 4.910035e+04
1.513000e+00 4.857235e+04
1.567000e+00 4.804209e+04
1.626000e+00 4.755799e+04
1.690000e+00 4.712569e+04
1.760000e+00 4.671361e+04
1.834000e+00 4.636608e+04
1.914000e+00 4.607131e+04
1.999000e+00 4.577894e+04
2.088000e+00 4.553692e+04
2.182000e+00 4.529016e+04
2.280000e+00 4.509928e+04
2.383000e+00 4.492272e+04
2.488000e+00 4.471458e+04
2.598000e+00 4.455837e+04
2.710000e+00 4.435688e+04
2.825000e+00 4.415062e+04
2.942000e+00 4.400043e+04
3.060000e+00 4.377269e+04
3.181000e+00 4.353917e+04
3.302000e+00 4.330586e+04
3.424000e+00 4.302771e+04
3.548000e+00 4.273873e+04
3.672000e+00 4.246477e+04
3.796000e+00 4.215615e+04
3.922000e+00 4.182093e+04
4.046000e+00 4.149178e+04
4.171000e+00 4.110611e+04
4.295000e+00 4.070504e+04
4.418000e+00 4.031732e+04
4.543000e+00 3.988397e+04
4.667000e+00 3.947724e+04
4.792000e+00 3.905419e+04
4.917000e+00 3.860562e+04
5.042000e+00 3.814628e+04
5.169000e+00 3.768194e+04
5.295000e+00 3.723673e+04
5.423000e+00 3.678496e+04
5.551000e+00 3.632136e+04
5.680000e+00 3.582977e+04
5.811000e+00 3.536699e+04
5.944000e+00 3.490054e+04
6.078000e+00 3.444160e+04
6.214000e+00 3.398393e+04
6.352000e+00 3.352951e+04
6.493000e+00 3.307316e+04
6.635000e+00 3.263172e+04
6.781000e+00 3.218245e+04
6.930000e+00 3.177140e+04
7.081000e+00 3.133347e+04
7.236000e+00 3.092385e+04
7.394000e+00 3.049192e+04
7.557000e+00 3.008946e+04
7.720000e+00 2.968163e+04
7.890000e+00 2.930606e+04
8.065000e+00 2.890951e+04
8.245000e+00 2.854296e+04
8.429000e+00 2.816304e+04
8.620000e+00 2.780665e+04
8.815000e+00 2.744248e+04
9.014000e+00 2.710839e+04
9.220000e+00 2.676928e+04
9.431000e+00 2.643283e+04
9.649000e+00 2.610866e+04
9.873000e+00 2.579191e+04
1.010000e+01 2.548305e+04
1.034000e+01 2.518902e+04
1.058000e+01 2.488243e+04
1.084000e+01 2.461009e+04
1.110000e+01 2.431960e+04
1.136000e+01 2.404610e+04
1.164000e+01 2.377306e+04
1.192000e+01 2.351391e+04
1.222000e+01 2.326023e+04
1.252000e+01 2.301445e+04
1.283000e+01 2.277183e+04
1.315000e+01 2.253000e+04
1.348000e+01 2.229178e+04
1.383000e+01 2.206185e+04
1.418000e+01 2.184265e+04
1.455000e+01 2.162113e+04
1.492000e+01 2.140822e+04
1.531000e+01 2.120125e+04
1.571000e+01 2.100059e+04
1.613000e+01 2.080094e+04
1.656000e+01 2.060709e+04
1.700000e+01 2.042848e+04
1.746000e+01 2.023186e+04
1.793000e+01 2.006082e+04
1.842000e+01 1.987756e+04
1.893000e+01 1.970717e+04
1.945000e+01 1.952535e+04
2.000000e+01 1.936667e+04
2.056000e+01 1.920115e+04
2.114000e+01 1.903944e+04
2.174000e+01 1.887396e+04
2.237000e+01 1.872992e+04
2.301000e+01 1.857656e+04
2.369000e+01 1.842739e+04
2.438000e+01 1.828742e+04
2.510000e+01 1.814064e+04
2.585000e+01 1.799144e+04
2.662000e+01 1.785415e+04
2.743000e+01 1.770841e+04
2.827000e+01 1.757803e+04
2.913000e+01 1.744400e+04
3.004000e+01 1.729835e+04
3.097000e+01 1.716509e+04
3.195000e+01 1.703070e+04
3.296000e+01 1.689523e+04
3.402000e+01 1.676037e+04
3.512000e+01 1.661704e+04
3.626000e+01 1.648777e+04
3.745000e+01 1.635569e+04
3.869000e+01 1.621506e+04
3.998000e+01 1.607351e+04
4.133000e+01 1.593762e+04
4.273000e+01 1.579408e+04
4.420000e+01 1.564903e+04
4.573000e+01 1.550462e+04
4.733000e+01 1.535466e+04
4.901000e+01 1.520350e+04
5.075000e+01 1.504816e+04
5.258000e+01 1.489262e+04
5.450000e+01 1.473012e+04
5.650000e+01 1.456872e+04
5.860000e+01 1.439820e+04
6.080000e+01 1.422624e+04
6.310000e+01 1.404672e+04
6.553000e+01 1.386744e+04
6.807000e+01 1.368898e+04
7.074000e+01 1.350167e+04
7.355000e+01 1.330710e+04
7.650000e+01 1.310871e+04
7.961000e+01 1.290802e+04
