7.282000e-02 7.268729e+06
7.368000e-02 7.179402e+06
7.454000e-02 7.089402e+06
7.542000e-02 6.998145e+06
7.630000e-02 6.908769e+06
7.720000e-02 6.819190e+06
7.810000e-02 6.738356e+06
7.902000e-02 6.648168e+06
7.994000e-02 6.564102e+06
8.088000e-02 6.483228e+06
8.183000e-02 6.396978e+06
8.279000e-02 6.312462e+06
8.377000e-02 6.231673e+06
8.475000e-02 6.156984e+06
8.576000e-02 6.071707e+06
8.678000e-02 5.999143e+06
8.781000e-02 5.920593e+06
8.886000e-02 5.848291e+06
8.993000e-02 5.775524e+06
9.101000e-02 5.702923e+06
9.211000e-02 5.635065e+06
9.323000e-02 5.567587e+06
9.437000e-02 5.499736e+06
9.552000e-02 5.435194e+06
9.670000e-02 5.376209e+06
9.789000e-02 5.310761e+06
9.909000e-02 5.252957e+06
1.003000e-01 5.195087e+06
1.015000e-01 5.139102e+06
1.028000e-01 5.081260e+06
1.040000e-01 5.029355e+06
1.053000e-01 4.972508e+06
1.066000e-01 4.918132e+06
1.078000e-01 4.864733e+06
1.091000e-01 4.816194e+06
1.104000e-01 4.759689e+06
1.117000e-01 4.708431e+06
1.129000e-01 4.657385e+06
1.142000e-01 4.604102e+06
1.154000e-01 4.553886e+06
1.167000e-01 4.500597e+06
1.179000e-01 4.444198e+06
1.191000e-01 4.391612e+06
1.202000e-01 4.335150e+06
1.214000e-01 4.279124e+06
1.225000e-01 4.224711e+06
1.236000e-01 4.164776e+06
1.247000e-01 4.107951e+06
1.258000e-01 4.049003e+06
1.268000e-01 3.987610e+06
1.278000e-01 3.925814e+06
1.288000e-01 3.861935e+06
1.298000e-01 3.796994e+06
1.307000e-01 3.734394e+06
1.316000e-01 3.671115e+06
1.324000e-01 3.604281e+06
1.333000e-01 3.538319e+06
1.341000e-01 3.471268e+06
1.349000e-01 3.404271e+06
1.356000e-01 3.337670e+06
1.364000e-01 3.270089e+06
1.371000e-01 3.202438e+06
1.378000e-01 3.136069e+06
1.384000e-01 3.068764e+06
1.391000e-01 3.002199e+06
1.397000e-01 2.935746e+06
1.404000e-01 2.869934e+06
1.410000e-01 2.804166e+06
1.415000e-01 2.739302e+06
1.421000e-01 2.675714e+06
1.427000e-01 2.611602e+06
1.433000e-01 2.550091e+06
1.438000e-01 2.487664e+06
1.443000e-01 2.428584e+06
1.449000e-01 2.368893e+06
1.454000e-01 2.310905e+06
1.460000e-01 2.252173e+06
1.465000e-01 2.197377e+06
1.470000e-01 2.142550e+06
1.476000e-01 2.088179e+06
1.481000e-01 2.035443e+06
1.487000e-01 1.984752e+06
1.493000e-01 1.934485e+06
1.498000e-01 1.885483e+06
1.504000e-01 1.838307e+06
1.510000e-01 1.791986e+06
1.517000e-01 1.746394e+06
1.523000e-01 1.703415e+06
1.529000e-01 1.660241e+06
1.536000e-01 1.619614e+06
1.543000e-01 1.578964e+06
1.550000e-01 1.540764e+06
1.558000e-01 1.502847e+06
1.566000e-01 1.466385e+06
1.574000e-01 1.431347e+06
1.582000e-01 1.396926e+06
1.590000e-01 1.364104e+06
1.599000e-01 1.332657e+06
1.609000e-01 1.302182e+06
1.618000e-01 1.272251e+06
1.628000e-01 1.243358e+06
1.639000e-01 1.215512e+06
1.650000e-01 1.189131e+06
1.661000e-01 1.163204e+06
1.673000e-01 1.138319e+06
1.685000e-01 1.114460e+06
1.697000e-01 1.091033e+06
1.710000e-01 1.068879e+06
1.724000e-01 1.047423e+06
1.737000e-01 1.026547e+06
1.752000e-01 1.006676e+06
1.767000e-01 9.873972e+05
1.782000e-01 9.688404e+05
1.798000e-01 9.509066e+05
1.814000e-01 9.336901e+05
1.831000e-01 9.169012e+05
1.848000e-01 9.008471e+05
1.866000e-01 8.850423e+05
1.885000e-01 8.701722e+05
1.904000e-01 8.558628e+05
1.923000e-01 8.416744e+05
1.943000e-01 8.280863e+05
1.965000e-01 8.155464e+05
1.986000e-01 8.029211e+05
2.008000e-01 7.906234e+05
2.030000e-01 7.788301e+05
2.054000e-01 7.672993e+05
2.097000e-01 7.652005e+05
2.122000e-01 7.544565e+05
2.147000e-01 7.441399e+05
2.174000e-01 7.342371e+05
2.201000e-01 7.244598e+05
2.230000e-01 7.152490e+05
2.259000e-01 7.063062e+05
2.289000e-01 6.977338e+05
2.321000e-01 6.894852e+05
2.353000e-01 6.816249e+05
2.387000e-01 6.742206e+05
2.423000e-01 6.670586e+05
2.459000e-01 6.605460e+05
2.498000e-01 6.541446e+05
2.538000e-01 6.480744e+05
2.580000e-01 6.429690e+05
2.625000e-01 6.378338e+05
2.672000e-01 6.333630e+05
2.721000e-01 6.295546e+05
2.774000e-01 6.263702e+05
2.829000e-01 6.234082e+05
2.889000e-01 6.213562e+05
2.952000e-01 6.205059e+05
3.019000e-01 6.196233e+05
3.091000e-01 6.193687e+05
3.167000e-01 6.201355e+05
3.249000e-01 6.219715e+05
3.336000e-01 6.243749e+05
3.428000e-01 6.275086e+05
3.527000e-01 6.315077e+05
3.631000e-01 6.363859e+05
3.742000e-01 6.423110e+05
3.859000e-01 6.491916e+05
3.982000e-01 6.564247e+05
4.111000e-01 6.650754e+05
4.246000e-01 6.739852e+05
4.386000e-01 6.835349e+05
4.532000e-01 6.938272e+05
4.683000e-01 7.052369e+05
4.837000e-01 7.164677e+05
4.995000e-01 7.279212e+05
5.157000e-01 7.404283e+05
5.329000e-01 7.541963e+05
5.494000e-01 7.660694e+05
5.660000e-01 7.776789e+05
5.826000e-01 7.899397e+05
5.992000e-01 8.011388e+05
6.157000e-01 8.119597e+05
6.320000e-01 8.220880e+05
6.462000e-01 8.262959e+05
6.621000e-01 8.354620e+05
6.777000e-01 8.437988e+05
6.930000e-01 8.510464e+05
7.080000e-01 8.575662e+05
7.225000e-01 8.630067e+05
7.366000e-01 8.669969e+05
7.529000e-01 8.774478e+05
7.660000e-01 8.789794e+05
7.787000e-01 8.798956e+05
7.909000e-01 8.797117e+05
8.027000e-01 8.784644e+05
8.140000e-01 8.763692e+05
8.249000e-01 8.730904e+05
8.354000e-01 8.691495e+05
8.455000e-01 8.638054e+05
8.551000e-01 8.580204e+05
8.644000e-01 8.514122e+05
8.733000e-01 8.438284e+05
8.819000e-01 8.356745e+05
8.900000e-01 8.264958e+05
8.979000e-01 8.171282e+05
9.054000e-01 8.076002e+05
9.127000e-01 7.971392e+05
9.196000e-01 7.862292e+05
9.263000e-01 7.750474e+05
9.327000e-01 7.634532e+05
9.388000e-01 7.516855e+05
9.447000e-01 7.394958e+05
9.504000e-01 7.271997e+05
9.559000e-01 7.144726e+05
9.612000e-01 7.019759e+05
9.663000e-01 6.890569e+05
9.712000e-01 6.765035e+05
9.759000e-01 6.634655e+05
9.821000e-01 6.508689e+05
9.866000e-01 6.372006e+05
9.911000e-01 6.251490e+05
9.954000e-01 6.122942e+05
9.996000e-01 5.995390e+05
1.004000e+00 5.867268e+05
1.008000e+00 5.742615e+05
1.012000e+00 5.617377e+05
1.015000e+00 5.493201e+05
1.019000e+00 5.367913e+05
1.023000e+00 5.248116e+05
1.027000e+00 5.128980e+05
1.031000e+00 5.009193e+05
1.029000e+00 4.894522e+05
1.032000e+00 4.781788e+05
1.035000e+00 4.671252e+05
1.038000e+00 4.557566e+05
1.041000e+00 4.451674e+05
1.044000e+00 4.343306e+05
1.047000e+00 4.240028e+05
1.050000e+00 4.135554e+05
1.053000e+00 4.037887e+05
1.056000e+00 3.941136e+05
1.059000e+00 3.847365e+05
1.062000e+00 3.750948e+05
1.065000e+00 3.659395e+05
1.068000e+00 3.570961e+05
1.071000e+00 3.484180e+05
1.075000e+00 3.399204e+05
1.078000e+00 3.317581e+05
1.081000e+00 3.237682e+05
1.085000e+00 3.159990e+05
1.089000e+00 3.078405e+05
1.093000e+00 3.006270e+05
1.097000e+00 2.934270e+05
1.102000e+00 2.866273e+05
1.107000e+00 2.801848e+05
1.113000e+00 2.738637e+05
1.120000e+00 2.677858e+05
1.127000e+00 2.618449e+05
1.135000e+00 2.569799e+05
1.145000e+00 2.517733e+05
1.155000e+00 2.468284e+05
1.167000e+00 2.422970e+05
1.180000e+00 2.379143e+05
1.196000e+00 2.339610e+05
1.213000e+00 2.302366e+05
1.233000e+00 2.271183e+05
1.256000e+00 2.239351e+05
1.281000e+00 2.213435e+05
1.310000e+00 2.192896e+05
1.343000e+00 2.173588e+05
1.379000e+00 2.160846e+05
1.419000e+00 2.151293e+05
1.464000e+00 2.145488e+05
1.513000e+00 2.146071e+05
1.567000e+00 2.146814e+05
1.626000e+00 2.151417e+05
1.690000e+00 2.158631e+05
1.760000e+00 2.167279e+05
1.834000e+00 2.179269e+05
1.914000e+00 2.194047e+05
1.999000e+00 2.209420e+05
2.088000e+00 2.226405e+05
2.182000e+00 2.243196e+05
2.280000e+00 2.262448e+05
2.383000e+00 2.281832e+05
2.488000e+00 2.298989e+05
2.598000e+00 2.317673e+05
2.710000e+00 2.333675e+05
2.825000e+00 2.348281e+05
2.942000e+00 2.364630e+05
3.060000e+00 2.375594e+05
3.181000e+00 2.385540e+05
3.302000e+00 2.393696e+05
3.424000e+00 2.398570e+05
3.548000e+00 2.402530e+05
3.672000e+00 2.404834e+05
3.796000e+00 2.403500e+05
3.922000e+00 2.399447e+05
4.046000e+00 2.396416e+05
4.171000e+00 2.388598e+05
4.295000e+00 2.378069e+05
4.418000e+00 2.366620e+05
4.543000e+00 2.353600e+05
4.667000e+00 2.338884e+05
4.792000e+00 2.323692e+05
4.917000e+00 2.305852e+05
5.042000e+00 2.288157e+05
5.169000e+00 2.267861e+05
5.295000e+00 2.247156e+05
5.423000e+00 2.226912e+05
5.551000e+00 2.205325e+05
5.680000e+00 2.181168e+05
5.811000e+00 2.157945e+05
5.944000e+00 2.133993e+05
6.078000e+00 2.110023e+05
6.214000e+00 2.085681e+05
6.352000e+00 2.060873e+05
6.493000e+00 2.035795e+05
6.635000e+00 2.011030e+05
6.781000e+00 1.985664e+05
6.930000e+00 1.960979e+05
7.081000e+00 1.935703e+05
7.236000e+00 1.910600e+05
7.394000e+00 1.885360e+05
7.557000e+00 1.860650e+05
7.720000e+00 1.835828e+05
7.890000e+00 1.811408e+05
8.065000e+00 1.786700e+05
8.245000e+00 1.762747e+05
8.429000e+00 1.738936e+05
8.620000e+00 1.715511e+05
8.815000e+00 1.691203e+05
9.014000e+00 1.667833e+05
9.220000e+00 1.644285e+05
9.431000e+00 1.621028e+05
9.649000e+00 1.598644e+05
9.873000e+00 1.575926e+05
1.010000e+01 1.553845e+05
1.034000e+01 1.531955e+05
1.058000e+01 1.508946e+05
1.084000e+01 1.487927e+05
1.110000e+01 1.465496e+05
1.136000e+01 1.444824e+05
1.164000e+01 1.423115e+05
1.192000e+01 1.401743e+05
1.222000e+01 1.380963e+05
1.252000e+01 1.360212e+05
1.283000e+01 1.339924e+05
1.315000e+01 1.319951e+05
1.348000e+01 1.299806e+05
1.383000e+01 1.279352e+05
1.418000e+01 1.259226e+05
1.455000e+01 1.239298e+05
1.492000e+01 1.219608e+05
1.531000e+01 1.200588e+05
1.571000e+01 1.180745e+05
1.613000e+01 1.161331e+05
1.656000e+01 1.142091e+05
1.700000e+01 1.123566e+05
1.746000e+01 1.104432e+05
1.793000e+01 1.086199e+05
1.842000e+01 1.067235e+05
1.893000e+01 1.048917e+05
1.945000e+01 1.029591e+05
2.000000e+01 1.012278e+05
2.056000e+01 9.942217e+04
2.114000e+01 9.752459e+04
2.174000e+01 9.576514e+04
2.237000e+01 9.400895e+04
2.301000e+01 9.224999e+04
2.369000e+01 9.055432e+04
2.438000e+01 8.881115e+04
2.510000e+01 8.708033e+04
2.585000e+01 8.538200e+04
2.662000e+01 8.368934e+04
2.743000e+01 8.203479e+04
2.827000e+01 8.040498e+04
2.913000e+01 7.874314e+04
3.004000e+01 7.707413e+04
3.097000e+01 7.547892e+04
3.195000e+01 7.389740e+04
3.296000e+01 7.229990e+04
3.402000e+01 7.072599e+04
3.512000e+01 6.918158e+04
3.626000e+01 6.764342e+04
3.745000e+01 6.613670e+04
3.869000e+01 6.463720e+04
3.998000e+01 6.317474e+04
4.133000e+01 6.172695e+04
4.273000e+01 6.027165e+04
4.420000e+01 5.882261e+04
4.573000e+01 5.739878e+04
4.733000e+01 5.600883e+04
4.901000e+01 5.463627e+04
5.075000e+01 5.325920e+04
5.258000e+01 5.193162e+04
5.450000e+01 5.060084e+04
5.650000e+01 4.932119e+04
5.860000e+01 4.801873e+04
6.080000e+01 4.674440e+04
6.310000e+01 4.546505e+04
6.553000e+01 4.421803e+04
6.807000e+01 4.300416e+04
7.074000e+01 4.181291e+04
7.355000e+01 4.063729e+04
7.650000e+01 3.946472e+04
7.961000e+01 3.831203e+04
