7.282000e-02 6.802446e+06
7.368000e-02 6.719765e+06
7.454000e-02 6.639583e+06
7.542000e-02 6.558049e+06
7.630000e-02 6.475266e+06
7.720000e-02 6.395030e+06
7.810000e-02 6.320293e+06
7.902000e-02 6.239400e+06
7.994000e-02 6.161482e+06
8.088000e-02 6.089234e+06
8.183000e-02 6.011778e+06
8.279000e-02 5.933350e+06
8.377000e-02 5.860921e+06
8.475000e-02 5.791739e+06
8.576000e-02 5.717261e+06
8.678000e-02 5.650025e+06
8.781000e-02 5.579288e+06
8.886000e-02 5.514427e+06
8.993000e-02 5.446890e+06
9.101000e-02 5.381631e+06
9.211000e-02 5.320707e+06
9.323000e-02 5.260123e+06
9.437000e-02 5.197129e+06
9.552000e-02 5.141077e+06
9.670000e-02 5.086392e+06
9.789000e-02 5.029245e+06
9.909000e-02 4.977367e+06
1.003000e-01 4.923579e+06
1.015000e-01 4.875009e+06
1.028000e-01 4.822831e+06
1.040000e-01 4.774552e+06
1.053000e-01 4.724803e+06
1.066000e-01 4.675666e+06
1.078000e-01 4.627272e+06
1.091000e-01 4.583482e+06
1.104000e-01 4.532011e+06
1.117000e-01 4.486875e+06
1.129000e-01 4.440385e+06
1.142000e-01 4.391605e+06
1.154000e-01 4.345668e+06
1.167000e-01 4.296718e+06
1.179000e-01 4.246015e+06
1.191000e-01 4.197493e+06
1.202000e-01 4.146439e+06
1.214000e-01 4.094404e+06
1.225000e-01 4.042601e+06
1.236000e-01 3.989057e+06
1.247000e-01 3.934796e+06
1.258000e-01 3.880733e+06
1.268000e-01 3.823079e+06
1.278000e-01 3.764938e+06
1.288000e-01 3.704751e+06
1.298000e-01 3.644474e+06
1.307000e-01 3.585352e+06
1.316000e-01 3.526471e+06
1.324000e-01 3.463093e+06
1.333000e-01 3.400475e+06
1.341000e-01 3.337685e+06
1.349000e-01 3.273942e+06
1.356000e-01 3.210547e+06
1.364000e-01 3.146988e+06
1.371000e-01 3.082433e+06
1.378000e-01 3.019083e+06
1.384000e-01 2.955589e+06
1.391000e-01 2.891947e+06
1.397000e-01 2.828360e+06
1.404000e-01 2.765368e+06
1.410000e-01 2.703102e+06
1.415000e-01 2.641648e+06
1.421000e-01 2.580673e+06
1.427000e-01 2.519174e+06
1.433000e-01 2.460798e+06
1.438000e-01 2.400848e+06
1.443000e-01 2.344733e+06
1.449000e-01 2.287374e+06
1.454000e-01 2.231643e+06
1.460000e-01 2.176302e+06
1.465000e-01 2.123594e+06
1.470000e-01 2.071383e+06
1.476000e-01 2.019044e+06
1.481000e-01 1.968782e+06
1.487000e-01 1.920456e+06
1.493000e-01 1.872500e+06
1.498000e-01 1.825278e+06
1.504000e-01 1.780265e+06
1.510000e-01 1.736041e+06
1.517000e-01 1.692488e+06
1.523000e-01 1.651443e+06
1.529000e-01 1.610176e+06
1.536000e-01 1.571355e+06
1.543000e-01 1.532860e+06
1.550000e-01 1.496329e+06
1.558000e-01 1.460042e+06
1.566000e-01 1.425497e+06
1.574000e-01 1.391955e+06
1.582000e-01 1.359314e+06
1.590000e-01 1.327869e+06
1.599000e-01 1.298055e+06
1.609000e-01 1.268847e+06
1.618000e-01 1.240732e+06
1.628000e-01 1.213291e+06
1.639000e-01 1.186837e+06
1.650000e-01 1.161779e+06
1.661000e-01 1.137133e+06
1.673000e-01 1.113729e+06
1.685000e-01 1.091034e+06
1.697000e-01 1.069212e+06
1.710000e-01 1.048115e+06
1.724000e-01 1.027903e+06
1.737000e-01 1.008220e+06
1.752000e-01 9.897023e+05
1.767000e-01 9.715056e+05
1.782000e-01 9.541892e+05
1.798000e-01 9.374399e+05
1.814000e-01 9.211600e+05
1.831000e-01 9.056474e+05
1.848000e-01 8.906249e+05
1.866000e-01 8.759872e+05
1.885000e-01 8.622278e+05
1.904000e-01 8.488066e+05
1.923000e-01 8.356349e+05
1.943000e-01 8.231787e+05
1.965000e-01 8.115573e+05
1.986000e-01 7.999641e+05
2.008000e-01 7.888017e+05
2.030000e-01 7.779416e+05
2.054000e-01 7.674438e+05
2.097000e-01 7.676072e+05
2.122000e-01 7.579103e+05
2.147000e-01 7.485894e+05
2.174000e-01 7.397656e+05
2.201000e-01 7.310120e+05
2.230000e-01 7.227753e+05
2.259000e-01 7.148794e+05
2.289000e-01 7.074213e+05
2.321000e-01 7.002310e+05
2.353000e-01 6.934891e+05
2.387000e-01 6.871478e+05
2.423000e-01 6.811031e+05
2.459000e-01 6.757616e+05
2.498000e-01 6.705710e+05
2.538000e-01 6.657492e+05
2.580000e-01 6.619442e+05
2.625000e-01 6.582274e+05
2.672000e-01 6.551081e+05
2.721000e-01 6.528715e+05
2.774000e-01 6.512795e+05
2.829000e-01 6.500024e+05
2.889000e-01 6.497421e+05
2.952000e-01 6.507973e+05
3.019000e-01 6.519624e+05
3.091000e-01 6.538281e+05
3.167000e-01 6.568830e+05
3.249000e-01 6.610907e+05
3.336000e-01 6.661544e+05
3.428000e-01 6.719950e+05
3.527000e-01 6.789061e+05
3.631000e-01 6.868962e+05
3.742000e-01 6.960645e+05
3.859000e-01 7.063131e+05
3.982000e-01 7.169974e+05
4.111000e-01 7.295348e+05
4.246000e-01 7.421258e+05
4.386000e-01 7.560109e+05
4.532000e-01 7.705547e+05
4.683000e-01 7.854657e+05
4.837000e-01 8.013965e+05
4.995000e-01 8.174921e+05
5.157000e-01 8.339167e+05
5.329000e-01 8.528646e+05
5.494000e-01 8.690652e+05
5.660000e-01 8.849035e+05
5.826000e-01 9.013415e+05
5.992000e-01 9.165970e+05
6.157000e-01 9.313656e+05
6.320000e-01 9.459485e+05
6.462000e-01 9.528508e+05
6.621000e-01 9.650736e+05
6.777000e-01 9.769426e+05
6.930000e-01 9.875867e+05
7.080000e-01 9.962503e+05
7.225000e-01 1.004255e+06
7.366000e-01 1.011232e+06
7.529000e-01 1.024649e+06
7.660000e-01 1.028318e+06
7.787000e-01 1.030706e+06
7.909000e-01 1.031854e+06
8.027000e-01 1.031305e+06
8.140000e-01 1.030306e+06
8.249000e-01 1.027475e+06
8.354000e-01 1.023361e+06
8.455000e-01 1.018205e+06
8.551000e-01 1.012036e+06
8.644000e-01 1.004953e+06
8.733000e-01 9.967723e+05
8.819000e-01 9.879683e+05
8.900000e-01 9.779989e+05
8.979000e-01 9.673570e+05
9.054000e-01 9.565079e+05
9.127000e-01 9.446837e+05
9.196000e-01 9.323046e+05
9.263000e-01 9.191978e+05
9.327000e-01 9.061092e+05
9.388000e-01 8.923518e+05
9.447000e-01 8.781512e+05
9.504000e-01 8.642287e+05
9.559000e-01 8.494210e+05
9.612000e-01 8.345379e+05
9.663000e-01 8.195427e+05
9.712000e-01 8.049657e+05
9.759000e-01 7.898548e+05
9.821000e-01 7.748875e+05
9.866000e-01 7.590533e+05
9.911000e-01 7.447781e+05
9.954000e-01 7.295963e+05
9.996000e-01 7.145266e+05
1.004000e+00 6.993827e+05
1.008000e+00 6.846965e+05
1.012000e+00 6.698825e+05
1.015000e+00 6.552372e+05
1.019000e+00 6.402075e+05
1.023000e+00 6.263575e+05
1.027000e+00 6.120567e+05
1.031000e+00 5.979513e+05
1.029000e+00 5.842274e+05
1.032000e+00 5.709502e+05
1.035000e+00 5.577179e+05
1.038000e+00 5.443140e+05
1.041000e+00 5.316345e+05
1.044000e+00 5.188531e+05
1.047000e+00 5.064842e+05
1.050000e+00 4.941914e+05
1.053000e+00 4.824903e+05
1.056000e+00 4.710727e+05
1.059000e+00 4.598357e+05
1.062000e+00 4.484793e+05
1.065000e+00 4.375053e+05
1.068000e+00 4.270603e+05
1.071000e+00 4.166555e+05
1.075000e+00 4.066146e+05
1.078000e+00 3.967975e+05
1.081000e+00 3.873556e+05
1.085000e+00 3.780099e+05
1.089000e+00 3.683326e+05
1.093000e+00 3.596285e+05
1.097000e+00 3.510689e+05
1.102000e+00 3.429852e+05
1.107000e+00 3.352800e+05
1.113000e+00 3.277198e+05
1.120000e+00 3.205400e+05
1.127000e+00 3.133891e+05
1.135000e+00 3.075714e+05
1.145000e+00 3.013448e+05
1.155000e+00 2.953914e+05
1.167000e+00 2.897795e+05
1.180000e+00 2.846219e+05
1.196000e+00 2.797158e+05
1.213000e+00 2.752378e+05
1.233000e+00 2.714169e+05
1.256000e+00 2.673545e+05
1.281000e+00 2.641305e+05
1.310000e+00 2.615574e+05
1.343000e+00 2.591555e+05
1.379000e+00 2.573610e+05
1.419000e+00 2.559634e+05
1.464000e+00 2.550145e+05
1.513000e+00 2.548280e+05
1.567000e+00 2.546642e+05
1.626000e+00 2.548695e+05
1.690000e+00 2.553938e+05
1.760000e+00 2.560861e+05
1.834000e+00 2.572468e+05
1.914000e+00 2.586718e+05
1.999000e+00 2.601674e+05
2.088000e+00 2.618854e+05
2.182000e+00 2.635911e+05
2.280000e+00 2.656062e+05
2.383000e+00 2.676650e+05
2.488000e+00 2.694367e+05
2.598000e+00 2.714753e+05
2.710000e+00 2.731814e+05
2.825000e+00 2.748051e+05
2.942000e+00 2.766369e+05
3.060000e+00 2.779277e+05
3.181000e+00 2.791368e+05
3.302000e+00 2.801858e+05
3.424000e+00 2.809322e+05
3.548000e+00 2.815629e+05
3.672000e+00 2.821284e+05
3.796000e+00 2.823463e+05
3.922000e+00 2.822718e+05
4.046000e+00 2.824253e+05
4.171000e+00 2.820397e+05
4.295000e+00 2.814710e+05
4.418000e+00 2.808492e+05
4.543000e+00 2.801481e+05
4.667000e+00 2.792822e+05
4.792000e+00 2.785301e+05
4.917000e+00 2.775156e+05
5.042000e+00 2.766303e+05
5.169000e+00 2.755190e+05
5.295000e+00 2.744626e+05
5.423000e+00 2.735756e+05
5.551000e+00 2.726202e+05
5.680000e+00 2.714385e+05
5.811000e+00 2.706413e+05
5.944000e+00 2.696035e+05
6.078000e+00 2.687508e+05
6.214000e+00 2.680214e+05
6.352000e+00 2.674177e+05
6.493000e+00 2.666509e+05
6.635000e+00 2.663207e+05
6.781000e+00 2.659910e+05
6.930000e+00 2.656333e+05
7.081000e+00 2.655054e+05
7.236000e+00 2.652690e+05
7.394000e+00 2.652615e+05
7.557000e+00 2.655533e+05
7.720000e+00 2.655928e+05
7.890000e+00 2.659741e+05
8.065000e+00 2.663346e+05
8.245000e+00 2.669744e+05
8.429000e+00 2.676363e+05
8.620000e+00 2.681660e+05
8.815000e+00 2.689263e+05
9.014000e+00 2.697822e+05
9.220000e+00 2.707113e+05
9.431000e+00 2.716191e+05
9.649000e+00 2.726029e+05
9.873000e+00 2.736044e+05
1.010000e+01 2.746330e+05
1.034000e+01 2.757519e+05
1.058000e+01 2.768240e+05
1.084000e+01 2.779080e+05
1.110000e+01 2.788788e+05
1.136000e+01 2.798302e+05
1.164000e+01 2.808515e+05
1.192000e+01 2.818229e+05
1.222000e+01 2.827973e+05
1.252000e+01 2.836611e+05
1.283000e+01 2.843897e+05
1.315000e+01 2.851856e+05
1.348000e+01 2.857162e+05
1.383000e+01 2.863005e+05
1.418000e+01 2.868354e+05
1.455000e+01 2.871893e+05
1.492000e+01 2.873788e+05
1.531000e+01 2.876123e+05
1.571000e+01 2.876688e+05
1.613000e+01 2.876168e+05
1.656000e+01 2.874003e+05
1.700000e+01 2.871634e+05
1.746000e+01 2.865742e+05
1.793000e+01 2.862524e+05
1.842000e+01 2.855460e+05
1.893000e+01 2.847412e+05
1.945000e+01 2.836188e+05
2.000000e+01 2.826530e+05
2.056000e+01 2.815298e+05
2.114000e+01 2.800360e+05
2.174000e+01 2.785561e+05
2.237000e+01 2.769958e+05
2.301000e+01 2.752734e+05
2.369000e+01 2.734520e+05
2.438000e+01 2.715507e+05
2.510000e+01 2.694089e+05
2.585000e+01 2.671007e+05
2.662000e+01 2.648796e+05
2.743000e+01 2.622646e+05
2.827000e+01 2.598071e+05
2.913000e+01 2.571409e+05
3.004000e+01 2.542753e+05
3.097000e+01 2.514833e+05
3.195000e+01 2.484634e+05
3.296000e+01 2.454192e+05
3.402000e+01 2.422471e+05
3.512000e+01 2.389768e+05
3.626000e+01 2.357133e+05
3.745000e+01 2.323708e+05
3.869000e+01 2.289214e+05
3.998000e+01 2.253802e+05
4.133000e+01 2.218921e+05
4.273000e+01 2.182124e+05
4.420000e+01 2.145582e+05
4.573000e+01 2.108385e+05
4.733000e+01 2.070925e+05
4.901000e+01 2.032669e+05
5.075000e+01 1.994378e+05
5.258000e+01 1.956567e+05
5.450000e+01 1.917322e+05
5.650000e+01 1.878378e+05
5.860000e+01 1.839173e+05
6.080000e+01 1.799478e+05
6.310000e+01 1.760177e+05
6.553000e+01 1.720974e+05
6.807000e+01 1.681625e+05
7.074000e+01 1.642461e+05
7.355000e+01 1.602593e+05
7.650000e+01 1.563471e+05
7.961000e+01 1.524179e+05
