7.282000e-02 0.000000e+00
7.368000e-02 0.000000e+00
7.454000e-02 0.000000e+00
7.542000e-02 0.000000e+00
7.630000e-02 0.000000e+00
7.720000e-02 0.000000e+00
7.810000e-02 0.000000e+00
7.902000e-02 0.000000e+00
7.994000e-02 0.000000e+00
8.088000e-02 0.000000e+00
8.183000e-02 0.000000e+00
8.279000e-02 0.000000e+00
8.377000e-02 0.000000e+00
8.475000e-02 0.000000e+00
8.576000e-02 0.000000e+00
8.678000e-02 0.000000e+00
8.781000e-02 0.000000e+00
8.886000e-02 0.000000e+00
8.993000e-02 0.000000e+00
9.101000e-02 0.000000e+00
9.211000e-02 0.000000e+00
9.323000e-02 0.000000e+00
9.437000e-02 0.000000e+00
9.552000e-02 0.000000e+00
9.670000e-02 0.000000e+00
9.789000e-02 0.000000e+00
9.909000e-02 0.000000e+00
1.003000e-01 0.000000e+00
1.015000e-01 0.000000e+00
1.028000e-01 0.000000e+00
1.040000e-01 0.000000e+00
1.053000e-01 0.000000e+00
1.066000e-01 0.000000e+00
1.078000e-01 0.000000e+00
1.091000e-01 0.000000e+00
1.104000e-01 0.000000e+00
1.117000e-01 0.000000e+00
1.129000e-01 0.000000e+00
1.142000e-01 0.000000e+00
1.154000e-01 0.000000e+00
1.167000e-01 0.000000e+00
1.179000e-01 0.000000e+00
1.191000e-01 0.000000e+00
1.202000e-01 0.000000e+00
1.214000e-01 0.000000e+00
1.225000e-01 0.000000e+00
1.236000e-01 0.000000e+00
1.247000e-01 0.000000e+00
1.258000e-01 0.000000e+00
1.268000e-01 0.000000e+00
1.278000e-01 0.000000e+00
1.288000e-01 0.000000e+00
1.298000e-01 0.000000e+00
1.307000e-01 0.000000e+00
1.316000e-01 0.000000e+00
1.324000e-01 0.000000e+00
1.333000e-01 0.000000e+00
1.341000e-01 0.000000e+00
1.349000e-01 0.000000e+00
1.356000e-01 0.000000e+00
1.364000e-01 0.000000e+00
1.371000e-01 0.000000e+00
1.378000e-01 0.000000e+00
1.384000e-01 0.000000e+00
1.391000e-01 0.000000e+00
1.397000e-01 0.000000e+00
1.404000e-01 0.000000e+00
1.410000e-01 0.000000e+00
1.415000e-01 0.000000e+00
1.421000e-01 0.000000e+00
1.427000e-01 0.000000e+00
1.433000e-01 0.000000e+00
1.438000e-01 0.000000e+00
1.443000e-01 0.000000e+00
1.449000e-01 0.000000e+00
1.454000e-01 0.000000e+00
1.460000e-01 0.000000e+00
1.465000e-01 0.000000e+00
1.470000e-01 0.000000e+00
1.476000e-01 0.000000e+00
1.481000e-01 0.000000e+00
1.487000e-01 0.000000e+00
1.493000e-01 0.000000e+00
1.498000e-01 0.000000e+00
1.504000e-01 0.000000e+00
1.510000e-01 0.000000e+00
1.517000e-01 0.000000e+00
1.523000e-01 0.000000e+00
1.529000e-01 0.000000e+00
1.536000e-01 0.000000e+00
1.543000e-01 0.000000e+00
1.550000e-01 0.000000e+00
1.558000e-01 0.000000e+00
1.566000e-01 0.000000e+00
1.574000e-01 0.000000e+00
1.582000e-01 0.000000e+00
1.590000e-01 0.000000e+00
1.599000e-01 0.000000e+00
1.609000e-01 0.000000e+00
1.618000e-01 0.000000e+00
1.628000e-01 0.000000e+00
1.639000e-01 0.000000e+00
1.650000e-01 0.000000e+00
1.661000e-01 0.000000e+00
1.673000e-01 0.000000e+00
1.685000e-01 0.000000e+00
1.697000e-01 0.000000e+00
1.710000e-01 0.000000e+00
1.724000e-01 0.000000e+00
1.737000e-01 0.000000e+00
1.752000e-01 0.000000e+00
1.767000e-01 0.000000e+00
1.782000e-01 0.000000e+00
1.798000e-01 0.000000e+00
1.814000e-01 0.000000e+00
1.831000e-01 0.000000e+00
1.848000e-01 0.000000e+00
1.866000e-01 0.000000e+00
1.885000e-01 0.000000e+00
1.904000e-01 0.000000e+00
1.923000e-01 0.000000e+00
1.943000e-01 0.000000e+00
1.965000e-01 0.000000e+00
1.986000e-01 0.000000e+00
2.008000e-01 0.000000e+00
2.030000e-01 0.000000e+00
2.054000e-01 0.000000e+00
2.097000e-01 0.000000e+00
2.122000e-01 0.000000e+00
2.147000e-01 0.000000e+00
2.174000e-01 0.000000e+00
2.201000e-01 0.000000e+00
2.230000e-01 0.000000e+00
2.259000e-01 0.000000e+00
2.289000e-01 0.000000e+00
2.321000e-01 0.000000e+00
2.353000e-01 0.000000e+00
2.387000e-01 0.000000e+00
2.423000e-01 0.000000e+00
2.459000e-01 0.000000e+00
2.498000e-01 0.000000e+00
2.538000e-01 0.000000e+00
2.580000e-01 0.000000e+00
2.625000e-01 0.000000e+00
2.672000e-01 0.000000e+00
2.721000e-01 0.000000e+00
2.774000e-01 0.000000e+00
2.829000e-01 0.000000e+00
2.889000e-01 0.000000e+00
2.952000e-01 0.000000e+00
3.019000e-01 0.000000e+00
3.091000e-01 0.000000e+00
3.167000e-01 0.000000e+00
3.249000e-01 0.000000e+00
3.336000e-01 0.000000e+00
3.428000e-01 0.000000e+00
3.527000e-01 0.000000e+00
3.631000e-01 0.000000e+00
3.742000e-01 0.000000e+00
3.859000e-01 0.000000e+00
3.982000e-01 0.000000e+00
4.111000e-01 0.000000e+00
4.246000e-01 0.000000e+00
4.386000e-01 0.000000e+00
4.532000e-01 0.000000e+00
4.683000e-01 0.000000e+00
4.837000e-01 0.000000e+00
4.995000e-01 0.000000e+00
5.157000e-01 0.000000e+00
5.329000e-01 0.000000e+00
5.494000e-01 0.000000e+00
5.660000e-01 0.000000e+00
5.826000e-01 0.000000e+00
5.992000e-01 0.000000e+00
6.157000e-01 0.000000e+00
6.320000e-01 0.000000e+00
6.462000e-01 0.000000e+00
6.621000e-01 0.000000e+00
6.777000e-01 0.000000e+00
6.930000e-01 0.000000e+00
7.080000e-01 0.000000e+00
7.225000e-01 0.000000e+00
7.366000e-01 0.000000e+00
7.529000e-01 1.681557e-03
7.660000e-01 1.724371e-03
7.787000e-01 1.763358e-03
7.909000e-01 1.799091e-03
8.027000e-01 1.831618e-03
8.140000e-01 1.860884e-03
8.249000e-01 1.886661e-03
8.354000e-01 1.908545e-03
8.455000e-01 1.927450e-03
8.551000e-01 1.942507e-03
8.644000e-01 1.954846e-03
8.733000e-01 1.964099e-03
8.819000e-01 1.970328e-03
8.900000e-01 1.973772e-03
8.979000e-01 1.974139e-03
9.054000e-01 1.972416e-03
9.127000e-01 1.968722e-03
9.196000e-01 1.962253e-03
9.263000e-01 1.953104e-03
9.327000e-01 1.943642e-03
9.388000e-01 1.931231e-03
9.447000e-01 1.917171e-03
9.504000e-01 1.902985e-03
9.559000e-01 1.886537e-03
9.612000e-01 1.870262e-03
9.663000e-01 1.852965e-03
9.712000e-01 1.836498e-03
9.759000e-01 1.819693e-03
9.821000e-01 1.803906e-03
9.866000e-01 1.786777e-03
9.911000e-01 1.774401e-03
9.954000e-01 1.761515e-03
9.996000e-01 1.750521e-03
1.004000e+00 1.741584e-03
1.008000e+00 1.736458e-03
1.012000e+00 1.733135e-03
1.015000e+00 1.733893e-03
1.019000e+00 1.737880e-03
1.023000e+00 1.748581e-03
1.027000e+00 1.763130e-03
1.031000e+00 1.783723e-03
1.029000e+00 1.812136e-03
1.032000e+00 1.850297e-03
1.035000e+00 1.900573e-03
1.038000e+00 1.965488e-03
1.041000e+00 2.057049e-03
1.044000e+00 2.182218e-03
1.047000e+00 2.364092e-03
1.050000e+00 2.628407e-03
1.053000e+00 3.020439e-03
1.056000e+00 3.618459e-03
1.059000e+00 4.494193e-03
1.062000e+00 5.789044e-03
1.065000e+00 7.700474e-03
1.068000e+00 1.049618e-02
1.071000e+00 1.453775e-02
1.075000e+00 2.031607e-02
1.078000e+00 2.849754e-02
1.081000e+00 3.992956e-02
1.085000e+00 5.570174e-02
1.089000e+00 7.747187e-02
1.093000e+00 1.065859e-01
1.097000e+00 1.453470e-01
1.102000e+00 1.965271e-01
1.107000e+00 2.633502e-01
1.113000e+00 3.494914e-01
1.120000e+00 4.595075e-01
1.127000e+00 5.983475e-01
1.135000e+00 7.760199e-01
1.145000e+00 9.929743e-01
1.155000e+00 1.259226e+00
1.167000e+00 1.583724e+00
1.180000e+00 1.974850e+00
1.196000e+00 2.441493e+00
1.213000e+00 2.994970e+00
1.233000e+00 3.649361e+00
1.256000e+00 4.411179e+00
1.281000e+00 5.287605e+00
1.310000e+00 6.295551e+00
1.343000e+00 7.435709e+00
1.379000e+00 8.725014e+00
1.419000e+00 1.017098e+01
1.464000e+00 1.177384e+01
1.513000e+00 1.353796e+01
1.567000e+00 1.546374e+01
1.626000e+00 1.754817e+01
1.690000e+00 1.978524e+01
1.760000e+00 2.215670e+01
1.834000e+00 2.467405e+01
1.914000e+00 2.732128e+01
1.999000e+00 3.008279e+01
2.088000e+00 3.291791e+01
2.182000e+00 3.579338e+01
2.280000e+00 3.874602e+01
2.383000e+00 4.173173e+01
2.488000e+00 4.467240e+01
2.598000e+00 4.763420e+01
2.710000e+00 5.049444e+01
2.825000e+00 5.331894e+01
2.942000e+00 5.610986e+01
3.060000e+00 5.873874e+01
3.181000e+00 6.121421e+01
3.302000e+00 6.359015e+01
3.424000e+00 6.577210e+01
3.548000e+00 6.782724e+01
3.672000e+00 6.972256e+01
3.796000e+00 7.140572e+01
3.922000e+00 7.293352e+01
4.046000e+00 7.432044e+01
4.171000e+00 7.547229e+01
4.295000e+00 7.643020e+01
4.418000e+00 7.722209e+01
4.543000e+00 7.784748e+01
4.667000e+00 7.828593e+01
4.792000e+00 7.862998e+01
4.917000e+00 7.876817e+01
5.042000e+00 7.883359e+01
5.169000e+00 7.868521e+01
5.295000e+00 7.841790e+01
5.423000e+00 7.807831e+01
5.551000e+00 7.759945e+01
5.680000e+00 7.692623e+01
5.811000e+00 7.624260e+01
5.944000e+00 7.543188e+01
6.078000e+00 7.457708e+01
6.214000e+00 7.361951e+01
6.352000e+00 7.257105e+01
6.493000e+00 7.147464e+01
6.635000e+00 7.032423e+01
6.781000e+00 6.909959e+01
6.930000e+00 6.785743e+01
7.081000e+00 6.655705e+01
7.236000e+00 6.520764e+01
7.394000e+00 6.383677e+01
7.557000e+00 6.244945e+01
7.720000e+00 6.104008e+01
7.890000e+00 5.960905e+01
8.065000e+00 5.814942e+01
8.245000e+00 5.670965e+01
8.429000e+00 5.525903e+01
8.620000e+00 5.378683e+01
8.815000e+00 5.231899e+01
9.014000e+00 5.086484e+01
9.220000e+00 4.940799e+01
9.431000e+00 4.796380e+01
9.649000e+00 4.653494e+01
9.873000e+00 4.511735e+01
1.010000e+01 4.371002e+01
1.034000e+01 4.231585e+01
1.058000e+01 4.093740e+01
1.084000e+01 3.958370e+01
1.110000e+01 3.823720e+01
1.136000e+01 3.692472e+01
1.164000e+01 3.562817e+01
1.192000e+01 3.436176e+01
1.222000e+01 3.311910e+01
1.252000e+01 3.189867e+01
1.283000e+01 3.071042e+01
1.315000e+01 2.953908e+01
1.348000e+01 2.839627e+01
1.383000e+01 2.727998e+01
1.418000e+01 2.620071e+01
1.455000e+01 2.514443e+01
1.492000e+01 2.411178e+01
1.531000e+01 2.311083e+01
1.571000e+01 2.214016e+01
1.613000e+01 2.120366e+01
1.656000e+01 2.028654e+01
1.700000e+01 1.940705e+01
1.746000e+01 1.853273e+01
1.793000e+01 1.772039e+01
1.842000e+01 1.690976e+01
1.893000e+01 1.613151e+01
1.945000e+01 1.537972e+01
2.000000e+01 1.465841e+01
2.056000e+01 1.396517e+01
2.114000e+01 1.328857e+01
2.174000e+01 1.264629e+01
2.237000e+01 1.203142e+01
2.301000e+01 1.143281e+01
2.369000e+01 1.086514e+01
2.438000e+01 1.032202e+01
2.510000e+01 9.788303e+00
2.585000e+01 9.285695e+00
2.662000e+01 8.804094e+00
2.743000e+01 8.339176e+00
2.827000e+01 7.901661e+00
2.913000e+01 7.478531e+00
3.004000e+01 7.071869e+00
3.097000e+01 6.688507e+00
3.195000e+01 6.316679e+00
3.296000e+01 5.969071e+00
3.402000e+01 5.632669e+00
3.512000e+01 5.312897e+00
3.626000e+01 5.012200e+00
3.745000e+01 4.724758e+00
3.869000e+01 4.450414e+00
3.998000e+01 4.190781e+00
4.133000e+01 3.944955e+00
4.273000e+01 3.709793e+00
4.420000e+01 3.487182e+00
4.573000e+01 3.276333e+00
4.733000e+01 3.076876e+00
4.901000e+01 2.887502e+00
5.075000e+01 2.708425e+00
5.258000e+01 2.540203e+00
5.450000e+01 2.379481e+00
5.650000e+01 2.228179e+00
5.860000e+01 2.085014e+00
6.080000e+01 1.950220e+00
6.310000e+01 1.822851e+00
6.553000e+01 1.702982e+00
6.807000e+01 1.590005e+00
7.074000e+01 1.483599e+00
7.355000e+01 1.382958e+00
7.650000e+01 1.288509e+00
7.961000e+01 1.199788e+00
