7.282000e-02 1.809907e+07
7.368000e-02 1.777048e+07
7.454000e-02 1.744791e+07
7.542000e-02 1.712965e+07
7.630000e-02 1.681265e+07
7.720000e-02 1.651258e+07
7.810000e-02 1.622605e+07
7.902000e-02 1.592778e+07
7.994000e-02 1.564666e+07
8.088000e-02 1.537661e+07
8.183000e-02 1.510250e+07
8.279000e-02 1.483208e+07
8.377000e-02 1.457612e+07
8.475000e-02 1.433400e+07
8.576000e-02 1.407830e+07
8.678000e-02 1.384600e+07
8.781000e-02 1.361272e+07
8.886000e-02 1.339088e+07
8.993000e-02 1.316979e+07
9.101000e-02 1.295369e+07
9.211000e-02 1.275271e+07
9.323000e-02 1.255408e+07
9.437000e-02 1.235410e+07
9.552000e-02 1.216808e+07
9.670000e-02 1.199144e+07
9.789000e-02 1.181036e+07
9.909000e-02 1.164365e+07
1.003000e-01 1.147620e+07
1.015000e-01 1.132030e+07
1.028000e-01 1.115956e+07
1.040000e-01 1.101123e+07
1.053000e-01 1.085885e+07
1.066000e-01 1.070947e+07
1.078000e-01 1.056700e+07
1.091000e-01 1.043587e+07
1.104000e-01 1.028702e+07
1.117000e-01 1.015387e+07
1.129000e-01 1.002039e+07
1.142000e-01 9.884724e+06
1.154000e-01 9.756507e+06
1.167000e-01 9.622540e+06
1.179000e-01 9.485662e+06
1.191000e-01 9.356275e+06
1.202000e-01 9.220816e+06
1.214000e-01 9.086928e+06
1.225000e-01 8.955839e+06
1.236000e-01 8.817659e+06
1.247000e-01 8.682824e+06
1.258000e-01 8.549064e+06
1.268000e-01 8.408259e+06
1.278000e-01 8.268341e+06
1.288000e-01 8.124472e+06
1.298000e-01 7.981153e+06
1.307000e-01 7.839831e+06
1.316000e-01 7.700785e+06
1.324000e-01 7.553579e+06
1.333000e-01 7.410569e+06
1.341000e-01 7.265599e+06
1.349000e-01 7.120038e+06
1.356000e-01 6.974667e+06
1.364000e-01 6.831223e+06
1.371000e-01 6.686033e+06
1.378000e-01 6.543714e+06
1.384000e-01 6.400519e+06
1.391000e-01 6.259010e+06
1.397000e-01 6.117940e+06
1.404000e-01 5.979092e+06
1.410000e-01 5.841219e+06
1.415000e-01 5.704563e+06
1.421000e-01 5.570646e+06
1.427000e-01 5.435722e+06
1.433000e-01 5.306998e+06
1.438000e-01 5.177047e+06
1.443000e-01 5.053442e+06
1.449000e-01 4.929205e+06
1.454000e-01 4.808513e+06
1.460000e-01 4.686894e+06
1.465000e-01 4.572829e+06
1.470000e-01 4.459243e+06
1.476000e-01 4.346576e+06
1.481000e-01 4.237283e+06
1.487000e-01 4.132715e+06
1.493000e-01 4.029455e+06
1.498000e-01 3.927779e+06
1.504000e-01 3.830789e+06
1.510000e-01 3.735506e+06
1.517000e-01 3.642100e+06
1.523000e-01 3.554012e+06
1.529000e-01 3.465431e+06
1.536000e-01 3.382042e+06
1.543000e-01 3.299289e+06
1.550000e-01 3.220756e+06
1.558000e-01 3.143820e+06
1.566000e-01 3.069065e+06
1.574000e-01 2.997509e+06
1.582000e-01 2.927474e+06
1.590000e-01 2.860643e+06
1.599000e-01 2.796553e+06
1.609000e-01 2.734370e+06
1.618000e-01 2.673818e+06
1.628000e-01 2.615290e+06
1.639000e-01 2.558812e+06
1.650000e-01 2.505542e+06
1.661000e-01 2.452816e+06
1.673000e-01 2.402406e+06
1.685000e-01 2.354022e+06
1.697000e-01 2.307171e+06
1.710000e-01 2.262106e+06
1.724000e-01 2.218626e+06
1.737000e-01 2.176467e+06
1.752000e-01 2.136303e+06
1.767000e-01 2.097266e+06
1.782000e-01 2.059637e+06
1.798000e-01 2.024018e+06
1.814000e-01 1.989157e+06
1.831000e-01 1.955115e+06
1.848000e-01 1.921758e+06
1.866000e-01 1.888887e+06
1.885000e-01 1.858980e+06
1.904000e-01 1.829443e+06
1.923000e-01 1.801791e+06
1.943000e-01 1.773302e+06
1.965000e-01 1.747258e+06
1.986000e-01 1.721323e+06
2.008000e-01 1.695711e+06
2.030000e-01 1.671989e+06
2.054000e-01 1.646999e+06
2.097000e-01 1.647906e+06
2.122000e-01 1.626067e+06
2.147000e-01 1.603157e+06
2.174000e-01 1.583520e+06
2.201000e-01 1.562233e+06
2.230000e-01 1.542891e+06
2.259000e-01 1.523574e+06
2.289000e-01 1.505737e+06
2.321000e-01 1.488064e+06
2.353000e-01 1.471625e+06
2.387000e-01 1.455425e+06
2.423000e-01 1.440376e+06
2.459000e-01 1.426856e+06
2.498000e-01 1.412877e+06
2.538000e-01 1.400775e+06
2.580000e-01 1.389854e+06
2.625000e-01 1.379966e+06
2.672000e-01 1.371179e+06
2.721000e-01 1.364639e+06
2.774000e-01 1.360014e+06
2.829000e-01 1.356395e+06
2.889000e-01 1.354863e+06
2.952000e-01 1.355863e+06
3.019000e-01 1.358742e+06
3.091000e-01 1.362824e+06
3.167000e-01 1.369610e+06
3.249000e-01 1.379798e+06
3.336000e-01 1.392391e+06
3.428000e-01 1.406589e+06
3.527000e-01 1.424185e+06
3.631000e-01 1.445135e+06
3.742000e-01 1.468879e+06
3.859000e-01 1.495905e+06
3.982000e-01 1.524402e+06
4.111000e-01 1.557026e+06
4.246000e-01 1.591522e+06
4.386000e-01 1.628382e+06
4.532000e-01 1.667677e+06
4.683000e-01 1.708744e+06
4.837000e-01 1.750940e+06
4.995000e-01 1.795833e+06
5.157000e-01 1.841722e+06
5.329000e-01 1.892582e+06
5.494000e-01 1.938637e+06
5.660000e-01 1.983654e+06
5.826000e-01 2.029657e+06
5.992000e-01 2.073536e+06
6.157000e-01 2.116104e+06
6.320000e-01 2.158053e+06
6.462000e-01 2.182079e+06
6.621000e-01 2.219108e+06
6.777000e-01 2.254568e+06
6.930000e-01 2.287187e+06
7.080000e-01 2.315916e+06
7.225000e-01 2.341300e+06
7.366000e-01 2.364297e+06
7.529000e-01 2.404469e+06
7.660000e-01 2.419390e+06
7.787000e-01 2.430794e+06
7.909000e-01 2.438790e+06
8.027000e-01 2.443476e+06
8.140000e-01 2.444968e+06
8.249000e-01 2.443311e+06
8.354000e-01 2.438146e+06
8.455000e-01 2.429598e+06
8.551000e-01 2.418679e+06
8.644000e-01 2.405172e+06
8.733000e-01 2.388650e+06
8.819000e-01 2.370261e+06
8.900000e-01 2.349144e+06
8.979000e-01 2.326471e+06
9.054000e-01 2.301966e+06
9.127000e-01 2.276173e+06
9.196000e-01 2.248155e+06
9.263000e-01 2.218081e+06
9.327000e-01 2.188516e+06
9.388000e-01 2.156517e+06
9.447000e-01 2.123542e+06
9.504000e-01 2.090831e+06
9.559000e-01 2.055736e+06
9.612000e-01 2.021235e+06
9.663000e-01 1.985413e+06
9.712000e-01 1.950580e+06
9.759000e-01 1.914563e+06
9.821000e-01 1.878561e+06
9.866000e-01 1.841165e+06
9.911000e-01 1.807212e+06
9.954000e-01 1.771431e+06
9.996000e-01 1.735042e+06
1.004000e+00 1.697115e+06
1.008000e+00 1.662045e+06
1.012000e+00 1.626528e+06
1.015000e+00 1.590256e+06
1.019000e+00 1.554164e+06
1.023000e+00 1.520578e+06
1.027000e+00 1.487612e+06
1.031000e+00 1.453454e+06
1.029000e+00 1.418117e+06
1.032000e+00 1.385586e+06
1.035000e+00 1.353684e+06
1.038000e+00 1.320661e+06
1.041000e+00 1.289900e+06
1.044000e+00 1.258425e+06
1.047000e+00 1.228243e+06
1.050000e+00 1.198255e+06
1.053000e+00 1.169534e+06
1.056000e+00 1.141100e+06
1.059000e+00 1.113720e+06
1.062000e+00 1.085895e+06
1.065000e+00 1.059014e+06
1.068000e+00 1.033056e+06
1.071000e+00 1.007595e+06
1.075000e+00 9.826763e+05
1.078000e+00 9.583330e+05
1.081000e+00 9.350682e+05
1.085000e+00 9.119252e+05
1.089000e+00 8.876986e+05
1.093000e+00 8.659947e+05
1.097000e+00 8.445034e+05
1.102000e+00 8.243255e+05
1.107000e+00 8.045306e+05
1.113000e+00 7.853816e+05
1.120000e+00 7.666638e+05
1.127000e+00 7.483142e+05
1.135000e+00 7.325196e+05
1.145000e+00 7.158484e+05
1.155000e+00 6.996483e+05
1.167000e+00 6.840984e+05
1.180000e+00 6.690328e+05
1.196000e+00 6.545535e+05
1.213000e+00 6.407486e+05
1.233000e+00 6.280910e+05
1.256000e+00 6.145393e+05
1.281000e+00 6.025972e+05
1.310000e+00 5.915871e+05
1.343000e+00 5.808086e+05
1.379000e+00 5.709378e+05
1.419000e+00 5.616932e+05
1.464000e+00 5.529826e+05
1.513000e+00 5.456620e+05
1.567000e+00 5.380269e+05
1.626000e+00 5.307914e+05
1.690000e+00 5.240970e+05
1.760000e+00 5.173984e+05
1.834000e+00 5.114738e+05
1.914000e+00 5.059315e+05
1.999000e+00 5.004232e+05
2.088000e+00 4.954305e+05
2.182000e+00 4.902977e+05
2.280000e+00 4.857528e+05
2.383000e+00 4.814076e+05
2.488000e+00 4.767200e+05
2.598000e+00 4.725872e+05
2.710000e+00 4.680889e+05
2.825000e+00 4.634984e+05
2.942000e+00 4.596142e+05
3.060000e+00 4.549811e+05
3.181000e+00 4.504005e+05
3.302000e+00 4.457501e+05
3.424000e+00 4.409230e+05
3.548000e+00 4.362124e+05
3.672000e+00 4.316158e+05
3.796000e+00 4.263565e+05
3.922000e+00 4.213245e+05
4.046000e+00 4.164377e+05
4.171000e+00 4.110611e+05
4.295000e+00 4.056069e+05
4.418000e+00 4.003587e+05
4.543000e+00 3.947245e+05
4.667000e+00 3.890898e+05
4.792000e+00 3.840220e+05
4.917000e+00 3.784304e+05
5.042000e+00 3.727862e+05
5.169000e+00 3.671574e+05
5.295000e+00 3.617703e+05
5.423000e+00 3.566505e+05
5.551000e+00 3.511718e+05
5.680000e+00 3.457450e+05
5.811000e+00 3.403640e+05
5.944000e+00 3.349933e+05
6.078000e+00 3.299915e+05
6.214000e+00 3.247847e+05
6.352000e+00 3.196496e+05
6.493000e+00 3.147701e+05
6.635000e+00 3.098296e+05
6.781000e+00 3.048511e+05
6.930000e+00 3.002811e+05
7.081000e+00 2.954784e+05
7.236000e+00 2.909870e+05
7.394000e+00 2.865067e+05
7.557000e+00 2.819406e+05
7.720000e+00 2.777352e+05
7.890000e+00 2.734981e+05
8.065000e+00 2.692715e+05
8.245000e+00 2.651826e+05
8.429000e+00 2.611641e+05
8.620000e+00 2.572414e+05
8.815000e+00 2.532639e+05
9.014000e+00 2.496055e+05
9.220000e+00 2.457690e+05
9.431000e+00 2.421458e+05
9.649000e+00 2.386601e+05
9.873000e+00 2.349831e+05
1.010000e+01 2.315590e+05
1.034000e+01 2.281696e+05
1.058000e+01 2.246867e+05
1.084000e+01 2.214369e+05
1.110000e+01 2.181785e+05
1.136000e+01 2.149868e+05
1.164000e+01 2.118330e+05
1.192000e+01 2.086030e+05
1.222000e+01 2.055834e+05
1.252000e+01 2.024474e+05
1.283000e+01 1.994973e+05
1.315000e+01 1.964787e+05
1.348000e+01 1.934365e+05
1.383000e+01 1.905098e+05
1.418000e+01 1.876268e+05
1.455000e+01 1.847680e+05
1.492000e+01 1.818397e+05
1.531000e+01 1.790110e+05
1.571000e+01 1.762019e+05
1.613000e+01 1.734505e+05
1.656000e+01 1.706267e+05
1.700000e+01 1.679077e+05
1.746000e+01 1.650955e+05
1.793000e+01 1.624583e+05
1.842000e+01 1.597079e+05
1.893000e+01 1.570505e+05
1.945000e+01 1.542783e+05
2.000000e+01 1.516062e+05
2.056000e+01 1.489413e+05
2.114000e+01 1.462493e+05
2.174000e+01 1.435743e+05
2.237000e+01 1.410134e+05
2.301000e+01 1.383750e+05
2.369000e+01 1.358315e+05
2.438000e+01 1.332504e+05
2.510000e+01 1.306864e+05
2.585000e+01 1.281052e+05
2.662000e+01 1.255655e+05
2.743000e+01 1.229905e+05
2.827000e+01 1.204867e+05
2.913000e+01 1.179670e+05
3.004000e+01 1.154379e+05
3.097000e+01 1.129640e+05
3.195000e+01 1.105142e+05
3.296000e+01 1.080710e+05
3.402000e+01 1.056125e+05
3.512000e+01 1.031510e+05
3.626000e+01 1.007811e+05
3.745000e+01 9.841180e+04
3.869000e+01 9.605873e+04
3.998000e+01 9.367126e+04
4.133000e+01 9.138373e+04
4.273000e+01 8.904592e+04
4.420000e+01 8.679109e+04
4.573000e+01 8.453512e+04
4.733000e+01 8.229349e+04
4.901000e+01 8.004463e+04
5.075000e+01 7.785911e+04
5.258000e+01 7.571376e+04
5.450000e+01 7.357300e+04
5.650000e+01 7.143984e+04
5.860000e+01 6.933978e+04
6.080000e+01 6.725395e+04
6.310000e+01 6.522323e+04
6.553000e+01 6.321310e+04
6.807000e+01 6.122684e+04
7.074000e+01 5.928449e+04
7.355000e+01 5.731148e+04
7.650000e+01 5.543329e+04
7.961000e+01 5.353231e+04
