7.282000e-02 1.447463e+04
7.368000e-02 1.425199e+04
7.454000e-02 1.402992e+04
7.542000e-02 1.381033e+04
7.630000e-02 1.358714e+04
7.720000e-02 1.337439e+04
7.810000e-02 1.316607e+04
7.902000e-02 1.295002e+04
7.994000e-02 1.274224e+04
8.088000e-02 1.254257e+04
8.183000e-02 1.233437e+04
8.279000e-02 1.212637e+04
8.377000e-02 1.193007e+04
8.475000e-02 1.174250e+04
8.576000e-02 1.154134e+04
8.678000e-02 1.135705e+04
8.781000e-02 1.116786e+04
8.886000e-02 1.099024e+04
8.993000e-02 1.080940e+04
9.101000e-02 1.063084e+04
9.211000e-02 1.046512e+04
9.323000e-02 1.029796e+04
9.437000e-02 1.012821e+04
9.552000e-02 9.970153e+03
9.670000e-02 9.818778e+03
9.789000e-02 9.660944e+03
9.909000e-02 9.517143e+03
1.003000e-01 9.369742e+03
1.015000e-01 9.232540e+03
1.028000e-01 9.090391e+03
1.040000e-01 8.959126e+03
1.053000e-01 8.821976e+03
1.066000e-01 8.687826e+03
1.078000e-01 8.561416e+03
1.091000e-01 8.440525e+03
1.104000e-01 8.307149e+03
1.117000e-01 8.187002e+03
1.129000e-01 8.065911e+03
1.142000e-01 7.944786e+03
1.154000e-01 7.828719e+03
1.167000e-01 7.707186e+03
1.179000e-01 7.585272e+03
1.191000e-01 7.468267e+03
1.202000e-01 7.349323e+03
1.214000e-01 7.229541e+03
1.225000e-01 7.113531e+03
1.236000e-01 6.993358e+03
1.247000e-01 6.874848e+03
1.258000e-01 6.757687e+03
1.268000e-01 6.636115e+03
1.278000e-01 6.516583e+03
1.288000e-01 6.392168e+03
1.298000e-01 6.270372e+03
1.307000e-01 6.151380e+03
1.316000e-01 6.033301e+03
1.324000e-01 5.910026e+03
1.333000e-01 5.789446e+03
1.341000e-01 5.668285e+03
1.349000e-01 5.547769e+03
1.356000e-01 5.427546e+03
1.364000e-01 5.308289e+03
1.371000e-01 5.189390e+03
1.378000e-01 5.072193e+03
1.384000e-01 4.954479e+03
1.391000e-01 4.838419e+03
1.397000e-01 4.724233e+03
1.404000e-01 4.610701e+03
1.410000e-01 4.498823e+03
1.415000e-01 4.388016e+03
1.421000e-01 4.279616e+03
1.427000e-01 4.170738e+03
1.433000e-01 4.066751e+03
1.438000e-01 3.961622e+03
1.443000e-01 3.862132e+03
1.449000e-01 3.761969e+03
1.454000e-01 3.664803e+03
1.460000e-01 3.567082e+03
1.465000e-01 3.475527e+03
1.470000e-01 3.383655e+03
1.476000e-01 3.293321e+03
1.481000e-01 3.205822e+03
1.487000e-01 3.121298e+03
1.493000e-01 3.038188e+03
1.498000e-01 2.956568e+03
1.504000e-01 2.878533e+03
1.510000e-01 2.801630e+03
1.517000e-01 2.726548e+03
1.523000e-01 2.655115e+03
1.529000e-01 2.584033e+03
1.536000e-01 2.516522e+03
1.543000e-01 2.449605e+03
1.550000e-01 2.386129e+03
1.558000e-01 2.323693e+03
1.566000e-01 2.263182e+03
1.574000e-01 2.204920e+03
1.582000e-01 2.148178e+03
1.590000e-01 2.093615e+03
1.599000e-01 2.041537e+03
1.609000e-01 1.990699e+03
1.618000e-01 1.941515e+03
1.628000e-01 1.893673e+03
1.639000e-01 1.847768e+03
1.650000e-01 1.804142e+03
1.661000e-01 1.761266e+03
1.673000e-01 1.720030e+03
1.685000e-01 1.680661e+03
1.697000e-01 1.642611e+03
1.710000e-01 1.606386e+03
1.724000e-01 1.571249e+03
1.737000e-01 1.537474e+03
1.752000e-01 1.505227e+03
1.767000e-01 1.474527e+03
1.782000e-01 1.445110e+03
1.798000e-01 1.416813e+03
1.814000e-01 1.389865e+03
1.831000e-01 1.364384e+03
1.848000e-01 1.340212e+03
1.866000e-01 1.317150e+03
1.885000e-01 1.295813e+03
1.904000e-01 1.275619e+03
1.923000e-01 1.256556e+03
1.943000e-01 1.239349e+03
1.965000e-01 1.224197e+03
1.986000e-01 1.209907e+03
2.008000e-01 1.197321e+03
2.030000e-01 1.186239e+03
2.054000e-01 1.177171e+03
2.097000e-01 1.332624e+03
2.122000e-01 1.329452e+03
2.147000e-01 1.328773e+03
2.174000e-01 1.330788e+03
2.201000e-01 1.336120e+03
2.230000e-01 1.344698e+03
2.259000e-01 1.357009e+03
2.289000e-01 1.374179e+03
2.321000e-01 1.395790e+03
2.353000e-01 1.422571e+03
2.387000e-01 1.455425e+03
2.423000e-01 1.495901e+03
2.459000e-01 1.544963e+03
2.498000e-01 1.602093e+03
2.538000e-01 1.669960e+03
2.580000e-01 1.750481e+03
2.625000e-01 1.842221e+03
2.672000e-01 1.948517e+03
2.721000e-01 2.071576e+03
2.774000e-01 2.212750e+03
2.829000e-01 2.372135e+03
2.889000e-01 2.553864e+03
2.952000e-01 2.762070e+03
3.019000e-01 2.990738e+03
3.091000e-01 3.245404e+03
3.167000e-01 3.529533e+03
3.249000e-01 3.845015e+03
3.336000e-01 4.190301e+03
3.428000e-01 4.566110e+03
3.527000e-01 4.974974e+03
3.631000e-01 5.416517e+03
3.742000e-01 5.892043e+03
3.859000e-01 6.400720e+03
3.982000e-01 6.937002e+03
4.111000e-01 7.507701e+03
4.246000e-01 8.102664e+03
4.386000e-01 8.723714e+03
4.532000e-01 9.364699e+03
4.683000e-01 1.002860e+04
4.837000e-01 1.070232e+04
4.995000e-01 1.139190e+04
5.157000e-01 1.209117e+04
5.329000e-01 1.283922e+04
5.494000e-01 1.352353e+04
5.660000e-01 1.420424e+04
5.826000e-01 1.487541e+04
5.992000e-01 1.552795e+04
6.157000e-01 1.615765e+04
6.320000e-01 1.676437e+04
6.462000e-01 1.718991e+04
6.621000e-01 1.773042e+04
6.777000e-01 1.824070e+04
6.930000e-01 1.871534e+04
7.080000e-01 1.914491e+04
7.225000e-01 1.952867e+04
7.366000e-01 1.987594e+04
7.529000e-01 2.037250e+04
7.660000e-01 2.062320e+04
7.787000e-01 2.082810e+04
7.909000e-01 2.098855e+04
8.027000e-01 2.110590e+04
8.140000e-01 2.119070e+04
8.249000e-01 2.122554e+04
8.354000e-01 2.122649e+04
8.455000e-01 2.118943e+04
8.551000e-01 2.111559e+04
8.644000e-01 2.101672e+04
8.733000e-01 2.088475e+04
8.819000e-01 2.072576e+04
8.900000e-01 2.054179e+04
8.979000e-01 2.033068e+04
9.054000e-01 2.010253e+04
9.127000e-01 1.986268e+04
9.196000e-01 1.959519e+04
9.263000e-01 1.930927e+04
9.327000e-01 1.902455e+04
9.388000e-01 1.871521e+04
9.447000e-01 1.839782e+04
9.504000e-01 1.807661e+04
9.559000e-01 1.773851e+04
9.612000e-01 1.740043e+04
9.663000e-01 1.705800e+04
9.712000e-01 1.671606e+04
9.759000e-01 1.636819e+04
9.821000e-01 1.601881e+04
9.866000e-01 1.565659e+04
9.911000e-01 1.532530e+04
9.954000e-01 1.497727e+04
9.996000e-01 1.463052e+04
1.004000e+00 1.427873e+04
1.008000e+00 1.394109e+04
1.012000e+00 1.359498e+04
1.015000e+00 1.325962e+04
1.019000e+00 1.291852e+04
1.023000e+00 1.259595e+04
1.027000e+00 1.226887e+04
1.031000e+00 1.194777e+04
1.029000e+00 1.163409e+04
1.032000e+00 1.132922e+04
1.035000e+00 1.102940e+04
1.038000e+00 1.072214e+04
1.041000e+00 1.043528e+04
1.044000e+00 1.014270e+04
1.047000e+00 9.864098e+03
1.050000e+00 9.587131e+03
1.053000e+00 9.321883e+03
1.056000e+00 9.059090e+03
1.059000e+00 8.805258e+03
1.062000e+00 8.551180e+03
1.065000e+00 8.304807e+03
1.068000e+00 8.066006e+03
1.071000e+00 7.833002e+03
1.075000e+00 7.604601e+03
1.078000e+00 7.381119e+03
1.081000e+00 7.166773e+03
1.085000e+00 6.954949e+03
1.089000e+00 6.734174e+03
1.093000e+00 6.534869e+03
1.097000e+00 6.336881e+03
1.102000e+00 6.147369e+03
1.107000e+00 5.962756e+03
1.113000e+00 5.782077e+03
1.120000e+00 5.605546e+03
1.127000e+00 5.430053e+03
1.135000e+00 5.272956e+03
1.145000e+00 5.108639e+03
1.155000e+00 4.947606e+03
1.167000e+00 4.789275e+03
1.180000e+00 4.633668e+03
1.196000e+00 4.481010e+03
1.213000e+00 4.330577e+03
1.233000e+00 4.186394e+03
1.256000e+00 4.034250e+03
1.281000e+00 3.891617e+03
1.310000e+00 3.752992e+03
1.343000e+00 3.613165e+03
1.379000e+00 3.478454e+03
1.419000e+00 3.344788e+03
1.464000e+00 3.213841e+03
1.513000e+00 3.089084e+03
1.567000e+00 2.961098e+03
1.626000e+00 2.834600e+03
1.690000e+00 2.709545e+03
1.760000e+00 2.585379e+03
1.834000e+00 2.464889e+03
1.914000e+00 2.347434e+03
1.999000e+00 2.230348e+03
2.088000e+00 2.117942e+03
2.182000e+00 2.007339e+03
2.280000e+00 1.902097e+03
2.383000e+00 1.799938e+03
2.488000e+00 1.699597e+03
2.598000e+00 1.604780e+03
2.710000e+00 1.512827e+03
2.825000e+00 1.423630e+03
2.942000e+00 1.341197e+03
3.060000e+00 1.260813e+03
3.181000e+00 1.184382e+03
3.302000e+00 1.112164e+03
3.424000e+00 1.043475e+03
3.548000e+00 9.791665e+02
3.672000e+00 9.185670e+02
3.796000e+00 8.611043e+02
3.922000e+00 8.068247e+02
4.046000e+00 7.572630e+02
4.171000e+00 7.095432e+02
4.295000e+00 6.650655e+02
4.418000e+00 6.237575e+02
4.543000e+00 5.850564e+02
4.667000e+00 5.488706e+02
4.792000e+00 5.150720e+02
4.917000e+00 4.836029e+02
5.042000e+00 4.542848e+02
5.169000e+00 4.263374e+02
5.295000e+00 4.006260e+02
5.423000e+00 3.770387e+02
5.551000e+00 3.550924e+02
5.680000e+00 3.340110e+02
5.811000e+00 3.145506e+02
5.944000e+00 2.965898e+02
6.078000e+00 2.796324e+02
6.214000e+00 2.638259e+02
6.352000e+00 2.491245e+02
6.493000e+00 2.351973e+02
6.635000e+00 2.223308e+02
6.781000e+00 2.102244e+02
6.930000e+00 1.989090e+02
7.081000e+00 1.882559e+02
7.236000e+00 1.782840e+02
7.394000e+00 1.688892e+02
7.557000e+00 1.600822e+02
7.720000e+00 1.521280e+02
7.890000e+00 1.443295e+02
8.065000e+00 1.369485e+02
8.245000e+00 1.300291e+02
8.429000e+00 1.235150e+02
8.620000e+00 1.171327e+02
8.815000e+00 1.113195e+02
9.014000e+00 1.058789e+02
9.220000e+00 1.007065e+02
9.431000e+00 9.581902e+01
9.649000e+00 9.123636e+01
9.873000e+00 8.686088e+01
1.010000e+01 8.275127e+01
1.034000e+01 7.884275e+01
1.058000e+01 7.514385e+01
1.084000e+01 7.170081e+01
1.110000e+01 6.837665e+01
1.136000e+01 6.521651e+01
1.164000e+01 6.222986e+01
1.192000e+01 5.938675e+01
1.222000e+01 5.671557e+01
1.252000e+01 5.416201e+01
1.283000e+01 5.173851e+01
1.315000e+01 4.944488e+01
1.348000e+01 4.720290e+01
1.383000e+01 4.513090e+01
1.418000e+01 4.316150e+01
1.455000e+01 4.128602e+01
1.492000e+01 3.950207e+01
1.531000e+01 3.780970e+01
1.571000e+01 3.619801e+01
1.613000e+01 3.466200e+01
1.656000e+01 3.320948e+01
1.700000e+01 3.182541e+01
1.746000e+01 3.047917e+01
1.793000e+01 2.924250e+01
1.842000e+01 2.803482e+01
1.893000e+01 2.688311e+01
1.945000e+01 2.577186e+01
2.000000e+01 2.474195e+01
2.056000e+01 2.374616e+01
2.114000e+01 2.278577e+01
2.174000e+01 2.187029e+01
2.237000e+01 2.100827e+01
2.301000e+01 2.017969e+01
2.369000e+01 1.939074e+01
2.438000e+01 1.862408e+01
2.510000e+01 1.789692e+01
2.585000e+01 1.720528e+01
2.662000e+01 1.654867e+01
2.743000e+01 1.590735e+01
2.827000e+01 1.530230e+01
2.913000e+01 1.472077e+01
3.004000e+01 1.416107e+01
3.097000e+01 1.362578e+01
3.195000e+01 1.311458e+01
3.296000e+01 1.262542e+01
3.402000e+01 1.215471e+01
3.512000e+01 1.169769e+01
3.626000e+01 1.126884e+01
3.745000e+01 1.085257e+01
3.869000e+01 1.044960e+01
3.998000e+01 1.006432e+01
4.133000e+01 9.699949e+00
4.273000e+01 9.344829e+00
4.420000e+01 9.003188e+00
4.573000e+01 8.674944e+00
4.733000e+01 8.356738e+00
4.901000e+01 8.054283e+00
5.075000e+01 7.757495e+00
5.258000e+01 7.480059e+00
5.450000e+01 7.205963e+00
5.650000e+01 6.942905e+00
5.860000e+01 6.689250e+00
6.080000e+01 6.446378e+00
6.310000e+01 6.210724e+00
6.553000e+01 5.982236e+00
6.807000e+01 5.764316e+00
7.074000e+01 5.551935e+00
7.355000e+01 5.347351e+00
7.650000e+01 5.149626e+00
7.961000e+01 4.956581e+00
