7.282000e-02 8.565063e+04
7.368000e-02 8.490339e+04
7.454000e-02 8.416685e+04
7.542000e-02 8.343227e+04
7.630000e-02 8.266877e+04
7.720000e-02 8.195485e+04
7.810000e-02 8.126092e+04
7.902000e-02 8.050472e+04
7.994000e-02 7.980215e+04
8.088000e-02 7.912472e+04
8.183000e-02 7.839485e+04
8.279000e-02 7.763990e+04
8.377000e-02 7.694364e+04
8.475000e-02 7.630387e+04
8.576000e-02 7.557467e+04
8.678000e-02 7.495367e+04
8.781000e-02 7.429764e+04
8.886000e-02 7.367711e+04
8.993000e-02 7.303229e+04
9.101000e-02 7.242082e+04
9.211000e-02 7.185610e+04
9.323000e-02 7.127758e+04
9.437000e-02 7.067608e+04
9.552000e-02 7.015076e+04
9.670000e-02 6.965342e+04
9.789000e-02 6.910457e+04
9.909000e-02 6.863665e+04
1.003000e-01 6.815021e+04
1.015000e-01 6.770053e+04
1.028000e-01 6.720883e+04
1.040000e-01 6.677875e+04
1.053000e-01 6.629453e+04
1.066000e-01 6.582629e+04
1.078000e-01 6.536583e+04
1.091000e-01 6.497066e+04
1.104000e-01 6.444194e+04
1.117000e-01 6.399487e+04
1.129000e-01 6.352053e+04
1.142000e-01 6.302632e+04
1.154000e-01 6.255043e+04
1.167000e-01 6.202364e+04
1.179000e-01 6.145048e+04
1.191000e-01 6.090819e+04
1.202000e-01 6.032249e+04
1.214000e-01 5.972174e+04
1.225000e-01 5.912351e+04
1.236000e-01 5.846306e+04
1.247000e-01 5.780986e+04
1.258000e-01 5.713009e+04
1.268000e-01 5.640926e+04
1.278000e-01 5.566970e+04
1.288000e-01 5.488358e+04
1.298000e-01 5.409649e+04
1.307000e-01 5.331127e+04
1.316000e-01 5.252017e+04
1.324000e-01 5.166302e+04
1.333000e-01 5.082753e+04
1.341000e-01 4.996580e+04
1.349000e-01 4.908140e+04
1.356000e-01 4.819877e+04
1.364000e-01 4.731473e+04
1.371000e-01 4.641650e+04
1.378000e-01 4.552439e+04
1.384000e-01 4.461881e+04
1.391000e-01 4.372027e+04
1.397000e-01 4.281554e+04
1.404000e-01 4.191683e+04
1.410000e-01 4.102622e+04
1.415000e-01 4.013794e+04
1.421000e-01 3.926508e+04
1.427000e-01 3.837456e+04
1.433000e-01 3.752914e+04
1.438000e-01 3.666703e+04
1.443000e-01 3.585112e+04
1.449000e-01 3.502314e+04
1.454000e-01 3.421736e+04
1.460000e-01 3.340610e+04
1.465000e-01 3.264167e+04
1.470000e-01 3.187946e+04
1.476000e-01 3.112104e+04
1.481000e-01 3.038916e+04
1.487000e-01 2.968967e+04
1.493000e-01 2.899324e+04
1.498000e-01 2.831025e+04
1.504000e-01 2.765623e+04
1.510000e-01 2.701634e+04
1.517000e-01 2.638843e+04
1.523000e-01 2.579444e+04
1.529000e-01 2.520240e+04
1.536000e-01 2.464340e+04
1.543000e-01 2.408835e+04
1.550000e-01 2.356506e+04
1.558000e-01 2.305348e+04
1.566000e-01 2.255494e+04
1.574000e-01 2.207976e+04
1.582000e-01 2.161705e+04
1.590000e-01 2.117664e+04
1.599000e-01 2.075828e+04
1.609000e-01 2.035247e+04
1.618000e-01 1.995716e+04
1.628000e-01 1.957816e+04
1.639000e-01 1.921267e+04
1.650000e-01 1.887281e+04
1.661000e-01 1.853701e+04
1.673000e-01 1.821720e+04
1.685000e-01 1.791310e+04
1.697000e-01 1.762139e+04
1.710000e-01 1.734510e+04
1.724000e-01 1.707889e+04
1.737000e-01 1.682303e+04
1.752000e-01 1.658208e+04
1.767000e-01 1.635138e+04
1.782000e-01 1.613290e+04
1.798000e-01 1.592482e+04
1.814000e-01 1.572531e+04
1.831000e-01 1.553601e+04
1.848000e-01 1.535733e+04
1.866000e-01 1.518535e+04
1.885000e-01 1.502720e+04
1.904000e-01 1.487477e+04
1.923000e-01 1.472972e+04
1.943000e-01 1.459375e+04
1.965000e-01 1.447751e+04
1.986000e-01 1.435733e+04
2.008000e-01 1.424580e+04
2.030000e-01 1.414156e+04
2.054000e-01 1.404283e+04
2.097000e-01 1.434132e+04
2.122000e-01 1.425745e+04
2.147000e-01 1.418437e+04
2.174000e-01 1.412399e+04
2.201000e-01 1.405496e+04
2.230000e-01 1.401145e+04
2.259000e-01 1.397426e+04
2.289000e-01 1.394511e+04
2.321000e-01 1.392286e+04
2.353000e-01 1.390629e+04
2.387000e-01 1.390789e+04
2.423000e-01 1.392473e+04
2.459000e-01 1.395999e+04
2.498000e-01 1.399362e+04
2.538000e-01 1.404838e+04
2.580000e-01 1.412704e+04
2.625000e-01 1.421725e+04
2.672000e-01 1.433850e+04
2.721000e-01 1.447316e+04
2.774000e-01 1.464561e+04
2.829000e-01 1.483585e+04
2.889000e-01 1.506371e+04
2.952000e-01 1.533346e+04
3.019000e-01 1.561802e+04
3.091000e-01 1.594463e+04
3.167000e-01 1.631978e+04
3.249000e-01 1.673388e+04
3.336000e-01 1.719830e+04
3.428000e-01 1.769605e+04
3.527000e-01 1.824504e+04
3.631000e-01 1.884451e+04
3.742000e-01 1.949642e+04
3.859000e-01 2.019754e+04
3.982000e-01 2.093271e+04
4.111000e-01 2.173534e+04
4.246000e-01 2.256062e+04
4.386000e-01 2.343168e+04
4.532000e-01 2.434297e+04
4.683000e-01 2.527854e+04
4.837000e-01 2.623217e+04
4.995000e-01 2.722451e+04
5.157000e-01 2.822104e+04
5.329000e-01 2.932300e+04
5.494000e-01 3.031368e+04
5.660000e-01 3.129390e+04
5.826000e-01 3.227077e+04
5.992000e-01 3.321192e+04
6.157000e-01 3.412677e+04
6.320000e-01 3.500931e+04
6.462000e-01 3.557158e+04
6.621000e-01 3.636420e+04
6.777000e-01 3.711383e+04
6.930000e-01 3.780357e+04
7.080000e-01 3.842525e+04
7.225000e-01 3.898244e+04
7.366000e-01 3.948244e+04
7.529000e-01 4.027878e+04
7.660000e-01 4.062631e+04
7.787000e-01 4.090215e+04
7.909000e-01 4.110844e+04
8.027000e-01 4.125221e+04
8.140000e-01 4.133891e+04
8.249000e-01 4.135313e+04
8.354000e-01 4.130229e+04
8.455000e-01 4.119188e+04
8.551000e-01 4.103279e+04
8.644000e-01 4.082034e+04
8.733000e-01 4.055650e+04
8.819000e-01 4.025647e+04
8.900000e-01 3.989863e+04
8.979000e-01 3.951182e+04
9.054000e-01 3.909029e+04
9.127000e-01 3.864470e+04
9.196000e-01 3.815535e+04
9.263000e-01 3.763587e+04
9.327000e-01 3.711678e+04
9.388000e-01 3.655492e+04
9.447000e-01 3.597160e+04
9.504000e-01 3.539623e+04
9.559000e-01 3.476461e+04
9.612000e-01 3.417823e+04
9.663000e-01 3.352080e+04
9.712000e-01 3.291444e+04
9.759000e-01 3.226827e+04
9.821000e-01 3.162930e+04
9.866000e-01 3.096842e+04
9.911000e-01 3.037185e+04
9.954000e-01 2.972219e+04
9.996000e-01 2.907861e+04
1.004000e+00 2.843348e+04
1.008000e+00 2.781908e+04
1.012000e+00 2.716432e+04
1.015000e+00 2.652924e+04
1.019000e+00 2.589057e+04
1.023000e+00 2.529156e+04
1.027000e+00 2.468567e+04
1.031000e+00 2.408915e+04
1.029000e+00 2.349634e+04
1.032000e+00 2.291496e+04
1.035000e+00 2.234620e+04
1.038000e+00 2.176446e+04
1.041000e+00 2.122195e+04
1.044000e+00 2.066960e+04
1.047000e+00 2.014341e+04
1.050000e+00 1.960384e+04
1.053000e+00 1.910818e+04
1.056000e+00 1.860133e+04
1.059000e+00 1.811118e+04
1.062000e+00 1.761883e+04
1.065000e+00 1.714397e+04
1.068000e+00 1.668615e+04
1.071000e+00 1.623842e+04
1.075000e+00 1.580139e+04
1.078000e+00 1.536128e+04
1.081000e+00 1.495276e+04
1.085000e+00 1.453676e+04
1.089000e+00 1.410607e+04
1.093000e+00 1.371595e+04
1.097000e+00 1.332969e+04
1.102000e+00 1.296474e+04
1.107000e+00 1.259654e+04
1.113000e+00 1.224939e+04
1.120000e+00 1.190035e+04
1.127000e+00 1.155677e+04
1.135000e+00 1.125081e+04
1.145000e+00 1.092426e+04
1.155000e+00 1.060560e+04
1.167000e+00 1.028785e+04
1.180000e+00 9.978891e+03
1.196000e+00 9.678908e+03
1.213000e+00 9.369990e+03
1.233000e+00 9.088246e+03
1.256000e+00 8.777912e+03
1.281000e+00 8.490801e+03
1.310000e+00 8.210178e+03
1.343000e+00 7.924786e+03
1.379000e+00 7.646901e+03
1.419000e+00 7.373397e+03
1.464000e+00 7.101622e+03
1.513000e+00 6.844708e+03
1.567000e+00 6.577664e+03
1.626000e+00 6.312995e+03
1.690000e+00 6.050788e+03
1.760000e+00 5.788229e+03
1.834000e+00 5.532474e+03
1.914000e+00 5.281420e+03
1.999000e+00 5.029346e+03
2.088000e+00 4.787529e+03
2.182000e+00 4.547771e+03
2.280000e+00 4.318665e+03
2.383000e+00 4.095291e+03
2.488000e+00 3.875755e+03
2.598000e+00 3.666820e+03
2.710000e+00 3.462404e+03
2.825000e+00 3.265113e+03
2.942000e+00 3.081271e+03
3.060000e+00 2.900661e+03
3.181000e+00 2.729247e+03
3.302000e+00 2.566601e+03
3.424000e+00 2.411069e+03
3.548000e+00 2.263850e+03
3.672000e+00 2.126108e+03
3.796000e+00 1.995125e+03
3.922000e+00 1.871039e+03
4.046000e+00 1.756181e+03
4.171000e+00 1.646466e+03
4.295000e+00 1.543399e+03
4.418000e+00 1.448046e+03
4.543000e+00 1.357701e+03
4.667000e+00 1.273233e+03
4.792000e+00 1.194771e+03
4.917000e+00 1.120675e+03
5.042000e+00 1.051734e+03
5.169000e+00 9.861316e+02
5.295000e+00 9.260612e+02
5.423000e+00 8.700893e+02
5.551000e+00 8.177206e+02
5.680000e+00 7.678978e+02
5.811000e+00 7.222423e+02
5.944000e+00 6.790686e+02
6.078000e+00 6.387260e+02
6.214000e+00 6.011972e+02
6.352000e+00 5.658857e+02
6.493000e+00 5.330670e+02
6.635000e+00 5.021851e+02
6.781000e+00 4.732451e+02
6.930000e+00 4.462813e+02
7.081000e+00 4.206848e+02
7.236000e+00 3.969702e+02
7.394000e+00 3.745225e+02
7.557000e+00 3.534129e+02
7.720000e+00 3.344002e+02
7.890000e+00 3.158207e+02
8.065000e+00 2.980892e+02
8.245000e+00 2.816669e+02
8.429000e+00 2.660620e+02
8.620000e+00 2.509255e+02
8.815000e+00 2.371017e+02
9.014000e+00 2.240591e+02
9.220000e+00 2.119301e+02
9.431000e+00 2.002628e+02
9.649000e+00 1.894128e+02
9.873000e+00 1.791968e+02
1.010000e+01 1.694052e+02
1.034000e+01 1.602552e+02
1.058000e+01 1.515842e+02
1.084000e+01 1.435364e+02
1.110000e+01 1.358843e+02
1.136000e+01 1.285289e+02
1.164000e+01 1.216060e+02
1.192000e+01 1.150511e+02
1.222000e+01 1.088920e+02
1.252000e+01 1.030545e+02
1.283000e+01 9.754602e+01
1.315000e+01 9.232927e+01
1.348000e+01 8.724920e+01
1.383000e+01 8.260070e+01
1.418000e+01 7.820403e+01
1.455000e+01 7.403011e+01
1.492000e+01 7.008237e+01
1.531000e+01 6.635549e+01
1.571000e+01 6.283897e+01
1.613000e+01 5.949950e+01
1.656000e+01 5.635353e+01
1.700000e+01 5.338283e+01
1.746000e+01 5.052710e+01
1.793000e+01 4.791449e+01
1.842000e+01 4.537214e+01
1.893000e+01 4.297361e+01
1.945000e+01 4.068650e+01
2.000000e+01 3.856856e+01
2.056000e+01 3.654436e+01
2.114000e+01 3.460284e+01
2.174000e+01 3.277606e+01
2.237000e+01 3.107039e+01
2.301000e+01 2.943281e+01
2.369000e+01 2.789569e+01
2.438000e+01 2.642115e+01
2.510000e+01 2.503724e+01
2.585000e+01 2.372653e+01
2.662000e+01 2.250215e+01
2.743000e+01 2.132288e+01
2.827000e+01 2.021594e+01
2.913000e+01 1.916890e+01
3.004000e+01 1.817078e+01
3.097000e+01 1.723294e+01
3.195000e+01 1.633929e+01
3.296000e+01 1.549361e+01
3.402000e+01 1.469576e+01
3.512000e+01 1.393470e+01
3.626000e+01 1.321960e+01
3.745000e+01 1.254317e+01
3.869000e+01 1.189945e+01
3.998000e+01 1.128798e+01
4.133000e+01 1.071635e+01
4.273000e+01 1.016630e+01
4.420000e+01 9.646907e+00
4.573000e+01 9.156886e+00
4.733000e+01 8.692196e+00
4.901000e+01 8.249413e+00
5.075000e+01 7.830564e+00
5.258000e+01 7.436385e+00
5.450000e+01 7.058507e+00
5.650000e+01 6.700093e+00
5.860000e+01 6.362945e+00
6.080000e+01 6.040535e+00
6.310000e+01 5.736245e+00
6.553000e+01 5.445946e+00
6.807000e+01 5.172670e+00
7.074000e+01 4.914503e+00
7.355000e+01 4.666838e+00
7.650000e+01 4.431513e+00
7.961000e+01 4.206329e+00
