7.282000e-02 1.500374e+08
7.368000e-02 1.477312e+08
7.454000e-02 1.454309e+08
7.542000e-02 1.431551e+08
7.630000e-02 1.408431e+08
7.720000e-02 1.386084e+08
7.810000e-02 1.364510e+08
7.902000e-02 1.342124e+08
7.994000e-02 1.320595e+08
8.088000e-02 1.299634e+08
8.183000e-02 1.278067e+08
8.279000e-02 1.256520e+08
8.377000e-02 1.236177e+08
8.475000e-02 1.216489e+08
8.576000e-02 1.195648e+08
8.678000e-02 1.176554e+08
8.781000e-02 1.156954e+08
8.886000e-02 1.138543e+08
8.993000e-02 1.119577e+08
9.101000e-02 1.101292e+08
9.211000e-02 1.083895e+08
9.323000e-02 1.066567e+08
9.437000e-02 1.048971e+08
9.552000e-02 1.032587e+08
9.670000e-02 1.016889e+08
9.789000e-02 1.000523e+08
9.909000e-02 9.854182e+07
1.003000e-01 9.703204e+07
1.015000e-01 9.560871e+07
1.028000e-01 9.413427e+07
1.040000e-01 9.275492e+07
1.053000e-01 9.134954e+07
1.066000e-01 8.995823e+07
1.078000e-01 8.863055e+07
1.091000e-01 8.739277e+07
1.104000e-01 8.600976e+07
1.117000e-01 8.476381e+07
1.129000e-01 8.350816e+07
1.142000e-01 8.225224e+07
1.154000e-01 8.104926e+07
1.167000e-01 7.980412e+07
1.179000e-01 7.852684e+07
1.191000e-01 7.732854e+07
1.202000e-01 7.609614e+07
1.214000e-01 7.485601e+07
1.225000e-01 7.365492e+07
1.236000e-01 7.241073e+07
1.247000e-01 7.119653e+07
1.258000e-01 6.998407e+07
1.268000e-01 6.872629e+07
1.278000e-01 6.748959e+07
1.288000e-01 6.621396e+07
1.298000e-01 6.495419e+07
1.307000e-01 6.371296e+07
1.316000e-01 6.250267e+07
1.324000e-01 6.121809e+07
1.333000e-01 5.998154e+07
1.341000e-01 5.872923e+07
1.349000e-01 5.748347e+07
1.356000e-01 5.624092e+07
1.364000e-01 5.500854e+07
1.371000e-01 5.377971e+07
1.378000e-01 5.256864e+07
1.384000e-01 5.136048e+07
1.391000e-01 5.016092e+07
1.397000e-01 4.897288e+07
1.404000e-01 4.780716e+07
1.410000e-01 4.664334e+07
1.415000e-01 4.550535e+07
1.421000e-01 4.437786e+07
1.427000e-01 4.325234e+07
1.433000e-01 4.217760e+07
1.438000e-01 4.109082e+07
1.443000e-01 4.006232e+07
1.449000e-01 3.902665e+07
1.454000e-01 3.801602e+07
1.460000e-01 3.701140e+07
1.465000e-01 3.605894e+07
1.470000e-01 3.510892e+07
1.476000e-01 3.416925e+07
1.481000e-01 3.325914e+07
1.487000e-01 3.239008e+07
1.493000e-01 3.152547e+07
1.498000e-01 3.068110e+07
1.504000e-01 2.986455e+07
1.510000e-01 2.906911e+07
1.517000e-01 2.828799e+07
1.523000e-01 2.754900e+07
1.529000e-01 2.680531e+07
1.536000e-01 2.610293e+07
1.543000e-01 2.540669e+07
1.550000e-01 2.474628e+07
1.558000e-01 2.409303e+07
1.566000e-01 2.346007e+07
1.574000e-01 2.285401e+07
1.582000e-01 2.225712e+07
1.590000e-01 2.168650e+07
1.599000e-01 2.113859e+07
1.609000e-01 2.060702e+07
1.618000e-01 2.008677e+07
1.628000e-01 1.958103e+07
1.639000e-01 1.909296e+07
1.650000e-01 1.862908e+07
1.661000e-01 1.817359e+07
1.673000e-01 1.773308e+07
1.685000e-01 1.731001e+07
1.697000e-01 1.689889e+07
1.710000e-01 1.650274e+07
1.724000e-01 1.611897e+07
1.737000e-01 1.574575e+07
1.752000e-01 1.538957e+07
1.767000e-01 1.504192e+07
1.782000e-01 1.470698e+07
1.798000e-01 1.438319e+07
1.814000e-01 1.406702e+07
1.831000e-01 1.376210e+07
1.848000e-01 1.346531e+07
1.866000e-01 1.317874e+07
1.885000e-01 1.290341e+07
1.904000e-01 1.263400e+07
1.923000e-01 1.237095e+07
1.943000e-01 1.211866e+07
1.965000e-01 1.187656e+07
1.986000e-01 1.163839e+07
2.008000e-01 1.140544e+07
2.030000e-01 1.117967e+07
2.054000e-01 1.095832e+07
2.097000e-01 1.081191e+07
2.122000e-01 1.060190e+07
2.147000e-01 1.039827e+07
2.174000e-01 1.020139e+07
2.201000e-01 1.000677e+07
2.230000e-01 9.819307e+06
2.259000e-01 9.636236e+06
2.289000e-01 9.457798e+06
2.321000e-01 9.284631e+06
2.353000e-01 9.114950e+06
2.387000e-01 8.950975e+06
2.423000e-01 8.790323e+06
2.459000e-01 8.636682e+06
2.498000e-01 8.483502e+06
2.538000e-01 8.333546e+06
2.580000e-01 8.194080e+06
2.625000e-01 8.054497e+06
2.672000e-01 7.919411e+06
2.721000e-01 7.791168e+06
2.774000e-01 7.667353e+06
2.829000e-01 7.545115e+06
2.889000e-01 7.429978e+06
2.952000e-01 7.326270e+06
3.019000e-01 7.218215e+06
3.091000e-01 7.114514e+06
3.167000e-01 7.018146e+06
3.249000e-01 6.929685e+06
3.336000e-01 6.843798e+06
3.428000e-01 6.761633e+06
3.527000e-01 6.684145e+06
3.631000e-01 6.613121e+06
3.742000e-01 6.548152e+06
3.859000e-01 6.488382e+06
3.982000e-01 6.430723e+06
4.111000e-01 6.381546e+06
4.246000e-01 6.333706e+06
4.386000e-01 6.290117e+06
4.532000e-01 6.251658e+06
4.683000e-01 6.216437e+06
4.837000e-01 6.183205e+06
4.995000e-01 6.155160e+06
5.157000e-01 6.129101e+06
5.329000e-01 6.113738e+06
5.494000e-01 6.087113e+06
5.660000e-01 6.059992e+06
5.826000e-01 6.040715e+06
5.992000e-01 6.014432e+06
6.157000e-01 5.987766e+06
6.320000e-01 5.962587e+06
6.462000e-01 5.907788e+06
6.621000e-01 5.874605e+06
6.777000e-01 5.847232e+06
6.930000e-01 5.812559e+06
7.080000e-01 5.774893e+06
7.225000e-01 5.735544e+06
7.366000e-01 5.695446e+06
7.529000e-01 5.683766e+06
7.660000e-01 5.632496e+06
7.787000e-01 5.578956e+06
7.909000e-01 5.523304e+06
8.027000e-01 5.460725e+06
8.140000e-01 5.402409e+06
8.249000e-01 5.336351e+06
8.354000e-01 5.267716e+06
8.455000e-01 5.197670e+06
8.551000e-01 5.121694e+06
8.644000e-01 5.049385e+06
8.733000e-01 4.970677e+06
8.819000e-01 4.892385e+06
8.900000e-01 4.811704e+06
8.979000e-01 4.730961e+06
9.054000e-01 4.650313e+06
9.127000e-01 4.569892e+06
9.196000e-01 4.483811e+06
9.263000e-01 4.397161e+06
9.327000e-01 4.317124e+06
9.388000e-01 4.230978e+06
9.447000e-01 4.145332e+06
9.504000e-01 4.061805e+06
9.559000e-01 3.976523e+06
9.612000e-01 3.893171e+06
9.663000e-01 3.809925e+06
9.712000e-01 3.726042e+06
9.759000e-01 3.645003e+06
9.821000e-01 3.565153e+06
9.866000e-01 3.480233e+06
9.911000e-01 3.405944e+06
9.954000e-01 3.326392e+06
9.996000e-01 3.247848e+06
1.004000e+00 3.172152e+06
1.008000e+00 3.097436e+06
1.012000e+00 3.021390e+06
1.015000e+00 2.947693e+06
1.019000e+00 2.876189e+06
1.023000e+00 2.806746e+06
1.027000e+00 2.736689e+06
1.031000e+00 2.667817e+06
1.029000e+00 2.599735e+06
1.032000e+00 2.535181e+06
1.035000e+00 2.472036e+06
1.038000e+00 2.407465e+06
1.041000e+00 2.347246e+06
1.044000e+00 2.285950e+06
1.047000e+00 2.227558e+06
1.050000e+00 2.169710e+06
1.053000e+00 2.114662e+06
1.056000e+00 2.060296e+06
1.059000e+00 2.007686e+06
1.062000e+00 1.954742e+06
1.065000e+00 1.903649e+06
1.068000e+00 1.854361e+06
1.071000e+00 1.806110e+06
1.075000e+00 1.758967e+06
1.078000e+00 1.712990e+06
1.081000e+00 1.668822e+06
1.085000e+00 1.625253e+06
1.089000e+00 1.579880e+06
1.093000e+00 1.538893e+06
1.097000e+00 1.498192e+06
1.102000e+00 1.459743e+06
1.107000e+00 1.423292e+06
1.113000e+00 1.386507e+06
1.120000e+00 1.351755e+06
1.127000e+00 1.317363e+06
1.135000e+00 1.287016e+06
1.145000e+00 1.255260e+06
1.155000e+00 1.225112e+06
1.167000e+00 1.195853e+06
1.180000e+00 1.167216e+06
1.196000e+00 1.140166e+06
1.213000e+00 1.113757e+06
1.233000e+00 1.089007e+06
1.256000e+00 1.063264e+06
1.281000e+00 1.040539e+06
1.310000e+00 1.019782e+06
1.343000e+00 9.986969e+05
1.379000e+00 9.795426e+05
1.419000e+00 9.615516e+05
1.464000e+00 9.446877e+05
1.513000e+00 9.301545e+05
1.567000e+00 9.152865e+05
1.626000e+00 9.004983e+05
1.690000e+00 8.872900e+05
1.760000e+00 8.742671e+05
1.834000e+00 8.631514e+05
1.914000e+00 8.522179e+05
1.999000e+00 8.413137e+05
2.088000e+00 8.315489e+05
2.182000e+00 8.218041e+05
2.280000e+00 8.132839e+05
2.383000e+00 8.053206e+05
2.488000e+00 7.965542e+05
2.598000e+00 7.890170e+05
2.710000e+00 7.807332e+05
2.825000e+00 7.726603e+05
2.942000e+00 7.662622e+05
3.060000e+00 7.580693e+05
3.181000e+00 7.504409e+05
3.302000e+00 7.429169e+05
3.424000e+00 7.348717e+05
3.548000e+00 7.270206e+05
3.672000e+00 7.193597e+05
3.796000e+00 7.108606e+05
3.922000e+00 7.024670e+05
4.046000e+00 6.945694e+05
4.171000e+00 6.858424e+05
4.295000e+00 6.769739e+05
4.418000e+00 6.684372e+05
4.543000e+00 6.594745e+05
4.667000e+00 6.504886e+05
4.792000e+00 6.418840e+05
4.917000e+00 6.329415e+05
5.042000e+00 6.240993e+05
5.169000e+00 6.147471e+05
5.295000e+00 6.057959e+05
5.423000e+00 5.972890e+05
5.551000e+00 5.883668e+05
5.680000e+00 5.793344e+05
5.811000e+00 5.705555e+05
5.944000e+00 5.617820e+05
6.078000e+00 5.529383e+05
6.214000e+00 5.444340e+05
6.352000e+00 5.360389e+05
6.493000e+00 5.274335e+05
6.635000e+00 5.193597e+05
6.781000e+00 5.109885e+05
6.930000e+00 5.031561e+05
7.081000e+00 4.950858e+05
7.236000e+00 4.871907e+05
7.394000e+00 4.795345e+05
7.557000e+00 4.720728e+05
7.720000e+00 4.646910e+05
7.890000e+00 4.574604e+05
8.065000e+00 4.502542e+05
8.245000e+00 4.432849e+05
8.429000e+00 4.364396e+05
8.620000e+00 4.296460e+05
8.815000e+00 4.230507e+05
9.014000e+00 4.167142e+05
9.220000e+00 4.103564e+05
9.431000e+00 4.040935e+05
9.649000e+00 3.982215e+05
9.873000e+00 3.922797e+05
1.010000e+01 3.866544e+05
1.034000e+01 3.809415e+05
1.058000e+01 3.755813e+05
1.084000e+01 3.702296e+05
1.110000e+01 3.649915e+05
1.136000e+01 3.598552e+05
1.164000e+01 3.548988e+05
1.192000e+01 3.501287e+05
1.222000e+01 3.453609e+05
1.252000e+01 3.408158e+05
1.283000e+01 3.363577e+05
1.315000e+01 3.319502e+05
1.348000e+01 3.275818e+05
1.383000e+01 3.234810e+05
1.418000e+01 3.194161e+05
1.455000e+01 3.154576e+05
1.492000e+01 3.116107e+05
1.531000e+01 3.078832e+05
1.571000e+01 3.042356e+05
1.613000e+01 3.007286e+05
1.656000e+01 2.972001e+05
1.700000e+01 2.939729e+05
1.746000e+01 2.905155e+05
1.793000e+01 2.875384e+05
1.842000e+01 2.842885e+05
1.893000e+01 2.812967e+05
1.945000e+01 2.782463e+05
2.000000e+01 2.754337e+05
2.056000e+01 2.727008e+05
2.114000e+01 2.698255e+05
2.174000e+01 2.671730e+05
2.237000e+01 2.646338e+05
2.301000e+01 2.621250e+05
2.369000e+01 2.596900e+05
2.438000e+01 2.573436e+05
2.510000e+01 2.549175e+05
2.585000e+01 2.526018e+05
2.662000e+01 2.503743e+05
2.743000e+01 2.480781e+05
2.827000e+01 2.459233e+05
2.913000e+01 2.438497e+05
3.004000e+01 2.416222e+05
3.097000e+01 2.396102e+05
3.195000e+01 2.375116e+05
3.296000e+01 2.354617e+05
3.402000e+01 2.334064e+05
3.512000e+01 2.313130e+05
3.626000e+01 2.293796e+05
3.745000e+01 2.274131e+05
3.869000e+01 2.253331e+05
3.998000e+01 2.232933e+05
4.133000e+01 2.213816e+05
4.273000e+01 2.192563e+05
4.420000e+01 2.172219e+05
4.573000e+01 2.151803e+05
4.733000e+01 2.130798e+05
4.901000e+01 2.109060e+05
5.075000e+01 2.087339e+05
5.258000e+01 2.066148e+05
5.450000e+01 2.043048e+05
5.650000e+01 2.020651e+05
5.860000e+01 1.997134e+05
6.080000e+01 1.973048e+05
6.310000e+01 1.948553e+05
6.553000e+01 1.924073e+05
6.807000e+01 1.899012e+05
7.074000e+01 1.872994e+05
7.355000e+01 1.846417e+05
7.650000e+01 1.819535e+05
7.961000e+01 1.791687e+05
