7.282000e-02 1.632653e+00
7.368000e-02 1.613585e+00
7.454000e-02 1.594323e+00
7.542000e-02 1.575357e+00
7.630000e-02 1.556065e+00
7.720000e-02 1.537951e+00
7.810000e-02 1.520412e+00
7.902000e-02 1.501941e+00
7.994000e-02 1.484142e+00
8.088000e-02 1.467285e+00
8.183000e-02 1.449415e+00
8.279000e-02 1.431534e+00
8.377000e-02 1.414696e+00
8.475000e-02 1.398614e+00
8.576000e-02 1.380883e+00
8.678000e-02 1.365126e+00
8.781000e-02 1.348734e+00
8.886000e-02 1.332956e+00
8.993000e-02 1.316979e+00
9.101000e-02 1.300796e+00
9.211000e-02 1.285891e+00
9.323000e-02 1.270573e+00
9.437000e-02 1.254500e+00
9.552000e-02 1.239661e+00
9.670000e-02 1.225208e+00
9.789000e-02 1.209378e+00
9.909000e-02 1.194903e+00
1.003000e-01 1.179509e+00
1.015000e-01 1.164863e+00
1.028000e-01 1.149133e+00
1.040000e-01 1.134127e+00
1.053000e-01 1.117852e+00
1.066000e-01 1.101419e+00
1.078000e-01 1.085259e+00
1.091000e-01 1.069217e+00
1.104000e-01 1.051162e+00
1.117000e-01 1.033926e+00
1.129000e-01 1.016063e+00
1.142000e-01 9.974349e-01
1.154000e-01 9.790502e-01
1.167000e-01 9.596188e-01
1.179000e-01 9.393357e-01
1.191000e-01 9.195395e-01
1.202000e-01 8.989157e-01
1.214000e-01 8.781185e-01
1.225000e-01 8.574156e-01
1.236000e-01 8.360059e-01
1.247000e-01 8.150223e-01
1.258000e-01 7.941421e-01
1.268000e-01 7.729566e-01
1.278000e-01 7.523174e-01
1.288000e-01 7.317810e-01
1.298000e-01 7.119363e-01
1.307000e-01 6.930986e-01
1.316000e-01 6.753467e-01
1.324000e-01 6.579180e-01
1.333000e-01 6.420422e-01
1.341000e-01 6.273673e-01
1.349000e-01 6.142107e-01
1.356000e-01 6.026199e-01
1.364000e-01 5.928190e-01
1.371000e-01 5.848565e-01
1.378000e-01 5.790823e-01
1.384000e-01 5.754035e-01
1.391000e-01 5.740268e-01
1.397000e-01 5.750199e-01
1.404000e-01 5.785757e-01
1.410000e-01 5.847810e-01
1.415000e-01 5.936937e-01
1.421000e-01 6.055563e-01
1.427000e-01 6.200110e-01
1.433000e-01 6.380479e-01
1.438000e-01 6.587808e-01
1.443000e-01 6.832333e-01
1.449000e-01 7.101244e-01
1.454000e-01 7.409455e-01
1.460000e-01 7.746837e-01
1.465000e-01 8.127131e-01
1.470000e-01 8.545400e-01
1.476000e-01 8.992734e-01
1.481000e-01 9.480075e-01
1.487000e-01 1.001031e+00
1.493000e-01 1.058056e+00
1.498000e-01 1.119156e+00
1.504000e-01 1.185332e+00
1.510000e-01 1.255888e+00
1.517000e-01 1.330973e+00
1.523000e-01 1.411959e+00
1.529000e-01 1.497528e+00
1.536000e-01 1.589403e+00
1.543000e-01 1.686413e+00
1.550000e-01 1.791078e+00
1.558000e-01 1.901400e+00
1.566000e-01 2.019250e+00
1.574000e-01 2.144474e+00
1.582000e-01 2.277511e+00
1.590000e-01 2.419730e+00
1.599000e-01 2.571171e+00
1.609000e-01 2.732249e+00
1.618000e-01 2.903288e+00
1.628000e-01 3.084055e+00
1.639000e-01 3.276817e+00
1.650000e-01 3.485336e+00
1.661000e-01 3.702661e+00
1.673000e-01 3.934424e+00
1.685000e-01 4.181716e+00
1.697000e-01 4.444141e+00
1.710000e-01 4.723831e+00
1.724000e-01 5.020097e+00
1.737000e-01 5.332770e+00
1.752000e-01 5.666633e+00
1.767000e-01 6.019733e+00
1.782000e-01 6.392902e+00
1.798000e-01 6.789606e+00
1.814000e-01 7.206780e+00
1.831000e-01 7.648791e+00
1.848000e-01 8.116359e+00
1.866000e-01 8.607747e+00
1.885000e-01 9.128952e+00
1.904000e-01 9.675569e+00
1.923000e-01 1.025041e+01
1.943000e-01 1.085739e+01
1.965000e-01 1.152711e+01
1.986000e-01 1.219712e+01
2.008000e-01 1.289925e+01
2.030000e-01 1.363656e+01
2.054000e-01 1.440691e+01
2.097000e-01 1.686131e+01
2.122000e-01 1.772510e+01
2.147000e-01 1.862035e+01
2.174000e-01 1.956035e+01
2.201000e-01 2.054285e+01
2.230000e-01 2.156284e+01
2.259000e-01 2.264540e+01
2.289000e-01 2.376409e+01
2.321000e-01 2.494901e+01
2.353000e-01 2.618124e+01
2.387000e-01 2.747031e+01
2.423000e-01 2.882930e+01
2.459000e-01 3.026084e+01
2.498000e-01 3.176115e+01
2.538000e-01 3.332809e+01
2.580000e-01 3.500962e+01
2.625000e-01 3.675702e+01
2.672000e-01 3.860950e+01
2.721000e-01 4.057687e+01
2.774000e-01 4.267317e+01
2.829000e-01 4.487222e+01
2.889000e-01 4.721993e+01
2.952000e-01 4.972921e+01
3.019000e-01 5.236089e+01
3.091000e-01 5.515140e+01
3.167000e-01 5.813820e+01
3.249000e-01 6.133133e+01
3.336000e-01 6.470022e+01
3.428000e-01 6.824535e+01
3.527000e-01 7.199054e+01
3.631000e-01 7.594819e+01
3.742000e-01 8.012719e+01
3.859000e-01 8.448045e+01
3.982000e-01 8.901617e+01
4.111000e-01 9.384626e+01
4.246000e-01 9.870273e+01
4.386000e-01 1.037936e+02
4.532000e-01 1.090581e+02
4.683000e-01 1.143907e+02
4.837000e-01 1.197944e+02
4.995000e-01 1.253993e+02
5.157000e-01 1.309461e+02
5.329000e-01 1.370874e+02
5.494000e-01 1.426096e+02
5.660000e-01 1.480662e+02
5.826000e-01 1.534604e+02
5.992000e-01 1.587551e+02
6.157000e-01 1.639064e+02
6.320000e-01 1.689112e+02
6.462000e-01 1.722396e+02
6.621000e-01 1.768554e+02
6.777000e-01 1.811865e+02
6.930000e-01 1.852890e+02
7.080000e-01 1.890654e+02
7.225000e-01 1.925580e+02
7.366000e-01 1.957479e+02
7.529000e-01 2.004772e+02
7.660000e-01 2.029249e+02
7.787000e-01 2.050712e+02
7.909000e-01 2.069230e+02
8.027000e-01 2.084374e+02
8.140000e-01 2.096661e+02
8.249000e-01 2.105773e+02
8.354000e-01 2.111331e+02
8.455000e-01 2.113843e+02
8.551000e-01 2.114293e+02
8.644000e-01 2.111968e+02
8.733000e-01 2.106934e+02
8.819000e-01 2.099756e+02
8.900000e-01 2.090150e+02
8.979000e-01 2.078718e+02
9.054000e-01 2.065585e+02
9.127000e-01 2.050869e+02
9.196000e-01 2.033728e+02
9.263000e-01 2.015047e+02
9.327000e-01 1.996061e+02
9.388000e-01 1.974823e+02
9.447000e-01 1.952283e+02
9.504000e-01 1.929970e+02
9.559000e-01 1.905375e+02
9.612000e-01 1.880305e+02
9.663000e-01 1.854600e+02
9.712000e-01 1.829148e+02
9.759000e-01 1.802529e+02
9.821000e-01 1.776177e+02
9.866000e-01 1.747249e+02
9.911000e-01 1.721265e+02
9.954000e-01 1.693513e+02
9.996000e-01 1.665386e+02
1.004000e+00 1.636744e+02
1.008000e+00 1.609194e+02
1.012000e+00 1.580400e+02
1.015000e+00 1.552035e+02
1.019000e+00 1.523017e+02
1.023000e+00 1.495903e+02
1.027000e+00 1.467965e+02
1.031000e+00 1.439946e+02
1.029000e+00 1.412852e+02
1.032000e+00 1.386227e+02
1.035000e+00 1.360140e+02
1.038000e+00 1.332820e+02
1.041000e+00 1.307470e+02
1.044000e+00 1.281285e+02
1.047000e+00 1.256298e+02
1.050000e+00 1.231201e+02
1.053000e+00 1.207467e+02
1.056000e+00 1.183894e+02
1.059000e+00 1.161098e+02
1.062000e+00 1.137706e+02
1.065000e+00 1.115153e+02
1.068000e+00 1.093423e+02
1.071000e+00 1.072067e+02
1.075000e+00 1.051276e+02
1.078000e+00 1.030789e+02
1.081000e+00 1.011290e+02
1.085000e+00 9.919044e+01
1.089000e+00 9.708916e+01
1.093000e+00 9.527091e+01
1.097000e+00 9.343204e+01
1.102000e+00 9.173282e+01
1.107000e+00 9.004763e+01
1.113000e+00 8.840413e+01
1.120000e+00 8.679339e+01
1.127000e+00 8.518368e+01
1.135000e+00 8.384656e+01
1.145000e+00 8.236482e+01
1.155000e+00 8.089150e+01
1.167000e+00 7.944998e+01
1.180000e+00 7.803321e+01
1.196000e+00 7.662546e+01
1.213000e+00 7.523949e+01
1.233000e+00 7.392769e+01
1.256000e+00 7.247120e+01
1.281000e+00 7.112295e+01
1.310000e+00 6.982708e+01
1.343000e+00 6.847869e+01
1.379000e+00 6.718184e+01
1.419000e+00 6.588242e+01
1.464000e+00 6.457683e+01
1.513000e+00 6.334623e+01
1.567000e+00 6.203608e+01
1.626000e+00 6.069874e+01
1.690000e+00 5.936235e+01
1.760000e+00 5.797262e+01
1.834000e+00 5.661443e+01
1.914000e+00 5.526225e+01
1.999000e+00 5.386919e+01
2.088000e+00 5.249954e+01
2.182000e+00 5.109849e+01
2.280000e+00 4.975058e+01
2.383000e+00 4.840577e+01
2.488000e+00 4.702885e+01
2.598000e+00 4.570538e+01
2.710000e+00 4.436189e+01
2.825000e+00 4.302169e+01
2.942000e+00 4.178180e+01
3.060000e+00 4.049392e+01
3.181000e+00 3.924058e+01
3.302000e+00 3.802585e+01
3.424000e+00 3.681686e+01
3.548000e+00 3.564922e+01
3.672000e+00 3.452927e+01
3.796000e+00 3.341724e+01
3.922000e+00 3.233529e+01
4.046000e+00 3.132021e+01
4.171000e+00 3.029631e+01
4.295000e+00 2.930185e+01
4.418000e+00 2.835581e+01
4.543000e+00 2.743181e+01
4.667000e+00 2.653432e+01
4.792000e+00 2.567862e+01
4.917000e+00 2.483469e+01
5.042000e+00 2.403433e+01
5.169000e+00 2.323720e+01
5.295000e+00 2.247450e+01
5.423000e+00 2.175223e+01
5.551000e+00 2.104510e+01
5.680000e+00 2.034083e+01
5.811000e+00 1.967671e+01
5.944000e+00 1.902534e+01
6.078000e+00 1.839753e+01
6.214000e+00 1.778912e+01
6.352000e+00 1.719801e+01
6.493000e+00 1.662108e+01
6.635000e+00 1.606855e+01
6.781000e+00 1.552172e+01
6.930000e+00 1.500098e+01
7.081000e+00 1.448907e+01
7.236000e+00 1.399558e+01
7.394000e+00 1.351195e+01
7.557000e+00 1.304469e+01
7.720000e+00 1.260120e+01
7.890000e+00 1.215882e+01
8.065000e+00 1.172717e+01
8.245000e+00 1.131147e+01
8.429000e+00 1.090662e+01
8.620000e+00 1.050644e+01
8.815000e+00 1.012223e+01
9.014000e+00 9.751535e+00
9.220000e+00 9.390696e+00
9.431000e+00 9.038974e+00
9.649000e+00 8.702382e+00
9.873000e+00 8.370903e+00
1.010000e+01 8.051084e+00
1.034000e+01 7.740257e+00
1.058000e+01 7.438524e+00
1.084000e+01 7.148517e+00
1.110000e+01 6.863999e+00
1.136000e+01 6.588553e+00
1.164000e+01 6.322303e+00
1.192000e+01 6.065213e+00
1.222000e+01 5.815657e+00
1.252000e+01 5.574638e+00
1.283000e+01 5.341342e+00
1.315000e+01 5.114949e+00
1.348000e+01 4.893451e+00
1.383000e+01 4.683456e+00
1.418000e+01 4.479577e+00
1.455000e+01 4.282234e+00
1.492000e+01 4.092394e+00
1.531000e+01 3.909255e+00
1.571000e+01 3.732800e+00
1.613000e+01 3.563602e+00
1.656000e+01 3.399712e+00
1.700000e+01 3.242572e+00
1.746000e+01 3.089081e+00
1.793000e+01 2.945682e+00
1.842000e+01 2.805159e+00
1.893000e+01 2.670268e+00
1.945000e+01 2.539498e+00
2.000000e+01 2.416126e+00
2.056000e+01 2.297074e+00
2.114000e+01 2.181728e+00
2.174000e+01 2.071729e+00
2.237000e+01 1.967863e+00
2.301000e+01 1.866797e+00
2.369000e+01 1.771176e+00
2.438000e+01 1.679265e+00
2.510000e+01 1.591423e+00
2.585000e+01 1.507234e+00
2.662000e+01 1.427197e+00
2.743000e+01 1.350182e+00
2.827000e+01 1.277304e+00
2.913000e+01 1.208025e+00
3.004000e+01 1.141090e+00
3.097000e+01 1.077624e+00
3.195000e+01 1.017749e+00
3.296000e+01 9.600301e-01
3.402000e+01 9.057797e-01
3.512000e+01 8.533775e-01
3.626000e+01 8.046274e-01
3.745000e+01 7.580435e-01
3.869000e+01 7.132882e-01
3.998000e+01 6.711131e-01
4.133000e+01 6.316569e-01
4.273000e+01 5.936395e-01
4.420000e+01 5.575939e-01
4.573000e+01 5.236228e-01
4.733000e+01 4.912981e-01
4.901000e+01 4.612530e-01
5.075000e+01 4.323251e-01
5.258000e+01 4.053684e-01
5.450000e+01 3.794287e-01
5.650000e+01 3.552264e-01
5.860000e+01 3.322748e-01
6.080000e+01 3.106872e-01
6.310000e+01 2.902823e-01
6.553000e+01 2.711209e-01
6.807000e+01 2.530890e-01
7.074000e+01 2.360811e-01
7.355000e+01 2.200219e-01
7.650000e+01 2.049772e-01
7.961000e+01 1.907915e-01
