7.282000e-02 8.128543e+07
7.368000e-02 7.943306e+07
7.454000e-02 7.760962e+07
7.542000e-02 7.577708e+07
7.630000e-02 7.399870e+07
7.720000e-02 7.225553e+07
7.810000e-02 7.057709e+07
7.902000e-02 6.889455e+07
7.994000e-02 6.725150e+07
8.088000e-02 6.567461e+07
8.183000e-02 6.407604e+07
8.279000e-02 6.250142e+07
8.377000e-02 6.099624e+07
8.475000e-02 5.955727e+07
8.576000e-02 5.804659e+07
8.678000e-02 5.666649e+07
8.781000e-02 5.525887e+07
8.886000e-02 5.391784e+07
8.993000e-02 5.258147e+07
9.101000e-02 5.127638e+07
9.211000e-02 5.004226e+07
9.323000e-02 4.882026e+07
9.437000e-02 4.760481e+07
9.552000e-02 4.644259e+07
9.670000e-02 4.533988e+07
9.789000e-02 4.420562e+07
9.909000e-02 4.314463e+07
1.003000e-01 4.209277e+07
1.015000e-01 4.109497e+07
1.028000e-01 4.009131e+07
1.040000e-01 3.914381e+07
1.053000e-01 3.819341e+07
1.066000e-01 3.725460e+07
1.078000e-01 3.637318e+07
1.091000e-01 3.553574e+07
1.104000e-01 3.464389e+07
1.117000e-01 3.383619e+07
1.129000e-01 3.303717e+07
1.142000e-01 3.225039e+07
1.154000e-01 3.148768e+07
1.167000e-01 3.073443e+07
1.179000e-01 2.998544e+07
1.191000e-01 2.927742e+07
1.202000e-01 2.856696e+07
1.214000e-01 2.788628e+07
1.225000e-01 2.721677e+07
1.236000e-01 2.655304e+07
1.247000e-01 2.590159e+07
1.258000e-01 2.527560e+07
1.268000e-01 2.464549e+07
1.278000e-01 2.403081e+07
1.288000e-01 2.342485e+07
1.298000e-01 2.282463e+07
1.307000e-01 2.225211e+07
1.316000e-01 2.169666e+07
1.324000e-01 2.112854e+07
1.333000e-01 2.057952e+07
1.341000e-01 2.003748e+07
1.349000e-01 1.950315e+07
1.356000e-01 1.898739e+07
1.364000e-01 1.848273e+07
1.371000e-01 1.798372e+07
1.378000e-01 1.749781e+07
1.384000e-01 1.701703e+07
1.391000e-01 1.654581e+07
1.397000e-01 1.608480e+07
1.404000e-01 1.563982e+07
1.410000e-01 1.519625e+07
1.415000e-01 1.476928e+07
1.421000e-01 1.434632e+07
1.427000e-01 1.393169e+07
1.433000e-01 1.353833e+07
1.438000e-01 1.314370e+07
1.443000e-01 1.277025e+07
1.449000e-01 1.239698e+07
1.454000e-01 1.203596e+07
1.460000e-01 1.167730e+07
1.465000e-01 1.133915e+07
1.470000e-01 1.100389e+07
1.476000e-01 1.067396e+07
1.481000e-01 1.035532e+07
1.487000e-01 1.004988e+07
1.493000e-01 9.749302e+06
1.498000e-01 9.455418e+06
1.504000e-01 9.168862e+06
1.510000e-01 8.893852e+06
1.517000e-01 8.625014e+06
1.523000e-01 8.365316e+06
1.529000e-01 8.111442e+06
1.536000e-01 7.866584e+06
1.543000e-01 7.628105e+06
1.550000e-01 7.398333e+06
1.558000e-01 7.172515e+06
1.566000e-01 6.954497e+06
1.574000e-01 6.744140e+06
1.582000e-01 6.539224e+06
1.590000e-01 6.339525e+06
1.599000e-01 6.150485e+06
1.609000e-01 5.963915e+06
1.618000e-01 5.782422e+06
1.628000e-01 5.606851e+06
1.639000e-01 5.437233e+06
1.650000e-01 5.275396e+06
1.661000e-01 5.114202e+06
1.673000e-01 4.961574e+06
1.685000e-01 4.812213e+06
1.697000e-01 4.667197e+06
1.710000e-01 4.527988e+06
1.724000e-01 4.390863e+06
1.737000e-01 4.259958e+06
1.752000e-01 4.132464e+06
1.767000e-01 4.008917e+06
1.782000e-01 3.889807e+06
1.798000e-01 3.774683e+06
1.814000e-01 3.663104e+06
1.831000e-01 3.553541e+06
1.848000e-01 3.449499e+06
1.866000e-01 3.346753e+06
1.885000e-01 3.248360e+06
1.904000e-01 3.152907e+06
1.923000e-01 3.060024e+06
1.943000e-01 2.970772e+06
1.965000e-01 2.883374e+06
1.986000e-01 2.799874e+06
2.008000e-01 2.717388e+06
2.030000e-01 2.639048e+06
2.054000e-01 2.561517e+06
2.097000e-01 2.500174e+06
2.122000e-01 2.427358e+06
2.147000e-01 2.356870e+06
2.174000e-01 2.290377e+06
2.201000e-01 2.223869e+06
2.230000e-01 2.161301e+06
2.259000e-01 2.099200e+06
2.289000e-01 2.040339e+06
2.321000e-01 1.982138e+06
2.353000e-01 1.926802e+06
2.387000e-01 1.873330e+06
2.423000e-01 1.821428e+06
2.459000e-01 1.771600e+06
2.498000e-01 1.722692e+06
2.538000e-01 1.676055e+06
2.580000e-01 1.632259e+06
2.625000e-01 1.589729e+06
2.672000e-01 1.548748e+06
2.721000e-01 1.510485e+06
2.774000e-01 1.473652e+06
2.829000e-01 1.438224e+06
2.889000e-01 1.405366e+06
2.952000e-01 1.374636e+06
3.019000e-01 1.345372e+06
3.091000e-01 1.318624e+06
3.167000e-01 1.293386e+06
3.249000e-01 1.271177e+06
3.336000e-01 1.251067e+06
3.428000e-01 1.232281e+06
3.527000e-01 1.216584e+06
3.631000e-01 1.202452e+06
3.742000e-01 1.190769e+06
3.859000e-01 1.182019e+06
3.982000e-01 1.174596e+06
4.111000e-01 1.169996e+06
4.246000e-01 1.166487e+06
4.386000e-01 1.165600e+06
4.532000e-01 1.166653e+06
4.683000e-01 1.169140e+06
4.837000e-01 1.173040e+06
4.995000e-01 1.178299e+06
5.157000e-01 1.185433e+06
5.329000e-01 1.195120e+06
5.494000e-01 1.203649e+06
5.660000e-01 1.212601e+06
5.826000e-01 1.221845e+06
5.992000e-01 1.231751e+06
6.157000e-01 1.241238e+06
6.320000e-01 1.251279e+06
6.462000e-01 1.253632e+06
6.621000e-01 1.262451e+06
6.777000e-01 1.270414e+06
6.930000e-01 1.278215e+06
7.080000e-01 1.284453e+06
7.225000e-01 1.289427e+06
7.366000e-01 1.293891e+06
7.529000e-01 1.306480e+06
7.660000e-01 1.307876e+06
7.787000e-01 1.307870e+06
7.909000e-01 1.306512e+06
8.027000e-01 1.304342e+06
8.140000e-01 1.300670e+06
8.249000e-01 1.295971e+06
8.354000e-01 1.289812e+06
8.455000e-01 1.282030e+06
8.551000e-01 1.273588e+06
8.644000e-01 1.263689e+06
8.733000e-01 1.252997e+06
8.819000e-01 1.241648e+06
8.900000e-01 1.228952e+06
8.979000e-01 1.215525e+06
9.054000e-01 1.201433e+06
9.127000e-01 1.187135e+06
9.196000e-01 1.171728e+06
9.263000e-01 1.155115e+06
9.327000e-01 1.139376e+06
9.388000e-01 1.122033e+06
9.447000e-01 1.104586e+06
9.504000e-01 1.087120e+06
9.559000e-01 1.068969e+06
9.612000e-01 1.050788e+06
9.663000e-01 1.032441e+06
9.712000e-01 1.014276e+06
9.759000e-01 9.955103e+05
9.821000e-01 9.784364e+05
9.866000e-01 9.614477e+05
9.911000e-01 9.425145e+05
9.954000e-01 9.219830e+05
9.996000e-01 9.052513e+05
1.004000e+00 8.791469e+05
1.008000e+00 8.653364e+05
1.012000e+00 8.469631e+05
1.015000e+00 8.323486e+05
1.019000e+00 8.029969e+05
1.023000e+00 7.834213e+05
1.027000e+00 7.722362e+05
1.031000e+00 7.647743e+05
1.029000e+00 7.421860e+05
1.032000e+00 7.257116e+05
1.035000e+00 7.095388e+05
1.038000e+00 6.926528e+05
1.041000e+00 6.771283e+05
1.044000e+00 6.611967e+05
1.047000e+00 6.458235e+05
1.050000e+00 6.307084e+05
1.053000e+00 6.161412e+05
1.056000e+00 6.018687e+05
1.059000e+00 5.878572e+05
1.062000e+00 5.738378e+05
1.065000e+00 5.602803e+05
1.068000e+00 5.471758e+05
1.071000e+00 5.343011e+05
1.075000e+00 5.218269e+05
1.078000e+00 5.096181e+05
1.081000e+00 4.978700e+05
1.085000e+00 4.863601e+05
1.089000e+00 4.740953e+05
1.093000e+00 4.633282e+05
1.097000e+00 4.526876e+05
1.102000e+00 4.426396e+05
1.107000e+00 4.329915e+05
1.113000e+00 4.236294e+05
1.120000e+00 4.145605e+05
1.127000e+00 4.056262e+05
1.135000e+00 3.982764e+05
1.145000e+00 3.903878e+05
1.155000e+00 3.828851e+05
1.167000e+00 3.758535e+05
1.180000e+00 3.691904e+05
1.196000e+00 3.628896e+05
1.213000e+00 3.570336e+05
1.233000e+00 3.520157e+05
1.256000e+00 3.465865e+05
1.281000e+00 3.422126e+05
1.310000e+00 3.384670e+05
1.343000e+00 3.350059e+05
1.379000e+00 3.321358e+05
1.419000e+00 3.298249e+05
1.464000e+00 3.280430e+05
1.513000e+00 3.269829e+05
1.567000e+00 3.260621e+05
1.626000e+00 3.254289e+05
1.690000e+00 3.252514e+05
1.760000e+00 3.251241e+05
1.834000e+00 3.255062e+05
1.914000e+00 3.262234e+05
1.999000e+00 3.270181e+05
2.088000e+00 3.281294e+05
2.182000e+00 3.291195e+05
2.280000e+00 3.304139e+05
2.383000e+00 3.318094e+05
2.488000e+00 3.329080e+05
2.598000e+00 3.342778e+05
2.710000e+00 3.352590e+05
2.825000e+00 3.360901e+05
2.942000e+00 3.372794e+05
3.060000e+00 3.377826e+05
3.181000e+00 3.381292e+05
3.302000e+00 3.383809e+05
3.424000e+00 3.382134e+05
3.548000e+00 3.379595e+05
3.672000e+00 3.375457e+05
3.796000e+00 3.367297e+05
3.922000e+00 3.364365e+05
4.046000e+00 3.353539e+05
4.171000e+00 3.332557e+05
4.295000e+00 3.315945e+05
4.418000e+00 3.293636e+05
4.543000e+00 3.276796e+05
4.667000e+00 3.249100e+05
4.792000e+00 3.229306e+05
4.917000e+00 3.202837e+05
5.042000e+00 3.176275e+05
5.169000e+00 3.146201e+05
5.295000e+00 3.120232e+05
5.423000e+00 3.089822e+05
5.551000e+00 3.060852e+05
5.680000e+00 3.029021e+05
5.811000e+00 2.999142e+05
5.944000e+00 2.965898e+05
6.078000e+00 2.932977e+05
6.214000e+00 2.902332e+05
6.352000e+00 2.869144e+05
6.493000e+00 2.835513e+05
6.635000e+00 2.802893e+05
6.781000e+00 2.769344e+05
6.930000e+00 2.736960e+05
7.081000e+00 2.703946e+05
7.236000e+00 2.671356e+05
7.394000e+00 2.636428e+05
7.557000e+00 2.604199e+05
7.720000e+00 2.571123e+05
7.890000e+00 2.539357e+05
8.065000e+00 2.507327e+05
8.245000e+00 2.474440e+05
8.429000e+00 2.443712e+05
8.620000e+00 2.410251e+05
8.815000e+00 2.379348e+05
9.014000e+00 2.347983e+05
9.220000e+00 2.316298e+05
9.431000e+00 2.284951e+05
9.649000e+00 2.254770e+05
9.873000e+00 2.222573e+05
1.010000e+01 2.192728e+05
1.034000e+01 2.161681e+05
1.058000e+01 2.131007e+05
1.084000e+01 2.101157e+05
1.110000e+01 2.071182e+05
1.136000e+01 2.040509e+05
1.164000e+01 2.011470e+05
1.192000e+01 1.981606e+05
1.222000e+01 1.951361e+05
1.252000e+01 1.922370e+05
1.283000e+01 1.892872e+05
1.315000e+01 1.863856e+05
1.348000e+01 1.833537e+05
1.383000e+01 1.804379e+05
1.418000e+01 1.775698e+05
1.455000e+01 1.746283e+05
1.492000e+01 1.717263e+05
1.531000e+01 1.688265e+05
1.571000e+01 1.660512e+05
1.613000e+01 1.631483e+05
1.656000e+01 1.602774e+05
1.700000e+01 1.575143e+05
1.746000e+01 1.545854e+05
1.793000e+01 1.518278e+05
1.842000e+01 1.490607e+05
1.893000e+01 1.462251e+05
1.945000e+01 1.433730e+05
2.000000e+01 1.406987e+05
2.056000e+01 1.379627e+05
2.114000e+01 1.351380e+05
2.174000e+01 1.324115e+05
2.237000e+01 1.297295e+05
2.301000e+01 1.270547e+05
2.369000e+01 1.244090e+05
2.438000e+01 1.218039e+05
2.510000e+01 1.191591e+05
2.585000e+01 1.165062e+05
2.662000e+01 1.139613e+05
2.743000e+01 1.113329e+05
2.827000e+01 1.088365e+05
2.913000e+01 1.063298e+05
3.004000e+01 1.038247e+05
3.097000e+01 1.013736e+05
3.195000e+01 9.889862e+04
3.296000e+01 9.649006e+04
3.402000e+01 9.407192e+04
3.512000e+01 9.170702e+04
3.626000e+01 8.938052e+04
3.745000e+01 8.705850e+04
3.869000e+01 8.476056e+04
3.998000e+01 8.252556e+04
4.133000e+01 8.033785e+04
4.273000e+01 7.810807e+04
4.420000e+01 7.595885e+04
4.573000e+01 7.381084e+04
4.733000e+01 7.172018e+04
4.901000e+01 6.966540e+04
5.075000e+01 6.762944e+04
5.258000e+01 6.562918e+04
5.450000e+01 6.363910e+04
5.650000e+01 6.172736e+04
5.860000e+01 5.981020e+04
6.080000e+01 5.794131e+04
6.310000e+01 5.608773e+04
6.553000e+01 5.432106e+04
6.807000e+01 5.253810e+04
7.074000e+01 5.082944e+04
7.355000e+01 4.911952e+04
7.650000e+01 4.743325e+04
7.961000e+01 4.581455e+04
