7.282000e-02 7.445745e-01 4.771656e-02
7.368000e-02 7.363969e-01 4.775744e-02
7.454000e-02 7.278104e-01 4.775744e-02
7.542000e-02 7.196327e-01 4.779833e-02
7.630000e-02 7.118640e-01 4.783922e-02
7.720000e-02 7.040952e-01 4.783922e-02
7.810000e-02 6.963264e-01 4.788011e-02
7.902000e-02 6.889666e-01 4.792100e-02
7.994000e-02 6.816067e-01 4.796189e-02
8.088000e-02 6.742468e-01 4.796189e-02
8.183000e-02 6.672958e-01 4.800277e-02
8.279000e-02 6.603448e-01 4.804366e-02
8.377000e-02 6.533938e-01 4.808455e-02
8.475000e-02 6.464428e-01 4.808455e-02
8.576000e-02 6.399007e-01 4.812544e-02
8.678000e-02 6.329497e-01 4.816633e-02
8.781000e-02 6.264076e-01 4.820721e-02
8.886000e-02 6.198655e-01 4.824810e-02
8.993000e-02 6.133233e-01 4.824810e-02
9.101000e-02 6.071901e-01 4.828899e-02
9.211000e-02 6.006480e-01 4.832988e-02
9.323000e-02 5.941059e-01 4.837077e-02
9.437000e-02 5.879726e-01 4.841166e-02
9.552000e-02 5.814305e-01 4.845254e-02
9.670000e-02 5.748884e-01 4.849343e-02
9.789000e-02 5.687552e-01 4.849343e-02
9.909000e-02 5.622131e-01 4.853432e-02
1.003000e-01 5.560798e-01 4.857521e-02
1.015000e-01 5.495377e-01 4.861610e-02
1.028000e-01 5.434045e-01 4.865699e-02
1.040000e-01 5.368624e-01 4.869787e-02
1.053000e-01 5.307291e-01 4.873876e-02
1.066000e-01 5.245959e-01 4.877965e-02
1.078000e-01 5.184627e-01 4.882054e-02
1.091000e-01 5.119206e-01 4.886143e-02
1.104000e-01 5.061962e-01 4.890231e-02
1.117000e-01 5.000630e-01 4.894320e-02
1.129000e-01 4.939297e-01 4.898409e-02
1.142000e-01 4.882054e-01 4.902498e-02
1.154000e-01 4.820721e-01 4.906587e-02
1.167000e-01 4.763478e-01 4.910676e-02
1.179000e-01 4.710323e-01 4.914764e-02
1.191000e-01 4.653080e-01 4.918853e-02
1.202000e-01 4.599925e-01 4.922942e-02
1.214000e-01 4.546770e-01 4.922942e-02
1.225000e-01 4.493616e-01 4.927031e-02
1.236000e-01 4.444550e-01 4.931120e-02
1.247000e-01 4.395484e-01 4.935209e-02
1.258000e-01 4.346418e-01 4.939297e-02
1.268000e-01 4.301441e-01 4.943386e-02
1.278000e-01 4.256464e-01 4.943386e-02
1.288000e-01 4.215576e-01 4.947475e-02
1.298000e-01 4.174688e-01 4.951564e-02
1.307000e-01 4.133799e-01 4.951564e-02
1.316000e-01 4.092911e-01 4.955653e-02
1.324000e-01 4.057747e-01 4.959741e-02
1.333000e-01 4.021766e-01 4.959741e-02
1.341000e-01 3.987420e-01 4.963830e-02
1.349000e-01 3.954709e-01 4.967919e-02
1.356000e-01 3.922816e-01 4.967919e-02
1.364000e-01 3.892559e-01 4.972008e-02
1.371000e-01 3.863528e-01 4.972008e-02
1.378000e-01 3.835315e-01 4.976097e-02
1.384000e-01 3.808738e-01 4.976097e-02
1.391000e-01 3.782978e-01 4.980186e-02
1.397000e-01 3.758445e-01 4.980186e-02
1.404000e-01 3.734730e-01 4.984274e-02
1.410000e-01 3.712242e-01 4.984274e-02
1.415000e-01 3.690571e-01 4.988363e-02
1.421000e-01 3.669718e-01 4.988363e-02
1.427000e-01 3.649683e-01 4.992452e-02
1.433000e-01 3.630465e-01 4.992452e-02
1.438000e-01 3.611657e-01 4.996541e-02
1.443000e-01 3.594075e-01 4.996541e-02
1.449000e-01 3.576902e-01 4.996541e-02
1.454000e-01 3.560138e-01 5.000630e-02
1.460000e-01 3.543782e-01 5.000630e-02
1.465000e-01 3.528245e-01 5.004719e-02
1.470000e-01 3.513116e-01 5.004719e-02
1.476000e-01 3.497987e-01 5.008807e-02
1.481000e-01 3.483677e-01 5.008807e-02
1.487000e-01 3.469366e-01 5.008807e-02
1.493000e-01 3.455464e-01 5.012896e-02
1.498000e-01 3.441562e-01 5.012896e-02
1.504000e-01 3.428069e-01 5.016985e-02
1.510000e-01 3.414576e-01 5.016985e-02
1.517000e-01 3.401491e-01 5.021074e-02
1.523000e-01 3.387998e-01 5.021074e-02
1.529000e-01 3.374914e-01 5.025163e-02
1.536000e-01 3.361421e-01 5.025163e-02
1.543000e-01 3.348337e-01 5.029251e-02
1.550000e-01 3.334843e-01 5.029251e-02
1.558000e-01 3.321350e-01 5.033340e-02
1.566000e-01 3.307857e-01 5.037429e-02
1.574000e-01 3.294364e-01 5.037429e-02
1.582000e-01 3.280462e-01 5.041518e-02
1.590000e-01 3.266151e-01 5.041518e-02
1.599000e-01 3.251840e-01 5.045607e-02
1.609000e-01 3.237121e-01 5.049696e-02
1.618000e-01 3.222401e-01 5.053784e-02
1.628000e-01 3.207272e-01 5.053784e-02
1.639000e-01 3.191735e-01 5.057873e-02
1.650000e-01 3.175788e-01 5.061962e-02
1.661000e-01 3.159842e-01 5.066051e-02
1.673000e-01 3.143487e-01 5.070140e-02
1.685000e-01 3.126722e-01 5.074228e-02
1.697000e-01 3.109549e-01 5.078317e-02
1.710000e-01 3.091967e-01 5.082406e-02
1.724000e-01 3.073977e-01 5.086495e-02
1.737000e-01 3.055986e-01 5.090584e-02
1.752000e-01 3.037586e-01 5.094673e-02
1.767000e-01 3.018369e-01 5.102850e-02
1.782000e-01 2.999560e-01 5.106939e-02
1.798000e-01 2.979934e-01 5.111028e-02
1.814000e-01 2.959898e-01 5.115117e-02
1.831000e-01 2.939863e-01 5.123294e-02
1.848000e-01 2.919419e-01 5.127383e-02
1.866000e-01 2.898975e-01 5.135561e-02
1.885000e-01 2.878122e-01 5.139650e-02
1.904000e-01 2.856860e-01 5.147827e-02
1.923000e-01 2.835598e-01 5.151916e-02
1.943000e-01 2.813928e-01 5.160094e-02
1.965000e-01 2.791439e-01 5.168271e-02
1.986000e-01 2.769768e-01 5.172360e-02
2.008000e-01 2.747689e-01 5.180538e-02
2.030000e-01 2.725200e-01 5.188716e-02
2.054000e-01 2.703120e-01 5.196893e-02
2.097000e-01 2.669183e-01 5.205071e-02
2.122000e-01 2.646695e-01 5.213248e-02
2.147000e-01 2.624206e-01 5.221426e-02
2.174000e-01 2.601309e-01 5.233693e-02
2.201000e-01 2.578820e-01 5.241870e-02
2.230000e-01 2.555923e-01 5.254137e-02
2.259000e-01 2.533025e-01 5.266403e-02
2.289000e-01 2.510128e-01 5.274581e-02
2.321000e-01 2.486822e-01 5.286847e-02
2.353000e-01 2.463924e-01 5.299114e-02
2.387000e-01 2.440618e-01 5.311380e-02
2.423000e-01 2.417312e-01 5.327735e-02
2.459000e-01 2.393597e-01 5.340002e-02
2.498000e-01 2.370290e-01 5.356357e-02
2.538000e-01 2.346575e-01 5.372713e-02
2.580000e-01 2.322860e-01 5.389068e-02
2.625000e-01 2.298736e-01 5.405423e-02
2.672000e-01 2.274612e-01 5.421778e-02
2.721000e-01 2.250079e-01 5.442222e-02
2.774000e-01 2.225546e-01 5.462667e-02
2.829000e-01 2.200604e-01 5.483111e-02
2.889000e-01 2.175253e-01 5.507644e-02
2.952000e-01 2.148676e-01 5.532177e-02
3.019000e-01 2.122917e-01 5.556710e-02
3.091000e-01 2.096339e-01 5.585331e-02
3.167000e-01 2.069353e-01 5.618042e-02
3.249000e-01 2.041958e-01 5.646664e-02
3.336000e-01 2.014154e-01 5.683463e-02
3.428000e-01 1.985941e-01 5.720262e-02
3.527000e-01 1.956910e-01 5.757062e-02
3.631000e-01 1.927062e-01 5.797950e-02
3.742000e-01 1.897214e-01 5.838838e-02
3.859000e-01 1.866547e-01 5.883815e-02
3.982000e-01 1.835472e-01 5.928792e-02
4.111000e-01 1.803580e-01 5.977858e-02
4.246000e-01 1.771687e-01 6.031013e-02
4.386000e-01 1.739385e-01 6.080079e-02
4.532000e-01 1.706674e-01 6.133233e-02
4.683000e-01 1.673555e-01 6.190477e-02
4.837000e-01 1.640844e-01 6.247720e-02
4.995000e-01 1.607725e-01 6.304964e-02
5.157000e-01 1.574605e-01 6.362208e-02
5.329000e-01 1.539850e-01 6.419451e-02
5.494000e-01 1.507549e-01 6.480783e-02
5.660000e-01 1.475656e-01 6.538027e-02
5.826000e-01 1.444172e-01 6.595270e-02
5.992000e-01 1.413097e-01 6.652514e-02
6.157000e-01 1.382840e-01 6.709757e-02
6.320000e-01 1.352991e-01 6.762912e-02
6.462000e-01 1.328867e-01 6.811978e-02
6.621000e-01 1.300654e-01 6.865133e-02
6.777000e-01 1.272850e-01 6.914199e-02
6.930000e-01 1.246273e-01 6.967353e-02
7.080000e-01 1.220513e-01 7.016419e-02
7.225000e-01 1.195981e-01 7.061396e-02
7.366000e-01 1.171856e-01 7.106373e-02
7.529000e-01 1.143644e-01 7.151350e-02
7.660000e-01 1.121973e-01 7.192238e-02
7.787000e-01 1.101120e-01 7.229038e-02
7.909000e-01 1.081085e-01 7.265837e-02
8.027000e-01 1.061867e-01 7.302637e-02
8.140000e-01 1.043467e-01 7.335347e-02
8.249000e-01 1.025886e-01 7.368058e-02
8.354000e-01 1.009121e-01 7.400768e-02
8.455000e-01 9.931749e-02 7.429390e-02
8.551000e-01 9.780463e-02 7.453923e-02
8.644000e-01 9.633265e-02 7.482545e-02
8.733000e-01 9.494245e-02 7.502989e-02
8.819000e-01 9.359314e-02 7.527522e-02
8.900000e-01 9.232561e-02 7.547966e-02
8.979000e-01 9.109896e-02 7.568410e-02
9.054000e-01 8.991320e-02 7.588854e-02
9.127000e-01 8.876833e-02 7.605209e-02
9.196000e-01 8.770524e-02 7.621565e-02
9.263000e-01 8.668303e-02 7.637920e-02
9.327000e-01 8.566083e-02 7.650187e-02
9.388000e-01 8.472040e-02 7.666542e-02
9.447000e-01 8.382086e-02 7.678808e-02
9.504000e-01 8.292132e-02 7.691075e-02
9.559000e-01 8.210355e-02 7.699252e-02
9.612000e-01 8.128579e-02 7.711519e-02
9.663000e-01 8.050891e-02 7.719697e-02
9.712000e-01 7.973203e-02 7.727874e-02
9.759000e-01 7.899605e-02 7.736052e-02
9.821000e-01 7.830095e-02 7.740141e-02
9.866000e-01 7.764674e-02 7.748318e-02
9.911000e-01 7.695164e-02 7.752407e-02
9.954000e-01 7.629742e-02 7.756496e-02
9.996000e-01 7.568410e-02 7.760585e-02
1.004000e+00 7.507078e-02 7.768762e-02
1.008000e+00 7.449834e-02 7.772851e-02
1.012000e+00 7.396680e-02 7.772851e-02
1.015000e+00 7.339436e-02 7.776940e-02
1.019000e+00 7.290370e-02 7.781029e-02
1.023000e+00 7.237215e-02 7.781029e-02
1.027000e+00 7.188150e-02 7.785118e-02
1.029000e+00 7.090018e-02 7.785118e-02
1.031000e+00 7.139084e-02 7.785118e-02
1.032000e+00 7.040952e-02 7.785118e-02
1.035000e+00 6.995975e-02 7.785118e-02
1.038000e+00 6.955087e-02 7.785118e-02
1.041000e+00 6.910110e-02 7.785118e-02
1.044000e+00 6.869221e-02 7.785118e-02
1.047000e+00 6.828333e-02 7.785118e-02
1.050000e+00 6.787445e-02 7.781029e-02
1.053000e+00 6.746557e-02 7.781029e-02
1.056000e+00 6.705669e-02 7.776940e-02
1.059000e+00 6.664780e-02 7.776940e-02
1.062000e+00 6.627981e-02 7.772851e-02
1.065000e+00 6.591182e-02 7.768762e-02
1.068000e+00 6.554382e-02 7.768762e-02
1.071000e+00 6.517583e-02 7.764674e-02
1.075000e+00 6.480783e-02 7.760585e-02
1.078000e+00 6.443984e-02 7.756496e-02
1.081000e+00 6.407185e-02 7.752407e-02
1.085000e+00 6.370385e-02 7.748318e-02
1.089000e+00 6.345852e-02 7.748318e-02
1.093000e+00 6.309053e-02 7.744229e-02
1.097000e+00 6.276342e-02 7.740141e-02
1.102000e+00 6.239543e-02 7.736052e-02
1.107000e+00 6.202743e-02 7.736052e-02
1.113000e+00 6.165944e-02 7.731963e-02
1.120000e+00 6.129145e-02 7.731963e-02
1.127000e+00 6.096434e-02 7.731963e-02
1.135000e+00 6.047368e-02 7.731963e-02
1.145000e+00 6.010569e-02 7.736052e-02
1.155000e+00 5.973769e-02 7.740141e-02
1.167000e+00 5.936970e-02 7.752407e-02
1.180000e+00 5.900171e-02 7.760585e-02
1.196000e+00 5.863371e-02 7.776940e-02
1.213000e+00 5.826572e-02 7.797384e-02
1.233000e+00 5.785684e-02 7.821917e-02
1.256000e+00 5.757062e-02 7.854628e-02
1.281000e+00 5.720262e-02 7.891427e-02
1.310000e+00 5.679374e-02 7.936404e-02
1.343000e+00 5.642575e-02 7.989559e-02
1.379000e+00 5.601687e-02 8.050891e-02
1.419000e+00 5.560798e-02 8.120401e-02
1.464000e+00 5.519910e-02 8.202178e-02
1.513000e+00 5.470844e-02 8.292132e-02
1.567000e+00 5.429956e-02 8.394352e-02
1.626000e+00 5.389068e-02 8.508839e-02
1.690000e+00 5.348180e-02 8.635593e-02
1.760000e+00 5.311380e-02 8.774613e-02
1.834000e+00 5.270492e-02 8.925899e-02
1.914000e+00 5.229604e-02 9.085363e-02
1.999000e+00 5.192804e-02 9.265271e-02
2.088000e+00 5.151916e-02 9.453357e-02
2.182000e+00 5.115117e-02 9.649621e-02
2.280000e+00 5.074228e-02 9.858151e-02
2.383000e+00 5.033340e-02 1.007486e-01
2.488000e+00 4.996541e-02 1.030383e-01
2.598000e+00 4.955653e-02 1.053690e-01
2.710000e+00 4.918853e-02 1.077814e-01
2.825000e+00 4.882054e-02 1.103164e-01
2.942000e+00 4.841166e-02 1.128515e-01
3.060000e+00 4.804366e-02 1.153866e-01
3.181000e+00 4.767567e-02 1.180034e-01
3.302000e+00 4.730767e-02 1.206203e-01
3.424000e+00 4.698057e-02 1.232780e-01
3.548000e+00 4.661257e-02 1.259357e-01
3.672000e+00 4.624458e-02 1.285935e-01
3.796000e+00 4.591747e-02 1.312512e-01
3.922000e+00 4.559037e-02 1.339089e-01
4.046000e+00 4.522237e-02 1.365258e-01
4.171000e+00 4.489527e-02 1.391426e-01
4.295000e+00 4.456816e-02 1.417595e-01
4.418000e+00 4.424106e-02 1.443354e-01
4.543000e+00 4.391395e-02 1.468705e-01
4.667000e+00 4.358685e-02 1.494465e-01
4.792000e+00 4.325974e-02 1.519406e-01
4.917000e+00 4.293263e-02 1.544348e-01
5.042000e+00 4.260553e-02 1.569290e-01
5.169000e+00 4.231931e-02 1.594232e-01
5.295000e+00 4.199221e-02 1.618765e-01
5.423000e+00 4.166510e-02 1.643298e-01
5.551000e+00 4.133799e-02 1.667422e-01
5.680000e+00 4.105178e-02 1.691546e-01
5.811000e+00 4.072467e-02 1.715670e-01
5.944000e+00 4.041392e-02 1.739385e-01
6.078000e+00 4.010726e-02 1.763918e-01
6.214000e+00 3.979651e-02 1.787633e-01
6.352000e+00 3.948167e-02 1.811757e-01
6.493000e+00 3.917092e-02 1.835881e-01
6.635000e+00 3.886017e-02 1.860005e-01
6.781000e+00 3.854942e-02 1.884129e-01
6.930000e+00 3.823867e-02 1.908662e-01
7.081000e+00 3.792792e-02 1.933195e-01
7.236000e+00 3.761717e-02 1.957728e-01
7.394000e+00 3.730641e-02 1.982670e-01
7.557000e+00 3.699566e-02 2.008021e-01
7.720000e+00 3.666856e-02 2.032145e-01
7.890000e+00 3.636190e-02 2.057904e-01
8.065000e+00 3.605115e-02 2.084073e-01
8.245000e+00 3.574040e-02 2.110650e-01
8.429000e+00 3.542965e-02 2.137227e-01
8.620000e+00 3.513116e-02 2.165440e-01
8.815000e+00 3.482041e-02 2.192835e-01
9.014000e+00 3.450966e-02 2.220639e-01
9.220000e+00 3.419891e-02 2.249261e-01
9.431000e+00 3.388816e-02 2.277883e-01
9.649000e+00 3.357332e-02 2.306914e-01
9.873000e+00 3.326666e-02 2.336762e-01
1.010000e+01 3.295591e-02 2.367019e-01
1.034000e+01 3.264516e-02 2.397685e-01
1.058000e+01 3.233441e-02 2.428760e-01
1.084000e+01 3.202366e-02 2.460653e-01
1.110000e+01 3.171699e-02 2.492955e-01
1.136000e+01 3.141033e-02 2.525666e-01
1.164000e+01 3.110367e-02 2.559603e-01
1.192000e+01 3.079701e-02 2.593540e-01
1.222000e+01 3.049035e-02 2.628295e-01
1.252000e+01 3.018778e-02 2.663868e-01
1.283000e+01 2.988520e-02 2.700258e-01
1.315000e+01 2.958263e-02 2.737467e-01
1.348000e+01 2.928823e-02 2.776310e-01
1.383000e+01 2.898975e-02 2.814745e-01
1.418000e+01 2.869127e-02 2.853998e-01
1.455000e+01 2.839687e-02 2.894068e-01
1.492000e+01 2.810656e-02 2.936183e-01
1.531000e+01 2.780808e-02 2.977480e-01
1.571000e+01 2.751777e-02 3.020413e-01
1.613000e+01 2.722747e-02 3.064163e-01
1.656000e+01 2.694125e-02 3.109958e-01
1.700000e+01 2.665503e-02 3.155753e-01
1.746000e+01 2.637290e-02 3.202775e-01
1.793000e+01 2.608669e-02 3.250614e-01
1.842000e+01 2.580865e-02 3.300088e-01
1.893000e+01 2.553061e-02 3.350790e-01
1.945000e+01 2.525257e-02 3.402718e-01
2.000000e+01 2.498270e-02 3.456281e-01
2.056000e+01 2.470875e-02 3.510663e-01
2.114000e+01 2.443889e-02 3.566680e-01
2.174000e+01 2.417312e-02 3.624332e-01
2.237000e+01 2.390734e-02 3.683211e-01
2.301000e+01 2.364566e-02 3.744135e-01
2.369000e+01 2.338806e-02 3.806694e-01
2.438000e+01 2.313047e-02 3.871706e-01
2.510000e+01 2.287696e-02 3.937945e-01
2.585000e+01 2.262345e-02 4.006228e-01
2.662000e+01 2.237404e-02 4.076556e-01
2.743000e+01 2.212871e-02 4.150155e-01
2.827000e+01 2.188338e-02 4.223753e-01
2.913000e+01 2.164214e-02 4.301441e-01
3.004000e+01 2.140498e-02 4.383218e-01
3.097000e+01 2.117192e-02 4.464994e-01
3.195000e+01 2.093886e-02 4.550859e-01
3.296000e+01 2.070988e-02 4.636724e-01
3.402000e+01 2.048091e-02 4.726679e-01
3.512000e+01 2.026011e-02 4.824810e-01
3.626000e+01 2.003932e-02 4.922942e-01
3.745000e+01 1.981852e-02 5.021074e-01
3.869000e+01 1.960590e-02 5.127383e-01
3.998000e+01 1.939328e-02 5.237781e-01
4.133000e+01 1.918067e-02 5.352268e-01
4.273000e+01 1.897622e-02 5.466755e-01
4.420000e+01 1.877587e-02 5.593509e-01
4.573000e+01 1.857552e-02 5.720262e-01
4.733000e+01 1.837926e-02 5.851105e-01
4.901000e+01 1.818708e-02 5.990125e-01
5.075000e+01 1.799900e-02 6.137322e-01
5.258000e+01 1.781091e-02 6.288609e-01
5.450000e+01 1.763100e-02 6.448073e-01
5.650000e+01 1.745109e-02 6.611626e-01
5.860000e+01 1.727936e-02 6.783356e-01
6.080000e+01 1.710763e-02 6.967353e-01
6.310000e+01 1.693999e-02 7.155439e-01
6.553000e+01 1.677644e-02 7.355791e-01
6.807000e+01 1.661289e-02 7.564321e-01
7.074000e+01 1.645751e-02 7.785118e-01
7.355000e+01 1.630622e-02 8.022269e-01
7.650000e+01 1.615903e-02 8.263510e-01
7.961000e+01 1.601592e-02 8.521106e-01
