7.0020e-02 5.3853e+06
7.7330e-02 5.2185e+06
8.5160e-02 5.0432e+06
9.3580e-02 4.8666e+06
1.0280e-01 4.6919e+06
1.1300e-01 4.5251e+06
1.2480e-01 4.3923e+06
1.3860e-01 4.2524e+06
1.5550e-01 4.1438e+06
1.7680e-01 4.0705e+06
2.0420e-01 4.0531e+06
2.3890e-01 4.0730e+06
2.8190e-01 4.1493e+06
3.3370e-01 4.2783e+06
3.9190e-01 4.4366e+06
4.5490e-01 4.6193e+06
5.2060e-01 4.7984e+06
5.8670e-01 4.9651e+06
6.5250e-01 5.0977e+06
7.1800e-01 5.1927e+06
7.8370e-01 5.2580e+06
8.5020e-01 5.2778e+06
9.1890e-01 5.2776e+06
9.9100e-01 5.2486e+06
1.0680e+00 5.2068e+06
1.1510e+00 5.1562e+06
1.5910e+00 5.8591e+06
1.6620e+00 5.7195e+06
1.7430e+00 5.5965e+06
1.8350e+00 5.4908e+06
1.9380e+00 5.4000e+06
2.0540e+00 5.3236e+06
2.1810e+00 5.2588e+06
2.3220e+00 5.2052e+06
2.4750e+00 5.1591e+06
2.6370e+00 5.1019e+06
2.8170e+00 5.0633e+06
3.0120e+00 5.0257e+06
3.2170e+00 4.9824e+06
3.4320e+00 4.9324e+06
3.6520e+00 4.8702e+06
3.8720e+00 4.7858e+06
4.0860e+00 4.6824e+06
4.2920e+00 4.5514e+06
4.4860e+00 4.3870e+06
4.6660e+00 4.2084e+06
4.8340e+00 4.0076e+06
4.9900e+00 3.7950e+06
5.1360e+00 3.5769e+06
5.2730e+00 3.3581e+06
5.4040e+00 3.1418e+06
5.5310e+00 2.9301e+06
5.6550e+00 2.7290e+06
5.7790e+00 2.5358e+06
5.9020e+00 2.3527e+06
6.0270e+00 2.1799e+06
6.1530e+00 2.0161e+06
6.2840e+00 1.8641e+06
6.4180e+00 1.7205e+06
6.5560e+00 1.5868e+06
6.7000e+00 1.4616e+06
6.8490e+00 1.3469e+06
7.0050e+00 1.2384e+06
7.1670e+00 1.1380e+06
7.3370e+00 1.0456e+06
7.5160e+00 9.6011e+05
7.7040e+00 8.8127e+05
7.9040e+00 8.0809e+05
8.1160e+00 7.4079e+05
8.3420e+00 6.7828e+05
8.5850e+00 6.2098e+05
8.8480e+00 5.6770e+05
9.1320e+00 5.1901e+05
9.4430e+00 4.7336e+05
9.7830e+00 4.3151e+05
1.0160e+01 3.9284e+05
1.0570e+01 3.5672e+05
1.1040e+01 3.2317e+05
1.1550e+01 2.9238e+05
1.2130e+01 2.6363e+05
1.2790e+01 2.3692e+05
1.3530e+01 2.1242e+05
1.4370e+01 1.8968e+05
1.5330e+01 1.6904e+05
1.6430e+01 1.4989e+05
1.7690e+01 1.3264e+05
1.9130e+01 1.1687e+05
2.0780e+01 1.0274e+05
2.2670e+01 8.9965e+04
2.4850e+01 7.8569e+04
2.7340e+01 6.8463e+04
3.0200e+01 5.9485e+04
3.3490e+01 5.1566e+04
3.7270e+01 4.4606e+04
4.1650e+01 3.8506e+04
4.6720e+01 3.3171e+04
5.2650e+01 2.8489e+04
5.9630e+01 2.4399e+04
6.7900e+01 2.0825e+04
7.7800e+01 1.7701e+04
