1.6430e-02 5.3511e+04
1.8560e-02 5.7978e+04
2.1490e-02 6.2909e+04
2.9370e-02 8.4095e+04
3.6670e-02 1.0044e+05
4.2110e-02 1.0776e+05
4.8830e-02 1.1654e+05
5.7190e-02 1.2694e+05
6.7660e-02 1.3909e+05
8.2410e-02 1.5669e+05
9.8180e-02 1.7326e+05
1.1910e-01 1.9220e+05
1.4520e-01 2.1481e+05
1.7720e-01 2.4155e+05
2.1670e-01 2.7490e+05
2.6040e-01 3.1029e+05
3.0870e-01 3.4877e+05
3.5990e-01 3.8961e+05
4.1350e-01 4.3206e+05
4.6490e-01 4.7106e+05
5.1460e-01 5.0673e+05
5.6210e-01 5.3723e+05
6.0710e-01 5.6267e+05
6.5030e-01 5.8271e+05
6.9110e-01 5.9634e+05
7.3060e-01 6.0450e+05
7.6950e-01 6.0748e+05
8.0850e-01 6.0736e+05
8.4860e-01 6.0515e+05
8.8980e-01 5.9987e+05
9.3330e-01 5.9314e+05
9.8020e-01 5.8643e+05
1.0310e+00 5.7894e+05
1.0870e+00 5.7181e+05
1.6740e+00 8.0097e+05
1.7210e+00 7.7435e+05
1.7760e+00 7.5208e+05
1.8390e+00 7.3401e+05
1.9100e+00 7.1962e+05
1.9920e+00 7.0954e+05
2.0830e+00 7.0221e+05
2.1850e+00 6.9854e+05
2.2990e+00 6.9855e+05
2.4230e+00 7.0089e+05
2.5610e+00 7.0582e+05
2.7040e+00 7.1100e+05
2.8680e+00 7.2148e+05
3.0450e+00 7.3504e+05
3.2380e+00 7.5165e+05
3.4450e+00 7.7065e+05
3.6650e+00 7.9192e+05
3.8960e+00 8.1397e+05
4.1340e+00 8.3615e+05
4.3760e+00 8.5663e+05
4.6200e+00 8.7416e+05
4.8620e+00 8.8765e+05
5.1020e+00 8.9556e+05
5.3380e+00 8.9766e+05
5.5710e+00 8.9377e+05
5.7990e+00 8.8428e+05
6.0250e+00 8.6934e+05
6.2480e+00 8.5030e+05
6.4690e+00 8.2654e+05
6.6910e+00 8.0016e+05
6.9140e+00 7.7113e+05
7.1390e+00 7.4009e+05
7.3690e+00 7.0882e+05
7.6050e+00 6.7687e+05
7.8490e+00 6.4480e+05
8.1030e+00 6.1345e+05
8.3700e+00 5.8296e+05
8.6530e+00 5.5319e+05
8.9560e+00 5.2471e+05
9.2820e+00 4.9752e+05
9.6360e+00 4.7164e+05
1.0020e+01 4.4695e+05
1.0450e+01 4.2356e+05
1.0920e+01 4.0112e+05
1.1440e+01 3.8007e+05
1.2030e+01 3.6016e+05
1.2690e+01 3.4142e+05
1.3430e+01 3.2377e+05
1.4280e+01 3.0701e+05
1.5240e+01 2.9139e+05
1.6340e+01 2.7664e+05
1.7600e+01 2.6292e+05
1.9040e+01 2.5013e+05
2.0690e+01 2.3832e+05
2.2580e+01 2.2736e+05
2.4750e+01 2.1722e+05
2.7240e+01 2.0785e+05
3.0090e+01 1.9912e+05
3.3370e+01 1.9108e+05
3.7150e+01 1.8352e+05
4.1510e+01 1.7650e+05
4.6570e+01 1.6985e+05
5.2480e+01 1.6349e+05
5.9440e+01 1.5729e+05
6.7690e+01 1.5114e+05
7.7550e+01 1.4487e+05
