1.2340e-02 1.0649e+05
1.3660e-02 1.0140e+05
1.5310e-02 9.6358e+04
2.1070e-02 1.0502e+05
2.5120e-02 9.9022e+04
2.8510e-02 9.0511e+04
3.2800e-02 8.2258e+04
3.9900e-02 7.4922e+04
4.7040e-02 6.6996e+04
5.6400e-02 5.9556e+04
7.0560e-02 5.2881e+04
8.6770e-02 4.6901e+04
1.0690e-01 4.2589e+04
1.3360e-01 3.8825e+04
1.6870e-01 3.6578e+04
2.0820e-01 3.5858e+04
2.5350e-01 3.6696e+04
3.0310e-01 3.9078e+04
3.5710e-01 4.2832e+04
4.0970e-01 4.7624e+04
4.6140e-01 5.3197e+04
5.1110e-01 5.9150e+04
5.5790e-01 6.5257e+04
6.0250e-01 7.1273e+04
6.4340e-01 7.6856e+04
6.8190e-01 8.1965e+04
7.1830e-01 8.6589e+04
7.5320e-01 9.0699e+04
7.8720e-01 9.4448e+04
8.2170e-01 9.8065e+04
8.5570e-01 1.0126e+05
8.9080e-01 1.0451e+05
9.2760e-01 1.0784e+05
9.6680e-01 1.1156e+05
1.0090e+00 1.1557e+05
1.0550e+00 1.2024e+05
1.1050e+00 1.2588e+05
1.1600e+00 1.3233e+05
1.2220e+00 1.3998e+05
1.7640e+00 3.3742e+05
1.8240e+00 3.3856e+05
1.8920e+00 3.4293e+05
1.9700e+00 3.5061e+05
2.0560e+00 3.6134e+05
2.1530e+00 3.7529e+05
2.2590e+00 3.9283e+05
2.3770e+00 4.1407e+05
2.5050e+00 4.3895e+05
2.6450e+00 4.6806e+05
2.7910e+00 4.9833e+05
2.9570e+00 5.3667e+05
3.1380e+00 5.8012e+05
3.3330e+00 6.2895e+05
3.5430e+00 6.8387e+05
3.7680e+00 7.4439e+05
4.0060e+00 8.1031e+05
4.2560e+00 8.7757e+05
4.5140e+00 9.4816e+05
4.7790e+00 1.0162e+06
5.0480e+00 1.0808e+06
5.3180e+00 1.1386e+06
5.5900e+00 1.1880e+06
5.8620e+00 1.2270e+06
6.1340e+00 1.2552e+06
6.4060e+00 1.2713e+06
6.6780e+00 1.2760e+06
6.9510e+00 1.2705e+06
7.2270e+00 1.2551e+06
7.5070e+00 1.2312e+06
7.7950e+00 1.2005e+06
8.0930e+00 1.1648e+06
8.4040e+00 1.1246e+06
8.7310e+00 1.0815e+06
9.0780e+00 1.0364e+06
9.4510e+00 9.8994e+05
9.8540e+00 9.4265e+05
1.0290e+01 8.9481e+05
1.0780e+01 8.4695e+05
1.1310e+01 7.9961e+05
1.1910e+01 7.5216e+05
1.2580e+01 7.0589e+05
1.3330e+01 6.6041e+05
1.4180e+01 6.1590e+05
1.5140e+01 5.7235e+05
1.6240e+01 5.3052e+05
1.7490e+01 4.9013e+05
1.8930e+01 4.5127e+05
2.0560e+01 4.1462e+05
2.2440e+01 3.7985e+05
2.4580e+01 3.4700e+05
2.7030e+01 3.1648e+05
2.9840e+01 2.8782e+05
3.3060e+01 2.6135e+05
3.6760e+01 2.3690e+05
4.1030e+01 2.1428e+05
4.5980e+01 1.9347e+05
5.1740e+01 1.7434e+05
5.8490e+01 1.5676e+05
6.6460e+01 1.4048e+05
7.5980e+01 1.2549e+05
