1.2340e-02 0.0000e+00
1.3660e-02 0.0000e+00
1.5310e-02 0.0000e+00
2.1070e-02 0.0000e+00
2.5120e-02 0.0000e+00
2.8510e-02 0.0000e+00
3.2800e-02 0.0000e+00
3.9900e-02 0.0000e+00
4.7040e-02 0.0000e+00
5.6400e-02 0.0000e+00
7.0560e-02 0.0000e+00
8.6770e-02 0.0000e+00
1.0690e-01 0.0000e+00
1.3360e-01 0.0000e+00
1.6870e-01 0.0000e+00
2.0820e-01 0.0000e+00
2.5350e-01 0.0000e+00
3.0310e-01 0.0000e+00
3.5710e-01 1.3613e-08
4.0970e-01 2.0928e-08
4.6140e-01 3.0615e-08
5.1110e-01 4.3089e-08
5.5790e-01 5.9398e-08
6.0250e-01 1.2334e-07
6.4340e-01 1.8210e-07
6.8190e-01 2.8713e-07
7.1830e-01 4.9934e-07
7.5320e-01 9.6292e-07
7.8720e-01 2.0379e-06
8.2170e-01 4.7483e-06
8.5570e-01 1.1921e-05
8.9080e-01 3.2455e-05
9.2760e-01 9.2730e-05
9.6680e-01 2.6681e-04
1.0090e+00 7.4382e-04
1.0550e+00 1.9739e-03
1.1050e+00 4.9602e-03
1.1600e+00 1.1687e-02
1.2220e+00 2.5966e-02
1.7640e+00 2.0323e+01
1.8240e+00 1.9291e+01
1.8920e+00 1.8408e+01
1.9700e+00 1.7677e+01
2.0560e+00 1.7123e+01
2.1530e+00 1.6773e+01
2.2590e+00 1.6697e+01
2.3770e+00 1.6947e+01
2.5050e+00 1.7628e+01
2.6450e+00 1.8850e+01
2.7910e+00 2.0582e+01
2.9570e+00 2.3353e+01
3.1380e+00 2.7156e+01
3.3330e+00 3.2175e+01
3.5430e+00 3.8563e+01
3.7680e+00 4.6357e+01
4.0060e+00 5.5456e+01
4.2560e+00 6.5515e+01
4.5140e+00 7.6187e+01
4.7790e+00 8.6891e+01
5.0480e+00 9.6908e+01
5.3180e+00 1.0588e+02
5.5900e+00 1.1329e+02
5.8620e+00 1.1872e+02
6.1340e+00 1.2221e+02
6.4060e+00 1.2370e+02
6.6780e+00 1.2329e+02
6.9510e+00 1.2133e+02
7.2270e+00 1.1797e+02
7.5070e+00 1.1349e+02
7.7950e+00 1.0829e+02
8.0930e+00 1.0260e+02
8.4040e+00 9.6528e+01
8.7310e+00 9.0298e+01
9.0780e+00 8.4050e+01
9.4510e+00 7.7871e+01
9.8540e+00 7.1782e+01
1.0290e+01 6.5824e+01
1.0780e+01 6.0126e+01
1.1310e+01 5.4626e+01
1.1910e+01 4.9374e+01
1.2580e+01 4.4397e+01
1.3330e+01 3.9709e+01
1.4180e+01 3.5320e+01
1.5140e+01 3.1229e+01
1.6240e+01 2.7460e+01
1.7490e+01 2.4017e+01
1.8930e+01 2.0895e+01
2.0560e+01 1.8094e+01
2.2440e+01 1.5589e+01
2.4580e+01 1.3377e+01
2.7030e+01 1.1445e+01
2.9840e+01 9.7570e+00
3.3060e+01 8.2957e+00
3.6760e+01 7.0401e+00
4.1030e+01 5.9622e+00
4.5980e+01 5.0428e+00
5.1740e+01 4.2614e+00
5.8490e+01 3.5973e+00
6.6460e+01 3.0326e+00
7.5980e+01 2.5529e+00
