1.2340e-02 3.0567e+06
1.3660e-02 2.9940e+06
1.5310e-02 2.9452e+06
2.1070e-02 3.5165e+06
2.5120e-02 3.5450e+06
2.8510e-02 3.4240e+06
3.2800e-02 3.3198e+06
3.9900e-02 3.3192e+06
4.7040e-02 3.2354e+06
5.6400e-02 3.1745e+06
7.0560e-02 3.2012e+06
8.6770e-02 3.1999e+06
1.0690e-01 3.2697e+06
1.3360e-01 3.3631e+06
1.6870e-01 3.5474e+06
2.0820e-01 3.7504e+06
2.5350e-01 4.0017e+06
3.0310e-01 4.2968e+06
3.5710e-01 4.6303e+06
4.0970e-01 4.9513e+06
4.6140e-01 5.2624e+06
5.1110e-01 5.5427e+06
5.5790e-01 5.7864e+06
6.0250e-01 5.9871e+06
6.4340e-01 6.1212e+06
6.8190e-01 6.1984e+06
7.1830e-01 6.2253e+06
7.5320e-01 6.2014e+06
7.8720e-01 6.1414e+06
8.2170e-01 6.0576e+06
8.5570e-01 5.9320e+06
8.9080e-01 5.7937e+06
9.2760e-01 5.6435e+06
9.6680e-01 5.4861e+06
1.0090e+00 5.3259e+06
1.0550e+00 5.1668e+06
1.1050e+00 5.0164e+06
1.1600e+00 4.8681e+06
1.2220e+00 4.7294e+06
1.7640e+00 5.4045e+06
1.8240e+00 5.2029e+06
1.8920e+00 5.0260e+06
1.9700e+00 4.8729e+06
2.0560e+00 4.7347e+06
2.1530e+00 4.6098e+06
2.2590e+00 4.4997e+06
2.3770e+00 4.4002e+06
2.5050e+00 4.3081e+06
2.6450e+00 4.2248e+06
2.7910e+00 4.1348e+06
2.9570e+00 4.0609e+06
3.1380e+00 3.9908e+06
3.3330e+00 3.9227e+06
3.5430e+00 3.8594e+06
3.7680e+00 3.7991e+06
4.0060e+00 3.7406e+06
4.2560e+00 3.6766e+06
4.5140e+00 3.6117e+06
4.7790e+00 3.5380e+06
5.0480e+00 3.4532e+06
5.3180e+00 3.3600e+06
5.5900e+00 3.2556e+06
5.8620e+00 3.1374e+06
6.1340e+00 3.0118e+06
6.4060e+00 2.8757e+06
6.6780e+00 2.7341e+06
6.9510e+00 2.5888e+06
7.2270e+00 2.4408e+06
7.5070e+00 2.2929e+06
7.7950e+00 2.1473e+06
8.0930e+00 2.0053e+06
8.4040e+00 1.8670e+06
8.7310e+00 1.7349e+06
9.0780e+00 1.6086e+06
9.4510e+00 1.4881e+06
9.8540e+00 1.3740e+06
1.0290e+01 1.2656e+06
1.0780e+01 1.1636e+06
1.1310e+01 1.0676e+06
1.1910e+01 9.7694e+05
1.2580e+01 8.9214e+05
1.3330e+01 8.1289e+05
1.4180e+01 7.3869e+05
1.5140e+01 6.6941e+05
1.6240e+01 6.0542e+05
1.7490e+01 5.4608e+05
1.8930e+01 4.9135e+05
2.0560e+01 4.4133e+05
2.2440e+01 3.9555e+05
2.4580e+01 3.5373e+05
2.7030e+01 3.1598e+05
2.9840e+01 2.8162e+05
3.3060e+01 2.5068e+05
3.6760e+01 2.2284e+05
4.1030e+01 1.9779e+05
4.5980e+01 1.7529e+05
5.1740e+01 1.5506e+05
5.8490e+01 1.3689e+05
6.6460e+01 1.2048e+05
7.5980e+01 1.0574e+05
