1.2340e-02 0.0000e+00
1.3660e-02 0.0000e+00
1.5310e-02 0.0000e+00
2.1070e-02 0.0000e+00
2.5120e-02 0.0000e+00
2.8510e-02 0.0000e+00
3.2800e-02 0.0000e+00
3.9900e-02 0.0000e+00
4.7040e-02 0.0000e+00
5.6400e-02 0.0000e+00
7.0560e-02 0.0000e+00
8.6770e-02 0.0000e+00
1.0690e-01 0.0000e+00
1.3360e-01 0.0000e+00
1.6870e-01 0.0000e+00
2.0820e-01 0.0000e+00
2.5350e-01 0.0000e+00
3.0310e-01 0.0000e+00
3.5710e-01 2.1943e-07
4.0970e-01 3.2885e-07
4.6140e-01 4.7265e-07
5.1110e-01 6.6050e-07
5.5790e-01 9.2052e-07
6.0250e-01 1.6982e-06
6.4340e-01 2.6182e-06
6.8190e-01 4.3595e-06
7.1830e-01 7.8809e-06
7.5320e-01 1.5305e-05
7.8720e-01 3.1784e-05
8.2170e-01 7.1889e-05
8.5570e-01 1.7532e-04
8.9080e-01 4.6072e-04
9.2760e-01 1.2582e-03
9.6680e-01 3.4404e-03
1.0090e+00 9.1131e-03
1.0550e+00 2.3081e-02
1.1050e+00 5.5727e-02
1.1600e+00 1.2723e-01
1.2220e+00 2.7568e-01
1.7640e+00 3.2700e+01
1.8240e+00 3.1619e+01
1.8920e+00 3.1206e+01
1.9700e+00 3.1700e+01
2.0560e+00 3.3414e+01
2.1530e+00 3.6807e+01
2.2590e+00 4.2424e+01
2.3770e+00 5.0815e+01
2.5050e+00 6.2467e+01
2.6450e+00 7.7770e+01
2.7910e+00 9.5455e+01
2.9570e+00 1.1807e+02
3.1380e+00 1.4334e+02
3.3330e+00 1.7046e+02
3.5430e+00 1.9831e+02
3.7680e+00 2.2546e+02
4.0060e+00 2.5066e+02
4.2560e+00 2.7231e+02
4.5140e+00 2.8992e+02
4.7790e+00 3.0254e+02
5.0480e+00 3.0988e+02
5.3180e+00 3.1236e+02
5.5900e+00 3.1021e+02
5.8620e+00 3.0372e+02
6.1340e+00 2.9403e+02
6.4060e+00 2.8147e+02
6.6780e+00 2.6698e+02
6.9510e+00 2.5132e+02
7.2270e+00 2.3490e+02
7.5070e+00 2.1816e+02
7.7950e+00 2.0166e+02
8.0930e+00 1.8556e+02
8.4040e+00 1.7005e+02
8.7310e+00 1.5528e+02
9.0780e+00 1.4131e+02
9.4510e+00 1.2814e+02
9.8540e+00 1.1577e+02
1.0290e+01 1.0419e+02
1.0780e+01 9.3443e+01
1.1310e+01 8.3495e+01
1.1910e+01 7.4278e+01
1.2580e+01 6.5818e+01
1.3330e+01 5.8118e+01
1.4180e+01 5.1092e+01
1.5140e+01 4.4740e+01
1.6240e+01 3.9042e+01
1.7490e+01 3.3959e+01
1.8930e+01 2.9437e+01
2.0560e+01 2.5460e+01
2.2440e+01 2.1971e+01
2.4580e+01 1.8936e+01
2.7030e+01 1.6307e+01
2.9840e+01 1.4024e+01
3.3060e+01 1.2067e+01
3.6760e+01 1.0392e+01
4.1030e+01 8.9519e+00
4.5980e+01 7.7198e+00
5.1740e+01 6.6608e+00
5.8490e+01 5.7536e+00
6.6460e+01 4.9735e+00
7.5980e+01 4.3033e+00
