1.2340e-02 0.0000e+00
1.3660e-02 0.0000e+00
1.5310e-02 0.0000e+00
2.1070e-02 0.0000e+00
2.5120e-02 0.0000e+00
2.8510e-02 0.0000e+00
3.2800e-02 0.0000e+00
3.9900e-02 0.0000e+00
4.7040e-02 0.0000e+00
5.6400e-02 0.0000e+00
7.0560e-02 0.0000e+00
8.6770e-02 0.0000e+00
1.0690e-01 0.0000e+00
1.3360e-01 0.0000e+00
1.6870e-01 0.0000e+00
2.0820e-01 0.0000e+00
2.5350e-01 0.0000e+00
3.0310e-01 0.0000e+00
3.5710e-01 3.1276e-09
4.0970e-01 4.7241e-09
4.6140e-01 6.8230e-09
5.1110e-01 9.5377e-09
5.5790e-01 1.3188e-08
6.0250e-01 2.5895e-08
6.4340e-01 3.9348e-08
6.8190e-01 6.4429e-08
7.1830e-01 1.1525e-07
7.5320e-01 2.2393e-07
7.8720e-01 4.6952e-07
8.2170e-01 1.0922e-06
8.5570e-01 2.7095e-06
8.9080e-01 7.2812e-06
9.2760e-01 2.0517e-05
9.6680e-01 5.8451e-05
1.0090e+00 1.6302e-04
1.0550e+00 4.3888e-04
1.1050e+00 1.1393e-03
1.1600e+00 2.8081e-03
1.2220e+00 6.6064e-03
1.7640e+00 4.3090e+00
1.8240e+00 4.0978e+00
1.8920e+00 3.9285e+00
1.9700e+00 3.8095e+00
2.0560e+00 3.7538e+00
2.1530e+00 3.7869e+00
2.2590e+00 3.9434e+00
2.3770e+00 4.2618e+00
2.5050e+00 4.7836e+00
2.6450e+00 5.5533e+00
2.7910e+00 6.5208e+00
2.9570e+00 7.8873e+00
3.1380e+00 9.5558e+00
3.3330e+00 1.1521e+01
3.5430e+00 1.3740e+01
3.7680e+00 1.6166e+01
4.0060e+00 1.8714e+01
4.2560e+00 2.1253e+01
4.5140e+00 2.3708e+01
4.7790e+00 2.5939e+01
5.0480e+00 2.7844e+01
5.3180e+00 2.9379e+01
5.5900e+00 3.0497e+01
5.8620e+00 3.1141e+01
6.1340e+00 3.1370e+01
6.4060e+00 3.1166e+01
6.6780e+00 3.0619e+01
6.9510e+00 2.9790e+01
7.2270e+00 2.8713e+01
7.5070e+00 2.7457e+01
7.7950e+00 2.6091e+01
8.0930e+00 2.4656e+01
8.4040e+00 2.3179e+01
8.7310e+00 2.1698e+01
9.0780e+00 2.0239e+01
9.4510e+00 1.8806e+01
9.8540e+00 1.7414e+01
1.0290e+01 1.6063e+01
1.0780e+01 1.4771e+01
1.1310e+01 1.3538e+01
1.1910e+01 1.2358e+01
1.2580e+01 1.1244e+01
1.3330e+01 1.0197e+01
1.4180e+01 9.2129e+00
1.5140e+01 8.2934e+00
1.6240e+01 7.4435e+00
1.7490e+01 6.6603e+00
1.8930e+01 5.9411e+00
2.0560e+01 5.2890e+00
2.2440e+01 4.6990e+00
2.4580e+01 4.1679e+00
2.7030e+01 3.6930e+00
2.9840e+01 3.2674e+00
3.3060e+01 2.8902e+00
3.6760e+01 2.5559e+00
4.1030e+01 2.2589e+00
4.5980e+01 1.9957e+00
5.1740e+01 1.7628e+00
5.8490e+01 1.5552e+00
6.6460e+01 1.3700e+00
7.5980e+01 1.2044e+00
