1.3170e-02 0.0000e+00
1.4620e-02 0.0000e+00
1.6430e-02 0.0000e+00
2.3900e-02 0.0000e+00
2.6820e-02 0.0000e+00
3.0480e-02 0.0000e+00
3.5110e-02 0.0000e+00
4.2600e-02 0.0000e+00
5.0260e-02 0.0000e+00
6.2060e-02 0.0000e+00
7.5250e-02 0.0000e+00
9.2590e-02 0.0000e+00
1.1420e-01 0.0000e+00
1.4280e-01 0.0000e+00
1.7990e-01 0.0000e+00
2.2180e-01 0.0000e+00
2.6940e-01 0.0000e+00
3.2290e-01 1.6971e-07
3.7620e-01 2.6390e-07
4.2950e-01 3.8954e-07
4.8130e-01 5.5173e-07
5.3030e-01 7.6111e-07
5.7690e-01 1.3274e-06
6.1940e-01 1.9186e-06
6.5900e-01 2.9321e-06
6.9600e-01 4.8485e-06
7.3100e-01 8.7003e-06
7.6470e-01 1.6781e-05
7.9760e-01 3.4640e-05
8.3090e-01 7.7904e-05
8.6410e-01 1.8924e-04
8.9850e-01 4.9537e-04
9.3460e-01 1.3460e-03
9.7330e-01 3.6609e-03
1.0150e+00 9.6448e-03
1.0600e+00 2.4309e-02
1.1100e+00 5.8441e-02
1.1660e+00 1.3290e-01
1.2270e+00 2.8696e-01
1.7000e+00 2.8950e+01
1.7620e+00 2.8028e+01
1.8320e+00 2.7747e+01
1.9110e+00 2.8353e+01
1.9990e+00 3.0191e+01
2.0980e+00 3.3696e+01
2.2070e+00 3.9450e+01
2.3270e+00 4.7999e+01
2.4570e+00 5.9839e+01
2.6000e+00 7.5348e+01
2.7490e+00 9.3308e+01
2.9170e+00 1.1594e+02
3.1000e+00 1.4150e+02
3.2980e+00 1.6903e+02
3.5120e+00 1.9719e+02
3.7390e+00 2.2474e+02
3.9820e+00 2.5025e+02
4.2340e+00 2.7227e+02
4.4950e+00 2.8996e+02
4.7620e+00 3.0257e+02
5.0330e+00 3.1015e+02
5.3050e+00 3.1266e+02
5.5790e+00 3.1059e+02
5.8520e+00 3.0405e+02
6.1250e+00 2.9432e+02
6.3970e+00 2.8168e+02
6.6700e+00 2.6722e+02
6.9440e+00 2.5145e+02
7.2210e+00 2.3497e+02
7.5010e+00 2.1826e+02
7.7900e+00 2.0171e+02
8.0880e+00 1.8565e+02
8.3990e+00 1.7006e+02
8.7260e+00 1.5532e+02
9.0740e+00 1.4132e+02
9.4470e+00 1.2814e+02
9.8500e+00 1.1577e+02
1.0290e+01 1.0420e+02
1.0770e+01 9.3470e+01
1.1310e+01 8.3519e+01
1.1910e+01 7.4301e+01
1.2570e+01 6.5839e+01
1.3320e+01 5.8118e+01
1.4170e+01 5.1092e+01
1.5140e+01 4.4740e+01
1.6240e+01 3.9032e+01
1.7490e+01 3.3959e+01
1.8920e+01 2.9437e+01
2.0560e+01 2.5460e+01
2.2430e+01 2.1965e+01
2.4580e+01 1.8936e+01
2.7030e+01 1.6307e+01
2.9840e+01 1.4024e+01
3.3060e+01 1.2074e+01
3.6760e+01 1.0389e+01
4.1030e+01 8.9519e+00
4.5980e+01 7.7198e+00
5.1740e+01 6.6608e+00
5.8490e+01 5.7519e+00
6.6460e+01 4.9735e+00
7.5980e+01 4.3033e+00
