1.3950e-02 0.0000e+00
1.5780e-02 0.0000e+00
1.8090e-02 0.0000e+00
2.0820e-02 0.0000e+00
2.4390e-02 0.0000e+00
3.1940e-02 0.0000e+00
3.8910e-02 0.0000e+00
4.4270e-02 0.0000e+00
5.0630e-02 0.0000e+00
5.8190e-02 0.0000e+00
6.7210e-02 0.0000e+00
7.9170e-02 0.0000e+00
9.2210e-02 0.0000e+00
1.0760e-01 0.0000e+00
1.2750e-01 0.0000e+00
1.5290e-01 3.3259e-11
1.8320e-01 6.6132e-11
2.1960e-01 1.2570e-10
2.6220e-01 2.2974e-10
3.1070e-01 8.7954e-09
3.6160e-01 1.5465e-08
4.1420e-01 2.7398e-08
4.6670e-01 5.1234e-08
5.1850e-01 1.2449e-07
5.6810e-01 2.7083e-07
6.1570e-01 6.3233e-07
6.6170e-01 1.5953e-06
7.0710e-01 4.3949e-06
7.5150e-01 1.2816e-05
7.9630e-01 3.8516e-05
8.4220e-01 1.1500e-04
8.9050e-01 3.3432e-04
9.4170e-01 9.2491e-04
9.9700e-01 2.4345e-03
1.6200e+00 9.6998e+00
1.6640e+00 8.9541e+00
1.7160e+00 8.2932e+00
1.7750e+00 7.7146e+00
1.8430e+00 7.2274e+00
1.9220e+00 6.8579e+00
2.0110e+00 6.6269e+00
2.1110e+00 6.5925e+00
2.2240e+00 6.8129e+00
2.3480e+00 7.3435e+00
2.4860e+00 8.2541e+00
2.6310e+00 9.4923e+00
2.7960e+00 1.1315e+01
2.9760e+00 1.3640e+01
3.1710e+00 1.6450e+01
3.3810e+00 1.9650e+01
3.6030e+00 2.3182e+01
3.8370e+00 2.6852e+01
4.0780e+00 3.0489e+01
4.3240e+00 3.3973e+01
4.5710e+00 3.7075e+01
4.8180e+00 3.9731e+01
5.0610e+00 4.1753e+01
5.3000e+00 4.3162e+01
5.5350e+00 4.3918e+01
5.7660e+00 4.4083e+01
5.9930e+00 4.3708e+01
6.2180e+00 4.2883e+01
6.4410e+00 4.1623e+01
6.6650e+00 4.0120e+01
6.8890e+00 3.8354e+01
7.1160e+00 3.6460e+01
7.3470e+00 3.4476e+01
7.5840e+00 3.2456e+01
7.8300e+00 3.0426e+01
8.0850e+00 2.8438e+01
8.3540e+00 2.6501e+01
8.6390e+00 2.4632e+01
8.9430e+00 2.2845e+01
9.2710e+00 2.1140e+01
9.6260e+00 1.9513e+01
1.0010e+01 1.7970e+01
1.0440e+01 1.6497e+01
1.0920e+01 1.5113e+01
1.1440e+01 1.3806e+01
1.2030e+01 1.2565e+01
1.2690e+01 1.1404e+01
1.3440e+01 1.0318e+01
1.4290e+01 9.3024e+00
1.5260e+01 8.3573e+00
1.6360e+01 7.4894e+00
1.7630e+01 6.6896e+00
1.9070e+01 5.9589e+00
2.0730e+01 5.2976e+00
2.2630e+01 4.6989e+00
2.4800e+01 4.1610e+00
2.7300e+01 3.6816e+00
3.0170e+01 3.2517e+00
3.3460e+01 2.8728e+00
3.7250e+01 2.5360e+00
4.1640e+01 2.2377e+00
4.6720e+01 1.9738e+00
5.2660e+01 1.7401e+00
5.9650e+01 1.5316e+00
6.7940e+01 1.3464e+00
7.7840e+01 1.1812e+00
