5.1300e-02 7.0646e+06
5.1730e-02 6.9779e+06
5.2170e-02 6.8879e+06
5.2620e-02 6.8019e+06
5.3080e-02 6.7185e+06
5.3560e-02 6.6390e+06
5.4050e-02 6.5647e+06
5.4550e-02 6.4876e+06
5.5060e-02 6.4149e+06
5.5590e-02 6.3474e+06
5.6130e-02 6.2781e+06
5.6690e-02 6.2098e+06
5.7260e-02 6.1447e+06
5.7840e-02 6.0850e+06
5.8450e-02 6.0220e+06
5.9060e-02 5.9632e+06
5.9700e-02 5.9064e+06
6.0350e-02 5.8542e+06
6.1020e-02 5.8004e+06
6.1700e-02 5.7513e+06
6.2410e-02 5.7023e+06
6.3130e-02 5.6538e+06
6.3860e-02 5.6075e+06
6.4620e-02 5.5625e+06
6.5390e-02 5.5206e+06
6.6180e-02 5.4770e+06
6.6990e-02 5.4375e+06
6.7820e-02 5.3989e+06
6.8680e-02 5.3653e+06
6.9550e-02 5.3276e+06
7.0430e-02 5.2908e+06
7.1330e-02 5.2548e+06
7.2250e-02 5.2194e+06
7.3180e-02 5.1868e+06
7.4130e-02 5.1522e+06
7.5110e-02 5.1183e+06
7.6090e-02 5.0867e+06
7.7100e-02 5.0538e+06
7.8130e-02 5.0234e+06
7.9170e-02 4.9927e+06
8.0240e-02 4.9619e+06
8.1320e-02 4.9316e+06
8.2420e-02 4.9017e+06
8.3540e-02 4.8732e+06
8.4670e-02 4.8442e+06
8.5830e-02 4.8151e+06
8.7000e-02 4.7866e+06
8.8200e-02 4.7590e+06
8.9410e-02 4.7309e+06
9.0640e-02 4.7049e+06
9.1880e-02 4.6773e+06
9.3150e-02 4.6497e+06
9.4420e-02 4.6232e+06
9.5720e-02 4.5970e+06
9.7030e-02 4.5695e+06
9.8350e-02 4.5426e+06
9.9680e-02 4.5182e+06
1.0100e-01 4.4898e+06
1.0240e-01 4.4639e+06
1.0370e-01 4.4341e+06
1.0510e-01 4.4076e+06
1.0650e-01 4.3769e+06
1.0780e-01 4.3512e+06
1.0920e-01 4.3197e+06
1.1060e-01 4.2902e+06
1.1190e-01 4.2580e+06
1.1330e-01 4.2274e+06
1.1460e-01 4.1941e+06
1.1600e-01 4.1593e+06
1.1730e-01 4.1233e+06
1.1860e-01 4.0858e+06
1.1990e-01 4.0525e+06
1.2110e-01 4.0089e+06
1.2240e-01 3.9734e+06
1.2360e-01 3.9304e+06
1.2480e-01 3.8861e+06
1.2600e-01 3.8410e+06
1.2720e-01 3.7958e+06
1.2830e-01 3.7522e+06
1.2940e-01 3.7001e+06
1.3050e-01 3.6508e+06
1.3150e-01 3.6011e+06
1.3260e-01 3.5515e+06
1.3360e-01 3.4948e+06
1.3460e-01 3.4432e+06
1.3550e-01 3.3873e+06
1.3650e-01 3.3345e+06
1.3740e-01 3.2798e+06
1.3830e-01 3.2220e+06
1.3920e-01 3.1672e+06
1.4010e-01 3.1076e+06
1.4100e-01 3.0530e+06
1.4180e-01 2.9962e+06
1.4260e-01 2.9390e+06
1.4350e-01 2.8813e+06
1.4430e-01 2.8242e+06
1.4510e-01 2.7689e+06
1.4590e-01 2.7133e+06
1.4670e-01 2.6587e+06
1.4750e-01 2.6029e+06
1.4840e-01 2.5499e+06
1.4920e-01 2.4965e+06
1.5000e-01 2.4449e+06
1.5080e-01 2.3936e+06
1.5170e-01 2.3421e+06
1.5260e-01 2.2935e+06
1.5340e-01 2.2438e+06
1.5430e-01 2.1972e+06
1.5520e-01 2.1511e+06
1.5620e-01 2.1046e+06
1.5710e-01 2.0612e+06
1.5810e-01 2.0179e+06
1.5910e-01 1.9761e+06
1.6010e-01 1.9349e+06
1.6120e-01 1.8954e+06
1.6230e-01 1.8570e+06
1.6340e-01 1.8207e+06
1.6460e-01 1.7838e+06
1.6580e-01 1.7479e+06
1.6710e-01 1.7150e+06
1.6830e-01 1.6811e+06
1.6970e-01 1.6504e+06
1.7100e-01 1.6179e+06
1.7240e-01 1.5886e+06
1.7390e-01 1.5605e+06
1.7540e-01 1.5328e+06
1.7690e-01 1.5057e+06
1.7850e-01 1.4798e+06
1.8020e-01 1.4537e+06
1.8180e-01 1.4288e+06
1.8360e-01 1.4066e+06
1.8540e-01 1.3832e+06
1.8720e-01 1.3603e+06
1.8910e-01 1.3397e+06
1.9100e-01 1.3183e+06
1.9300e-01 1.2983e+06
1.9500e-01 1.2794e+06
1.9710e-01 1.2595e+06
1.9930e-01 1.2411e+06
2.0150e-01 1.2238e+06
2.0380e-01 1.2066e+06
2.0610e-01 1.1898e+06
2.0850e-01 1.1739e+06
2.1100e-01 1.1577e+06
2.1350e-01 1.1424e+06
2.1610e-01 1.1277e+06
2.1880e-01 1.1133e+06
2.2150e-01 1.0996e+06
2.2440e-01 1.0859e+06
2.2730e-01 1.0734e+06
2.3030e-01 1.0609e+06
2.3350e-01 1.0482e+06
2.3670e-01 1.0361e+06
2.4010e-01 1.0250e+06
2.4360e-01 1.0143e+06
2.4720e-01 1.0039e+06
2.5100e-01 9.9361e+05
2.5490e-01 9.8367e+05
2.5910e-01 9.7485e+05
2.6330e-01 9.6550e+05
2.6780e-01 9.5710e+05
2.7260e-01 9.4994e+05
2.7770e-01 9.4318e+05
2.8310e-01 9.3670e+05
2.8880e-01 9.3147e+05
2.9480e-01 9.2661e+05
3.0130e-01 9.2230e+05
3.0820e-01 9.1947e+05
3.1560e-01 9.1741e+05
3.2340e-01 9.1588e+05
3.3190e-01 9.1549e+05
3.4090e-01 9.1593e+05
3.5050e-01 9.1832e+05
3.6070e-01 9.2099e+05
3.7170e-01 9.2475e+05
3.8330e-01 9.3003e+05
3.9570e-01 9.3585e+05
4.0870e-01 9.4327e+05
4.2330e-01 9.5428e+05
4.3780e-01 9.6387e+05
4.5290e-01 9.7434e+05
4.6860e-01 9.8570e+05
4.8490e-01 9.9775e+05
5.0180e-01 1.0108e+06
5.1650e-01 1.0154e+06
5.3420e-01 1.0295e+06
5.5220e-01 1.0439e+06
5.7050e-01 1.0585e+06
5.8890e-01 1.0733e+06
6.0750e-01 1.0875e+06
6.2600e-01 1.1014e+06
6.4440e-01 1.1151e+06
6.6650e-01 1.1401e+06
6.8450e-01 1.1517e+06
7.0220e-01 1.1624e+06
7.1960e-01 1.1721e+06
7.3660e-01 1.1806e+06
7.5310e-01 1.1878e+06
7.6930e-01 1.1935e+06
7.8500e-01 1.1978e+06
8.0020e-01 1.2007e+06
8.1490e-01 1.2022e+06
8.2910e-01 1.2020e+06
8.4290e-01 1.2008e+06
8.5630e-01 1.1983e+06
8.6920e-01 1.1939e+06
8.8170e-01 1.1896e+06
8.9360e-01 1.1826e+06
9.0520e-01 1.1745e+06
9.1640e-01 1.1658e+06
9.2730e-01 1.1556e+06
9.3700e-01 1.1423e+06
9.4740e-01 1.1303e+06
9.5750e-01 1.1187e+06
9.6750e-01 1.1057e+06
9.7740e-01 1.0924e+06
9.8710e-01 1.0778e+06
9.9690e-01 1.0646e+06
1.0070e+00 1.0499e+06
1.0170e+00 1.0350e+06
1.0270e+00 1.0203e+06
1.0380e+00 1.0058e+06
1.0480e+00 9.9113e+05
1.0600e+00 9.7634e+05
1.0700e+00 9.5808e+05
1.0830e+00 9.4398e+05
1.0970e+00 9.3088e+05
1.1120e+00 9.1769e+05
1.1280e+00 9.0515e+05
1.1460e+00 8.9249e+05
1.1650e+00 8.8079e+05
1.1850e+00 8.6937e+05
1.2080e+00 8.5909e+05
1.2320e+00 8.4874e+05
1.2590e+00 8.3898e+05
1.2870e+00 8.2963e+05
1.3180e+00 8.2097e+05
1.3520e+00 8.1306e+05
1.3870e+00 8.0546e+05
1.4270e+00 8.0095e+05
1.4680e+00 7.9355e+05
1.5110e+00 7.8712e+05
1.5570e+00 7.8056e+05
1.6050e+00 7.7470e+05
1.6550e+00 7.6871e+05
1.7080e+00 7.6293e+05
1.7630e+00 7.5762e+05
1.8200e+00 7.5190e+05
1.8780e+00 7.4641e+05
1.9380e+00 7.4051e+05
2.0000e+00 7.3503e+05
2.0630e+00 7.2887e+05
2.1270e+00 7.2326e+05
2.1920e+00 7.1712e+05
2.2580e+00 7.1065e+05
2.3240e+00 7.0442e+05
2.3910e+00 6.9780e+05
2.4580e+00 6.9082e+05
2.5260e+00 6.8339e+05
2.5940e+00 6.7589e+05
2.6610e+00 6.6847e+05
2.7290e+00 6.6072e+05
2.7970e+00 6.5276e+05
2.8640e+00 6.4455e+05
2.9320e+00 6.3591e+05
3.0000e+00 6.2708e+05
3.0670e+00 6.1866e+05
3.1350e+00 6.1009e+05
3.2020e+00 6.0106e+05
3.2700e+00 5.9252e+05
3.3370e+00 5.8337e+05
3.4050e+00 5.7441e+05
3.4730e+00 5.6555e+05
3.5420e+00 5.5643e+05
3.6100e+00 5.4749e+05
3.6800e+00 5.3867e+05
3.7490e+00 5.2972e+05
3.8200e+00 5.2096e+05
3.8910e+00 5.1230e+05
3.9630e+00 5.0387e+05
4.0360e+00 4.9551e+05
4.1100e+00 4.8722e+05
4.1860e+00 4.7913e+05
4.2630e+00 4.7083e+05
4.3410e+00 4.6279e+05
4.4210e+00 4.5501e+05
4.5020e+00 4.4749e+05
4.5850e+00 4.3988e+05
4.6700e+00 4.3226e+05
4.7580e+00 4.2523e+05
4.8470e+00 4.1817e+05
4.9390e+00 4.1141e+05
5.0330e+00 4.0467e+05
5.1300e+00 3.9797e+05
5.2300e+00 3.9159e+05
5.3330e+00 3.8502e+05
5.4380e+00 3.7908e+05
5.5470e+00 3.7319e+05
5.6590e+00 3.6694e+05
5.7750e+00 3.6128e+05
5.8940e+00 3.5601e+05
6.0160e+00 3.5043e+05
6.1430e+00 3.4518e+05
6.2730e+00 3.3997e+05
6.4080e+00 3.3488e+05
6.5460e+00 3.2983e+05
6.6890e+00 3.2496e+05
6.8360e+00 3.2029e+05
6.9880e+00 3.1567e+05
7.1440e+00 3.1114e+05
7.3050e+00 3.0669e+05
7.4710e+00 3.0220e+05
7.6420e+00 2.9778e+05
7.8170e+00 2.9352e+05
7.9970e+00 2.8954e+05
8.1830e+00 2.8543e+05
8.3740e+00 2.8121e+05
8.5710e+00 2.7731e+05
8.7730e+00 2.7348e+05
8.9810e+00 2.6940e+05
9.1940e+00 2.6549e+05
9.4130e+00 2.6160e+05
9.6380e+00 2.5793e+05
9.8690e+00 2.5416e+05
1.0110e+01 2.5040e+05
1.0350e+01 2.4679e+05
1.0600e+01 2.4314e+05
1.0850e+01 2.3954e+05
1.1120e+01 2.3591e+05
1.1390e+01 2.3228e+05
1.1660e+01 2.2882e+05
1.1940e+01 2.2515e+05
1.2230e+01 2.2165e+05
1.2530e+01 2.1820e+05
1.2840e+01 2.1467e+05
1.3150e+01 2.1116e+05
1.3470e+01 2.0772e+05
1.3800e+01 2.0428e+05
1.4140e+01 2.0095e+05
1.4480e+01 1.9752e+05
1.4840e+01 1.9415e+05
1.5210e+01 1.9081e+05
1.5580e+01 1.8739e+05
1.5970e+01 1.8416e+05
1.6360e+01 1.8087e+05
1.6760e+01 1.7751e+05
1.7180e+01 1.7432e+05
1.7610e+01 1.7106e+05
1.8050e+01 1.6786e+05
1.8500e+01 1.6473e+05
1.8970e+01 1.6153e+05
1.9440e+01 1.5846e+05
1.9930e+01 1.5530e+05
2.0440e+01 1.5230e+05
2.0960e+01 1.4922e+05
2.1500e+01 1.4624e+05
2.2050e+01 1.4315e+05
2.2610e+01 1.4028e+05
2.3200e+01 1.3737e+05
2.3800e+01 1.3441e+05
2.4420e+01 1.3154e+05
2.5060e+01 1.2877e+05
2.5730e+01 1.2597e+05
2.6410e+01 1.2326e+05
2.7110e+01 1.2057e+05
2.7840e+01 1.1788e+05
2.8590e+01 1.1520e+05
2.9360e+01 1.1259e+05
3.0160e+01 1.0997e+05
3.0990e+01 1.0747e+05
3.1840e+01 1.0497e+05
3.2730e+01 1.0247e+05
3.3640e+01 1.0009e+05
3.4590e+01 9.7674e+04
3.5570e+01 9.5323e+04
3.6580e+01 9.2962e+04
3.7630e+01 9.0673e+04
3.8720e+01 8.8454e+04
3.9840e+01 8.6219e+04
4.1010e+01 8.4041e+04
4.2230e+01 8.1858e+04
4.3480e+01 7.9769e+04
4.4790e+01 7.7680e+04
4.6140e+01 7.5638e+04
4.7550e+01 7.3639e+04
4.9010e+01 7.1675e+04
5.0540e+01 6.9717e+04
5.2120e+01 6.7814e+04
5.3770e+01 6.5941e+04
5.5480e+01 6.4073e+04
5.7270e+01 6.2279e+04
5.9130e+01 6.0487e+04
6.1080e+01 5.8724e+04
6.3100e+01 5.7006e+04
6.5220e+01 5.5312e+04
6.7440e+01 5.3639e+04
6.9750e+01 5.2028e+04
7.2180e+01 5.0407e+04
7.4710e+01 4.8823e+04
7.7370e+01 4.7250e+04
