5.1300e-02 2.8522e+06
5.1730e-02 2.8201e+06
5.2170e-02 2.7856e+06
5.2620e-02 2.7534e+06
5.3080e-02 2.7216e+06
5.3560e-02 2.6920e+06
5.4050e-02 2.6635e+06
5.4550e-02 2.6355e+06
5.5060e-02 2.6088e+06
5.5590e-02 2.5832e+06
5.6130e-02 2.5574e+06
5.6690e-02 2.5321e+06
5.7260e-02 2.5085e+06
5.7840e-02 2.4873e+06
5.8450e-02 2.4641e+06
5.9060e-02 2.4428e+06
5.9700e-02 2.4223e+06
6.0350e-02 2.4033e+06
6.1020e-02 2.3841e+06
6.1700e-02 2.3664e+06
6.2410e-02 2.3500e+06
6.3130e-02 2.3327e+06
6.3860e-02 2.3166e+06
6.4620e-02 2.3011e+06
6.5390e-02 2.2861e+06
6.6180e-02 2.2715e+06
6.6990e-02 2.2576e+06
6.7820e-02 2.2450e+06
6.8680e-02 2.2343e+06
6.9550e-02 2.2215e+06
7.0430e-02 2.2093e+06
7.1330e-02 2.1971e+06
7.2250e-02 2.1858e+06
7.3180e-02 2.1753e+06
7.4130e-02 2.1636e+06
7.5110e-02 2.1528e+06
7.6090e-02 2.1424e+06
7.7100e-02 2.1317e+06
7.8130e-02 2.1219e+06
7.9170e-02 2.1121e+06
8.0240e-02 2.1021e+06
8.1320e-02 2.0926e+06
8.2420e-02 2.0832e+06
8.3540e-02 2.0746e+06
8.4670e-02 2.0649e+06
8.5830e-02 2.0560e+06
8.7000e-02 2.0469e+06
8.8200e-02 2.0380e+06
8.9410e-02 2.0298e+06
9.0640e-02 2.0216e+06
9.1880e-02 2.0130e+06
9.3150e-02 2.0043e+06
9.4420e-02 1.9955e+06
9.5720e-02 1.9873e+06
9.7030e-02 1.9788e+06
9.8350e-02 1.9709e+06
9.9680e-02 1.9621e+06
1.0100e-01 1.9537e+06
1.0240e-01 1.9445e+06
1.0370e-01 1.9356e+06
1.0510e-01 1.9263e+06
1.0650e-01 1.9168e+06
1.0780e-01 1.9077e+06
1.0920e-01 1.8976e+06
1.1060e-01 1.8866e+06
1.1190e-01 1.8756e+06
1.1330e-01 1.8640e+06
1.1460e-01 1.8523e+06
1.1600e-01 1.8394e+06
1.1730e-01 1.8260e+06
1.1860e-01 1.8111e+06
1.1990e-01 1.7984e+06
1.2110e-01 1.7818e+06
1.2240e-01 1.7670e+06
1.2360e-01 1.7499e+06
1.2480e-01 1.7331e+06
1.2600e-01 1.7142e+06
1.2720e-01 1.6963e+06
1.2830e-01 1.6775e+06
1.2940e-01 1.6567e+06
1.3050e-01 1.6359e+06
1.3150e-01 1.6154e+06
1.3260e-01 1.5936e+06
1.3360e-01 1.5703e+06
1.3460e-01 1.5481e+06
1.3550e-01 1.5248e+06
1.3650e-01 1.5012e+06
1.3740e-01 1.4779e+06
1.3830e-01 1.4536e+06
1.3920e-01 1.4295e+06
1.4010e-01 1.4041e+06
1.4100e-01 1.3797e+06
1.4180e-01 1.3552e+06
1.4260e-01 1.3303e+06
1.4350e-01 1.3049e+06
1.4430e-01 1.2808e+06
1.4510e-01 1.2564e+06
1.4590e-01 1.2316e+06
1.4670e-01 1.2083e+06
1.4750e-01 1.1835e+06
1.4840e-01 1.1600e+06
1.4920e-01 1.1370e+06
1.5000e-01 1.1141e+06
1.5080e-01 1.0914e+06
1.5170e-01 1.0694e+06
1.5260e-01 1.0480e+06
1.5340e-01 1.0260e+06
1.5430e-01 1.0058e+06
1.5520e-01 9.8504e+05
1.5620e-01 9.6495e+05
1.5710e-01 9.4624e+05
1.5810e-01 9.2718e+05
1.5910e-01 9.0889e+05
1.6010e-01 8.9104e+05
1.6120e-01 8.7353e+05
1.6230e-01 8.5660e+05
1.6340e-01 8.4084e+05
1.6460e-01 8.2489e+05
1.6580e-01 8.0953e+05
1.6710e-01 7.9527e+05
1.6830e-01 7.8062e+05
1.6970e-01 7.6715e+05
1.7100e-01 7.5342e+05
1.7240e-01 7.4087e+05
1.7390e-01 7.2858e+05
1.7540e-01 7.1677e+05
1.7690e-01 7.0528e+05
1.7850e-01 6.9412e+05
1.8020e-01 6.8328e+05
1.8180e-01 6.7278e+05
1.8360e-01 6.6322e+05
1.8540e-01 6.5331e+05
1.8720e-01 6.4384e+05
1.8910e-01 6.3508e+05
1.9100e-01 6.2610e+05
1.9300e-01 6.1793e+05
1.9500e-01 6.1006e+05
1.9710e-01 6.0180e+05
1.9930e-01 5.9438e+05
2.0150e-01 5.8729e+05
2.0380e-01 5.8029e+05
2.0610e-01 5.7342e+05
2.0850e-01 5.6706e+05
2.1100e-01 5.6081e+05
2.1350e-01 5.5465e+05
2.1610e-01 5.4871e+05
2.1880e-01 5.4340e+05
2.2150e-01 5.3787e+05
2.2440e-01 5.3253e+05
2.2730e-01 5.2793e+05
2.3030e-01 5.2307e+05
2.3350e-01 5.1805e+05
2.3670e-01 5.1373e+05
2.4010e-01 5.1006e+05
2.4360e-01 5.0626e+05
2.4720e-01 5.0237e+05
2.5100e-01 4.9931e+05
2.5490e-01 4.9572e+05
2.5910e-01 4.9323e+05
2.6330e-01 4.9040e+05
2.6780e-01 4.8797e+05
2.7260e-01 4.8627e+05
2.7770e-01 4.8469e+05
2.8310e-01 4.8391e+05
2.8880e-01 4.8313e+05
2.9480e-01 4.8298e+05
3.0130e-01 4.8353e+05
3.0820e-01 4.8457e+05
3.1560e-01 4.8623e+05
3.2340e-01 4.8806e+05
3.3190e-01 4.9085e+05
3.4090e-01 4.9428e+05
3.5050e-01 4.9860e+05
3.6070e-01 5.0327e+05
3.7170e-01 5.0883e+05
3.8330e-01 5.1508e+05
3.9570e-01 5.2179e+05
4.0870e-01 5.2952e+05
4.2330e-01 5.3959e+05
4.3780e-01 5.4855e+05
4.5290e-01 5.5811e+05
4.6860e-01 5.6833e+05
4.8490e-01 5.7868e+05
5.0180e-01 5.8962e+05
5.1650e-01 5.9514e+05
5.3420e-01 6.0673e+05
5.5220e-01 6.1824e+05
5.7050e-01 6.2984e+05
5.8890e-01 6.4143e+05
6.0750e-01 6.5265e+05
6.2600e-01 6.6326e+05
6.4440e-01 6.7366e+05
6.6650e-01 6.9116e+05
6.8450e-01 7.0024e+05
7.0220e-01 7.0835e+05
7.1960e-01 7.1548e+05
7.3660e-01 7.2195e+05
7.5310e-01 7.2735e+05
7.6930e-01 7.3168e+05
7.8500e-01 7.3495e+05
8.0020e-01 7.3716e+05
8.1490e-01 7.3832e+05
8.2910e-01 7.3843e+05
8.4290e-01 7.3754e+05
8.5630e-01 7.3598e+05
8.6920e-01 7.3302e+05
8.8170e-01 7.2999e+05
8.9360e-01 7.2512e+05
9.0520e-01 7.1949e+05
9.1640e-01 7.1325e+05
9.2730e-01 7.0617e+05
9.3700e-01 6.9672e+05
9.4740e-01 6.8824e+05
9.5750e-01 6.8004e+05
9.6750e-01 6.7069e+05
9.7740e-01 6.6127e+05
9.8710e-01 6.5098e+05
9.9690e-01 6.4126e+05
1.0070e+00 6.3075e+05
1.0170e+00 6.2000e+05
1.0270e+00 6.0911e+05
1.0380e+00 5.9860e+05
1.0480e+00 5.8760e+05
1.0600e+00 5.7662e+05
1.0700e+00 5.6359e+05
1.0830e+00 5.5283e+05
1.0970e+00 5.4267e+05
1.1120e+00 5.3235e+05
1.1280e+00 5.2243e+05
1.1460e+00 5.1235e+05
1.1650e+00 5.0276e+05
1.1850e+00 4.9335e+05
1.2080e+00 4.8453e+05
1.2320e+00 4.7562e+05
1.2590e+00 4.6716e+05
1.2870e+00 4.5894e+05
1.3180e+00 4.5106e+05
1.3520e+00 4.4372e+05
1.3870e+00 4.3652e+05
1.4270e+00 4.3114e+05
1.4680e+00 4.2426e+05
1.5110e+00 4.1798e+05
1.5570e+00 4.1189e+05
1.6050e+00 4.0616e+05
1.6550e+00 4.0061e+05
1.7080e+00 3.9524e+05
1.7630e+00 3.9038e+05
1.8200e+00 3.8542e+05
1.8780e+00 3.8078e+05
1.9380e+00 3.7605e+05
2.0000e+00 3.7177e+05
2.0630e+00 3.6733e+05
2.1270e+00 3.6332e+05
2.1920e+00 3.5911e+05
2.2580e+00 3.5519e+05
2.3240e+00 3.5116e+05
2.3910e+00 3.4736e+05
2.4580e+00 3.4341e+05
2.5260e+00 3.3961e+05
2.5940e+00 3.3579e+05
2.6610e+00 3.3196e+05
2.7290e+00 3.2808e+05
2.7970e+00 3.2437e+05
2.8640e+00 3.2059e+05
2.9320e+00 3.1678e+05
3.0000e+00 3.1292e+05
3.0670e+00 3.0928e+05
3.1350e+00 3.0549e+05
3.2020e+00 3.0179e+05
3.2700e+00 2.9824e+05
3.3370e+00 2.9464e+05
3.4050e+00 2.9090e+05
3.4730e+00 2.8744e+05
3.5420e+00 2.8402e+05
3.6100e+00 2.8051e+05
3.6800e+00 2.7721e+05
3.7490e+00 2.7383e+05
3.8200e+00 2.7058e+05
3.8910e+00 2.6735e+05
3.9630e+00 2.6422e+05
4.0360e+00 2.6134e+05
4.1100e+00 2.5827e+05
4.1860e+00 2.5550e+05
4.2630e+00 2.5262e+05
4.3410e+00 2.4987e+05
4.4210e+00 2.4729e+05
4.5020e+00 2.4481e+05
4.5850e+00 2.4231e+05
4.6700e+00 2.3992e+05
4.7580e+00 2.3773e+05
4.8470e+00 2.3551e+05
4.9390e+00 2.3362e+05
5.0330e+00 2.3160e+05
5.1300e+00 2.2960e+05
5.2300e+00 2.2775e+05
5.3330e+00 2.2598e+05
5.4380e+00 2.2441e+05
5.5470e+00 2.2286e+05
5.6590e+00 2.2124e+05
5.7750e+00 2.1984e+05
5.8940e+00 2.1864e+05
6.0160e+00 2.1728e+05
6.1430e+00 2.1609e+05
6.2730e+00 2.1506e+05
6.4080e+00 2.1396e+05
6.5460e+00 2.1281e+05
6.6890e+00 2.1192e+05
6.8360e+00 2.1108e+05
6.9880e+00 2.1018e+05
7.1440e+00 2.0926e+05
7.3050e+00 2.0850e+05
7.4710e+00 2.0763e+05
7.6420e+00 2.0686e+05
7.8170e+00 2.0615e+05
7.9970e+00 2.0556e+05
8.1830e+00 2.0480e+05
8.3740e+00 2.0417e+05
8.5710e+00 2.0339e+05
8.7730e+00 2.0276e+05
8.9810e+00 2.0197e+05
9.1940e+00 2.0126e+05
9.4130e+00 2.0061e+05
9.6380e+00 1.9988e+05
9.8690e+00 1.9915e+05
1.0110e+01 1.9849e+05
1.0350e+01 1.9772e+05
1.0600e+01 1.9699e+05
1.0850e+01 1.9607e+05
1.1120e+01 1.9529e+05
1.1390e+01 1.9444e+05
1.1660e+01 1.9353e+05
1.1940e+01 1.9273e+05
1.2230e+01 1.9174e+05
1.2530e+01 1.9085e+05
1.2840e+01 1.8978e+05
1.3150e+01 1.8879e+05
1.3470e+01 1.8777e+05
1.3800e+01 1.8668e+05
1.4140e+01 1.8560e+05
1.4480e+01 1.8446e+05
1.4840e+01 1.8340e+05
1.5210e+01 1.8219e+05
1.5580e+01 1.8102e+05
1.5970e+01 1.7976e+05
1.6360e+01 1.7856e+05
1.6760e+01 1.7731e+05
1.7180e+01 1.7606e+05
1.7610e+01 1.7475e+05
1.8050e+01 1.7342e+05
1.8500e+01 1.7209e+05
1.8970e+01 1.7079e+05
1.9440e+01 1.6947e+05
1.9930e+01 1.6804e+05
2.0440e+01 1.6672e+05
2.0960e+01 1.6533e+05
2.1500e+01 1.6395e+05
2.2050e+01 1.6247e+05
2.2610e+01 1.6116e+05
2.3200e+01 1.5980e+05
2.3800e+01 1.5831e+05
2.4420e+01 1.5692e+05
2.5060e+01 1.5550e+05
2.5730e+01 1.5411e+05
2.6410e+01 1.5276e+05
2.7110e+01 1.5142e+05
2.7840e+01 1.5001e+05
2.8590e+01 1.4860e+05
2.9360e+01 1.4722e+05
3.0160e+01 1.4581e+05
3.0990e+01 1.4452e+05
3.1840e+01 1.4319e+05
3.2730e+01 1.4181e+05
3.3640e+01 1.4054e+05
3.4590e+01 1.3920e+05
3.5570e+01 1.3787e+05
3.6580e+01 1.3658e+05
3.7630e+01 1.3530e+05
3.8720e+01 1.3404e+05
3.9840e+01 1.3281e+05
4.1010e+01 1.3157e+05
4.2230e+01 1.3032e+05
4.3480e+01 1.2917e+05
4.4790e+01 1.2793e+05
4.6140e+01 1.2676e+05
4.7550e+01 1.2562e+05
4.9010e+01 1.2445e+05
5.0540e+01 1.2331e+05
5.2120e+01 1.2218e+05
5.3770e+01 1.2109e+05
5.5480e+01 1.1996e+05
5.7270e+01 1.1886e+05
5.9130e+01 1.1780e+05
6.1080e+01 1.1669e+05
6.3100e+01 1.1557e+05
6.5220e+01 1.1452e+05
6.7440e+01 1.1342e+05
6.9750e+01 1.1238e+05
7.2180e+01 1.1129e+05
7.4710e+01 1.1019e+05
7.7370e+01 1.0911e+05
