5.1300e-02 2.2219e+03
5.1730e-02 2.1869e+03
5.2170e-02 2.1515e+03
5.2620e-02 2.1174e+03
5.3080e-02 2.0839e+03
5.3560e-02 2.0517e+03
5.4050e-02 2.0207e+03
5.4550e-02 1.9889e+03
5.5060e-02 1.9594e+03
5.5590e-02 1.9312e+03
5.6130e-02 1.9025e+03
5.6690e-02 1.8738e+03
5.7260e-02 1.8460e+03
5.7840e-02 1.8206e+03
5.8450e-02 1.7933e+03
5.9060e-02 1.7679e+03
5.9700e-02 1.7429e+03
6.0350e-02 1.7202e+03
6.1020e-02 1.6957e+03
6.1700e-02 1.6735e+03
6.2410e-02 1.6514e+03
6.3130e-02 1.6291e+03
6.3860e-02 1.6074e+03
6.4620e-02 1.5869e+03
6.5390e-02 1.5670e+03
6.6180e-02 1.5467e+03
6.6990e-02 1.5273e+03
6.7820e-02 1.5082e+03
6.8680e-02 1.4910e+03
6.9550e-02 1.4727e+03
7.0430e-02 1.4547e+03
7.1330e-02 1.4367e+03
7.2250e-02 1.4192e+03
7.3180e-02 1.4028e+03
7.4130e-02 1.3854e+03
7.5110e-02 1.3688e+03
7.6090e-02 1.3527e+03
7.7100e-02 1.3364e+03
7.8130e-02 1.3213e+03
7.9170e-02 1.3055e+03
8.0240e-02 1.2903e+03
8.1320e-02 1.2753e+03
8.2420e-02 1.2598e+03
8.3540e-02 1.2459e+03
8.4670e-02 1.2312e+03
8.5830e-02 1.2166e+03
8.7000e-02 1.2028e+03
8.8200e-02 1.1886e+03
8.9410e-02 1.1751e+03
9.0640e-02 1.1619e+03
9.1880e-02 1.1485e+03
9.3150e-02 1.1355e+03
9.4420e-02 1.1224e+03
9.5720e-02 1.1100e+03
9.7030e-02 1.0971e+03
9.8350e-02 1.0850e+03
9.9680e-02 1.0727e+03
1.0100e-01 1.0602e+03
1.0240e-01 1.0481e+03
1.0370e-01 1.0361e+03
1.0510e-01 1.0241e+03
1.0650e-01 1.0123e+03
1.0780e-01 1.0006e+03
1.0920e-01 9.8899e+02
1.1060e-01 9.7714e+02
1.1190e-01 9.6534e+02
1.1330e-01 9.5361e+02
1.1460e-01 9.4188e+02
1.1600e-01 9.2996e+02
1.1730e-01 9.1762e+02
1.1860e-01 9.0540e+02
1.1990e-01 8.9396e+02
1.2110e-01 8.8109e+02
1.2240e-01 8.6946e+02
1.2360e-01 8.5668e+02
1.2480e-01 8.4438e+02
1.2600e-01 8.3140e+02
1.2720e-01 8.1913e+02
1.2830e-01 8.0645e+02
1.2940e-01 7.9296e+02
1.3050e-01 7.7986e+02
1.3150e-01 7.6707e+02
1.3260e-01 7.5387e+02
1.3360e-01 7.4008e+02
1.3460e-01 7.2692e+02
1.3550e-01 7.1347e+02
1.3650e-01 7.0024e+02
1.3740e-01 6.8698e+02
1.3830e-01 6.7360e+02
1.3920e-01 6.6022e+02
1.4010e-01 6.4660e+02
1.4100e-01 6.3345e+02
1.4180e-01 6.2035e+02
1.4260e-01 6.0721e+02
1.4350e-01 5.9405e+02
1.4430e-01 5.8127e+02
1.4510e-01 5.6851e+02
1.4590e-01 5.5596e+02
1.4670e-01 5.4384e+02
1.4750e-01 5.3118e+02
1.4840e-01 5.1918e+02
1.4920e-01 5.0746e+02
1.5000e-01 4.9583e+02
1.5080e-01 4.8449e+02
1.5170e-01 4.7330e+02
1.5260e-01 4.6244e+02
1.5340e-01 4.5142e+02
1.5430e-01 4.4122e+02
1.5520e-01 4.3089e+02
1.5620e-01 4.2066e+02
1.5710e-01 4.1123e+02
1.5810e-01 4.0161e+02
1.5910e-01 3.9247e+02
1.6010e-01 3.8336e+02
1.6120e-01 3.7453e+02
1.6230e-01 3.6598e+02
1.6340e-01 3.5800e+02
1.6460e-01 3.4993e+02
1.6580e-01 3.4212e+02
1.6710e-01 3.3472e+02
1.6830e-01 3.2728e+02
1.6970e-01 3.2032e+02
1.7100e-01 3.1325e+02
1.7240e-01 3.0675e+02
1.7390e-01 3.0035e+02
1.7540e-01 2.9415e+02
1.7690e-01 2.8804e+02
1.7850e-01 2.8222e+02
1.8020e-01 2.7645e+02
1.8180e-01 2.7091e+02
1.8360e-01 2.6582e+02
1.8540e-01 2.6048e+02
1.8720e-01 2.5538e+02
1.8910e-01 2.5066e+02
1.9100e-01 2.4583e+02
1.9300e-01 2.4131e+02
1.9500e-01 2.3697e+02
1.9710e-01 2.3250e+02
1.9930e-01 2.2840e+02
2.0150e-01 2.2441e+02
2.0380e-01 2.2047e+02
2.0610e-01 2.1660e+02
2.0850e-01 2.1295e+02
2.1100e-01 2.0932e+02
2.1350e-01 2.0578e+02
2.1610e-01 2.0243e+02
2.1880e-01 1.9918e+02
2.2150e-01 1.9595e+02
2.2440e-01 1.9284e+02
2.2730e-01 1.8993e+02
2.3030e-01 1.8697e+02
2.3350e-01 1.8406e+02
2.3670e-01 1.8133e+02
2.4010e-01 1.7877e+02
2.4360e-01 1.7621e+02
2.4720e-01 1.7372e+02
2.5100e-01 1.7131e+02
2.5490e-01 1.6896e+02
2.5910e-01 1.6676e+02
2.6330e-01 1.6458e+02
2.6780e-01 1.6249e+02
2.7260e-01 1.6065e+02
2.7770e-01 1.5881e+02
2.8310e-01 1.5712e+02
2.8880e-01 1.5552e+02
2.9480e-01 1.5405e+02
3.0130e-01 1.5268e+02
3.0820e-01 1.5151e+02
3.1560e-01 1.5048e+02
3.2340e-01 1.4953e+02
3.3190e-01 1.4872e+02
3.4090e-01 1.4806e+02
3.5050e-01 1.4761e+02
3.6070e-01 1.4725e+02
3.7170e-01 1.4706e+02
3.8330e-01 1.4704e+02
3.9570e-01 1.4713e+02
4.0870e-01 1.4739e+02
4.2330e-01 1.4814e+02
4.3780e-01 1.4872e+02
4.5290e-01 1.4937e+02
4.6860e-01 1.5015e+02
4.8490e-01 1.5101e+02
5.0180e-01 1.5198e+02
5.1650e-01 1.5185e+02
5.3420e-01 1.5296e+02
5.5220e-01 1.5412e+02
5.7050e-01 1.5527e+02
5.8890e-01 1.5647e+02
6.0750e-01 1.5758e+02
6.2600e-01 1.5861e+02
6.4440e-01 1.5961e+02
6.6650e-01 1.6268e+02
6.8450e-01 1.6343e+02
7.0220e-01 1.6407e+02
7.1960e-01 1.6453e+02
7.3660e-01 1.6488e+02
7.5310e-01 1.6506e+02
7.6930e-01 1.6505e+02
7.8500e-01 1.6488e+02
8.0020e-01 1.6453e+02
8.1490e-01 1.6400e+02
8.2910e-01 1.6329e+02
8.4290e-01 1.6243e+02
8.5630e-01 1.6142e+02
8.6920e-01 1.6023e+02
8.8170e-01 1.5906e+02
8.9360e-01 1.5758e+02
9.0520e-01 1.5597e+02
9.1640e-01 1.5433e+02
9.2730e-01 1.5254e+02
9.3700e-01 1.5044e+02
9.4740e-01 1.4856e+02
9.5750e-01 1.4685e+02
9.6750e-01 1.4507e+02
9.7740e-01 1.4343e+02
9.8710e-01 1.4177e+02
9.9690e-01 1.4053e+02
1.0070e+00 1.3937e+02
1.0170e+00 1.3851e+02
1.0270e+00 1.3804e+02
1.0380e+00 1.3809e+02
1.0480e+00 1.3864e+02
1.0600e+00 1.3976e+02
1.0700e+00 1.4111e+02
1.0830e+00 1.4370e+02
1.0970e+00 1.4749e+02
1.1120e+00 1.5210e+02
1.1280e+00 1.5783e+02
1.1460e+00 1.6465e+02
1.1650e+00 1.7284e+02
1.1850e+00 1.8233e+02
1.2080e+00 1.9333e+02
1.2320e+00 2.0567e+02
1.2590e+00 2.1950e+02
1.2870e+00 2.3470e+02
1.3180e+00 2.5136e+02
1.3520e+00 2.6956e+02
1.3870e+00 2.8897e+02
1.4270e+00 3.1090e+02
1.4680e+00 3.3255e+02
1.5110e+00 3.5541e+02
1.5570e+00 3.7891e+02
1.6050e+00 4.0327e+02
1.6550e+00 4.2799e+02
1.7080e+00 4.5293e+02
1.7630e+00 4.7826e+02
1.8200e+00 5.0323e+02
1.8780e+00 5.2810e+02
1.9380e+00 5.5210e+02
2.0000e+00 5.7590e+02
2.0630e+00 5.9856e+02
2.1270e+00 6.2059e+02
2.1920e+00 6.4120e+02
2.2580e+00 6.6099e+02
2.3240e+00 6.7879e+02
2.3910e+00 6.9587e+02
2.4580e+00 7.1151e+02
2.5260e+00 7.2565e+02
2.5940e+00 7.3809e+02
2.6610e+00 7.4853e+02
2.7290e+00 7.5771e+02
2.7970e+00 7.6592e+02
2.8640e+00 7.7248e+02
2.9320e+00 7.7734e+02
3.0000e+00 7.8074e+02
3.0670e+00 7.8295e+02
3.1350e+00 7.8391e+02
3.2020e+00 7.8385e+02
3.2700e+00 7.8247e+02
3.3370e+00 7.8044e+02
3.4050e+00 7.7624e+02
3.4730e+00 7.7196e+02
3.5420e+00 7.6713e+02
3.6100e+00 7.6078e+02
3.6800e+00 7.5406e+02
3.7490e+00 7.4649e+02
3.8200e+00 7.3819e+02
3.8910e+00 7.2946e+02
3.9630e+00 7.2014e+02
4.0360e+00 7.1058e+02
4.1100e+00 7.0016e+02
4.1860e+00 6.9010e+02
4.2630e+00 6.7899e+02
4.3410e+00 6.6755e+02
4.4210e+00 6.5615e+02
4.5020e+00 6.4450e+02
4.5850e+00 6.3244e+02
4.6700e+00 6.2025e+02
4.7580e+00 6.0823e+02
4.8470e+00 5.9597e+02
4.9390e+00 5.8406e+02
5.0330e+00 5.7133e+02
5.1300e+00 5.5852e+02
5.2300e+00 5.4604e+02
5.3330e+00 5.3355e+02
5.4380e+00 5.2120e+02
5.5470e+00 5.0859e+02
5.6590e+00 4.9603e+02
5.7750e+00 4.8362e+02
5.8940e+00 4.7146e+02
6.0160e+00 4.5910e+02
6.1430e+00 4.4693e+02
6.2730e+00 4.3530e+02
6.4080e+00 4.2332e+02
6.5460e+00 4.1138e+02
6.6890e+00 3.9970e+02
6.8360e+00 3.8826e+02
6.9880e+00 3.7693e+02
7.1440e+00 3.6571e+02
7.3050e+00 3.5463e+02
7.4710e+00 3.4373e+02
7.6420e+00 3.3297e+02
7.8170e+00 3.2240e+02
7.9970e+00 3.1218e+02
8.1830e+00 3.0204e+02
8.3740e+00 2.9201e+02
8.5710e+00 2.8236e+02
8.7730e+00 2.7282e+02
8.9810e+00 2.6340e+02
9.1940e+00 2.5404e+02
9.4130e+00 2.4507e+02
9.6380e+00 2.3649e+02
9.8690e+00 2.2801e+02
1.0110e+01 2.1958e+02
1.0350e+01 2.1161e+02
1.0600e+01 2.0366e+02
1.0850e+01 1.9593e+02
1.1120e+01 1.8859e+02
1.1390e+01 1.8129e+02
1.1660e+01 1.7418e+02
1.1940e+01 1.6741e+02
1.2230e+01 1.6069e+02
1.2530e+01 1.5429e+02
1.2840e+01 1.4807e+02
1.3150e+01 1.4213e+02
1.3470e+01 1.3625e+02
1.3800e+01 1.3063e+02
1.4140e+01 1.2520e+02
1.4480e+01 1.2002e+02
1.4840e+01 1.1488e+02
1.5210e+01 1.1010e+02
1.5580e+01 1.0533e+02
1.5970e+01 1.0082e+02
1.6360e+01 9.6475e+01
1.6760e+01 9.2287e+01
1.7180e+01 8.8269e+01
1.7610e+01 8.4397e+01
1.8050e+01 8.0687e+01
1.8500e+01 7.7121e+01
1.8970e+01 7.3695e+01
1.9440e+01 7.0440e+01
1.9930e+01 6.7258e+01
2.0440e+01 6.4281e+01
2.0960e+01 6.1389e+01
2.1500e+01 5.8624e+01
2.2050e+01 5.5951e+01
2.2610e+01 5.3444e+01
2.3200e+01 5.1016e+01
2.3800e+01 4.8688e+01
2.4420e+01 4.6464e+01
2.5060e+01 4.4361e+01
2.5730e+01 4.2345e+01
2.6410e+01 4.0420e+01
2.7110e+01 3.8579e+01
2.7840e+01 3.6815e+01
2.8590e+01 3.5126e+01
2.9360e+01 3.3532e+01
3.0160e+01 3.1985e+01
3.0990e+01 3.0533e+01
3.1840e+01 2.9148e+01
3.2730e+01 2.7805e+01
3.3640e+01 2.6547e+01
3.4590e+01 2.5334e+01
3.5570e+01 2.4183e+01
3.6580e+01 2.3082e+01
3.7630e+01 2.2030e+01
3.8720e+01 2.1035e+01
3.9840e+01 2.0082e+01
4.1010e+01 1.9175e+01
4.2230e+01 1.8308e+01
4.3480e+01 1.7491e+01
4.4790e+01 1.6698e+01
4.6140e+01 1.5952e+01
4.7550e+01 1.5237e+01
4.9010e+01 1.4554e+01
5.0540e+01 1.3905e+01
5.2120e+01 1.3285e+01
5.3770e+01 1.2698e+01
5.5480e+01 1.2129e+01
5.7270e+01 1.1594e+01
5.9130e+01 1.1082e+01
6.1080e+01 1.0587e+01
6.3100e+01 1.0118e+01
6.5220e+01 9.6742e+00
6.7440e+01 9.2468e+00
6.9750e+01 8.8391e+00
7.2180e+01 8.4480e+00
7.4710e+01 8.0746e+00
7.7370e+01 7.7163e+00
