5.1300e-02 1.5350e+06
5.1730e-02 1.5114e+06
5.2170e-02 1.4867e+06
5.2620e-02 1.4628e+06
5.3080e-02 1.4395e+06
5.3560e-02 1.4181e+06
5.4050e-02 1.3965e+06
5.4550e-02 1.3742e+06
5.5060e-02 1.3540e+06
5.5590e-02 1.3346e+06
5.6130e-02 1.3148e+06
5.6690e-02 1.2950e+06
5.7260e-02 1.2759e+06
5.7840e-02 1.2578e+06
5.8450e-02 1.2399e+06
5.9060e-02 1.2218e+06
5.9700e-02 1.2049e+06
6.0350e-02 1.1890e+06
6.1020e-02 1.1724e+06
6.1700e-02 1.1568e+06
6.2410e-02 1.1413e+06
6.3130e-02 1.1256e+06
6.3860e-02 1.1112e+06
6.4620e-02 1.0970e+06
6.5390e-02 1.0825e+06
6.6180e-02 1.0685e+06
6.6990e-02 1.0558e+06
6.7820e-02 1.0427e+06
6.8680e-02 1.0302e+06
6.9550e-02 1.0178e+06
7.0430e-02 1.0050e+06
7.1330e-02 9.9275e+05
7.2250e-02 9.8085e+05
7.3180e-02 9.6931e+05
7.4130e-02 9.5748e+05
7.5110e-02 9.4574e+05
7.6090e-02 9.3502e+05
7.7100e-02 9.2354e+05
7.8130e-02 9.1307e+05
7.9170e-02 9.0254e+05
8.0240e-02 8.9139e+05
8.1320e-02 8.8099e+05
8.2420e-02 8.7066e+05
8.3540e-02 8.6066e+05
8.4670e-02 8.5101e+05
8.5830e-02 8.4089e+05
8.7000e-02 8.3097e+05
8.8200e-02 8.2165e+05
8.9410e-02 8.1239e+05
9.0640e-02 8.0292e+05
9.1880e-02 7.9376e+05
9.3150e-02 7.8460e+05
9.4420e-02 7.7564e+05
9.5720e-02 7.6690e+05
9.7030e-02 7.5809e+05
9.8350e-02 7.4998e+05
9.9680e-02 7.4128e+05
1.0100e-01 7.3278e+05
1.0240e-01 7.2418e+05
1.0370e-01 7.1612e+05
1.0510e-01 7.0770e+05
1.0650e-01 6.9938e+05
1.0780e-01 6.9175e+05
1.0920e-01 6.8355e+05
1.1060e-01 6.7520e+05
1.1190e-01 6.6713e+05
1.1330e-01 6.5888e+05
1.1460e-01 6.5086e+05
1.1600e-01 6.4270e+05
1.1730e-01 6.3416e+05
1.1860e-01 6.2580e+05
1.1990e-01 6.1787e+05
1.2110e-01 6.0895e+05
1.2240e-01 6.0090e+05
1.2360e-01 5.9196e+05
1.2480e-01 5.8365e+05
1.2600e-01 5.7457e+05
1.2720e-01 5.6599e+05
1.2830e-01 5.5731e+05
1.2940e-01 5.4800e+05
1.3050e-01 5.3903e+05
1.3150e-01 5.3020e+05
1.3260e-01 5.2082e+05
1.3360e-01 5.1146e+05
1.3460e-01 5.0230e+05
1.3550e-01 4.9318e+05
1.3650e-01 4.8396e+05
1.3740e-01 4.7466e+05
1.3830e-01 4.6550e+05
1.3920e-01 4.5628e+05
1.4010e-01 4.4674e+05
1.4100e-01 4.3767e+05
1.4180e-01 4.2864e+05
1.4260e-01 4.1958e+05
1.4350e-01 4.1050e+05
1.4430e-01 4.0163e+05
1.4510e-01 3.9295e+05
1.4590e-01 3.8412e+05
1.4670e-01 3.7588e+05
1.4750e-01 3.6710e+05
1.4840e-01 3.5876e+05
1.4920e-01 3.5079e+05
1.5000e-01 3.4272e+05
1.5080e-01 3.3474e+05
1.5170e-01 3.2713e+05
1.5260e-01 3.1959e+05
1.5340e-01 3.1208e+05
1.5430e-01 3.0490e+05
1.5520e-01 2.9778e+05
1.5620e-01 2.9081e+05
1.5710e-01 2.8418e+05
1.5810e-01 2.7754e+05
1.5910e-01 2.7127e+05
1.6010e-01 2.6498e+05
1.6120e-01 2.5881e+05
1.6230e-01 2.5294e+05
1.6340e-01 2.4740e+05
1.6460e-01 2.4179e+05
1.6580e-01 2.3636e+05
1.6710e-01 2.3132e+05
1.6830e-01 2.2618e+05
1.6970e-01 2.2138e+05
1.7100e-01 2.1649e+05
1.7240e-01 2.1193e+05
1.7390e-01 2.0754e+05
1.7540e-01 2.0323e+05
1.7690e-01 1.9911e+05
1.7850e-01 1.9501e+05
1.8020e-01 1.9107e+05
1.8180e-01 1.8724e+05
1.8360e-01 1.8366e+05
1.8540e-01 1.8005e+05
1.8720e-01 1.7653e+05
1.8910e-01 1.7324e+05
1.9100e-01 1.6988e+05
1.9300e-01 1.6678e+05
1.9500e-01 1.6378e+05
1.9710e-01 1.6068e+05
1.9930e-01 1.5786e+05
2.0150e-01 1.5505e+05
2.0380e-01 1.5240e+05
2.0610e-01 1.4970e+05
2.0850e-01 1.4720e+05
2.1100e-01 1.4468e+05
2.1350e-01 1.4222e+05
2.1610e-01 1.3991e+05
2.1880e-01 1.3767e+05
2.2150e-01 1.3541e+05
2.2440e-01 1.3328e+05
2.2730e-01 1.3125e+05
2.3030e-01 1.2925e+05
2.3350e-01 1.2723e+05
2.3670e-01 1.2532e+05
2.4010e-01 1.2353e+05
2.4360e-01 1.2175e+05
2.4720e-01 1.2007e+05
2.5100e-01 1.1837e+05
2.5490e-01 1.1677e+05
2.5910e-01 1.1528e+05
2.6330e-01 1.1373e+05
2.6780e-01 1.1231e+05
2.7260e-01 1.1100e+05
2.7770e-01 1.0975e+05
2.8310e-01 1.0858e+05
2.8880e-01 1.0749e+05
2.9480e-01 1.0645e+05
3.0130e-01 1.0552e+05
3.0820e-01 1.0473e+05
3.1560e-01 1.0400e+05
3.2340e-01 1.0334e+05
3.3190e-01 1.0279e+05
3.4090e-01 1.0233e+05
3.5050e-01 1.0203e+05
3.6070e-01 1.0178e+05
3.7170e-01 1.0162e+05
3.8330e-01 1.0160e+05
3.9570e-01 1.0166e+05
4.0870e-01 1.0186e+05
4.2330e-01 1.0240e+05
4.3780e-01 1.0277e+05
4.5290e-01 1.0321e+05
4.6860e-01 1.0377e+05
4.8490e-01 1.0437e+05
5.0180e-01 1.0504e+05
5.1650e-01 1.0494e+05
5.3420e-01 1.0572e+05
5.5220e-01 1.0651e+05
5.7050e-01 1.0729e+05
5.8890e-01 1.0812e+05
6.0750e-01 1.0890e+05
6.2600e-01 1.0962e+05
6.4440e-01 1.1030e+05
6.6650e-01 1.1201e+05
6.8450e-01 1.1253e+05
7.0220e-01 1.1295e+05
7.1960e-01 1.1328e+05
7.3660e-01 1.1353e+05
7.5310e-01 1.1364e+05
7.6930e-01 1.1365e+05
7.8500e-01 1.1353e+05
8.0020e-01 1.1329e+05
8.1490e-01 1.1292e+05
8.2910e-01 1.1244e+05
8.4290e-01 1.1183e+05
8.5630e-01 1.1113e+05
8.6920e-01 1.1031e+05
8.8170e-01 1.0948e+05
8.9360e-01 1.0843e+05
9.0520e-01 1.0729e+05
9.1640e-01 1.0607e+05
9.2730e-01 1.0477e+05
9.3700e-01 1.0320e+05
9.4740e-01 1.0173e+05
9.5750e-01 1.0032e+05
9.6750e-01 9.8802e+04
9.7740e-01 9.7271e+04
9.8710e-01 9.5617e+04
9.9690e-01 9.4102e+04
1.0070e+00 9.2457e+04
1.0170e+00 9.0808e+04
1.0270e+00 8.9163e+04
1.0380e+00 8.7553e+04
1.0480e+00 8.5933e+04
1.0600e+00 8.4310e+04
1.0700e+00 8.2428e+04
1.0830e+00 8.0879e+04
1.0970e+00 7.9411e+04
1.1120e+00 7.7931e+04
1.1280e+00 7.6529e+04
1.1460e+00 7.5107e+04
1.1650e+00 7.3789e+04
1.1850e+00 7.2497e+04
1.2080e+00 7.1302e+04
1.2320e+00 7.0118e+04
1.2590e+00 6.8994e+04
1.2870e+00 6.7911e+04
1.3180e+00 6.6909e+04
1.3520e+00 6.5964e+04
1.3870e+00 6.5067e+04
1.4270e+00 6.4429e+04
1.4680e+00 6.3582e+04
1.5110e+00 6.2835e+04
1.5570e+00 6.2103e+04
1.6050e+00 6.1438e+04
1.6550e+00 6.0785e+04
1.7080e+00 6.0171e+04
1.7630e+00 5.9613e+04
1.8200e+00 5.9042e+04
1.8780e+00 5.8510e+04
1.9380e+00 5.7961e+04
2.0000e+00 5.7465e+04
2.0630e+00 5.6930e+04
2.1270e+00 5.6450e+04
2.1920e+00 5.5936e+04
2.2580e+00 5.5459e+04
2.3240e+00 5.4947e+04
2.3910e+00 5.4456e+04
2.4580e+00 5.3931e+04
2.5260e+00 5.3422e+04
2.5940e+00 5.2893e+04
2.6610e+00 5.2362e+04
2.7290e+00 5.1802e+04
2.7970e+00 5.1262e+04
2.8640e+00 5.0693e+04
2.9320e+00 5.0123e+04
3.0000e+00 4.9528e+04
3.0670e+00 4.8950e+04
3.1350e+00 4.8357e+04
3.2020e+00 4.7751e+04
3.2700e+00 4.7180e+04
3.3370e+00 4.6568e+04
3.4050e+00 4.5953e+04
3.4730e+00 4.5376e+04
3.5420e+00 4.4807e+04
3.6100e+00 4.4169e+04
3.6800e+00 4.3611e+04
3.7490e+00 4.2995e+04
3.8200e+00 4.2428e+04
3.8910e+00 4.1825e+04
3.9630e+00 4.1273e+04
4.0360e+00 4.0714e+04
4.1100e+00 4.0162e+04
4.1860e+00 3.9649e+04
4.2630e+00 3.9077e+04
4.3410e+00 3.8555e+04
4.4210e+00 3.8048e+04
4.5020e+00 3.7556e+04
4.5850e+00 3.7051e+04
4.6700e+00 3.6564e+04
4.7580e+00 3.6125e+04
4.8470e+00 3.5648e+04
4.9390e+00 3.5243e+04
5.0330e+00 3.4809e+04
5.1300e+00 3.4373e+04
5.2300e+00 3.3958e+04
5.3330e+00 3.3543e+04
5.4380e+00 3.3179e+04
5.5470e+00 3.2813e+04
5.6590e+00 3.2432e+04
5.7750e+00 3.2098e+04
5.8940e+00 3.1768e+04
6.0160e+00 3.1428e+04
6.1430e+00 3.1111e+04
6.2730e+00 3.0834e+04
6.4080e+00 3.0519e+04
6.5460e+00 3.0243e+04
6.6890e+00 2.9957e+04
6.8360e+00 2.9681e+04
6.9880e+00 2.9425e+04
7.1440e+00 2.9190e+04
7.3050e+00 2.8937e+04
7.4710e+00 2.8691e+04
7.6420e+00 2.8463e+04
7.8170e+00 2.8225e+04
7.9970e+00 2.8027e+04
8.1830e+00 2.7808e+04
8.3740e+00 2.7589e+04
8.5710e+00 2.7394e+04
8.7730e+00 2.7199e+04
8.9810e+00 2.6988e+04
9.1940e+00 2.6772e+04
9.4130e+00 2.6582e+04
9.6380e+00 2.6406e+04
9.8690e+00 2.6227e+04
1.0110e+01 2.6028e+04
1.0350e+01 2.5851e+04
1.0600e+01 2.5678e+04
1.0850e+01 2.5487e+04
1.1120e+01 2.5314e+04
1.1390e+01 2.5133e+04
1.1660e+01 2.4962e+04
1.1940e+01 2.4775e+04
1.2230e+01 2.4610e+04
1.2530e+01 2.4431e+04
1.2840e+01 2.4260e+04
1.3150e+01 2.4084e+04
1.3470e+01 2.3905e+04
1.3800e+01 2.3732e+04
1.4140e+01 2.3549e+04
1.4480e+01 2.3384e+04
1.4840e+01 2.3204e+04
1.5210e+01 2.3031e+04
1.5580e+01 2.2862e+04
1.5970e+01 2.2685e+04
1.6360e+01 2.2523e+04
1.6760e+01 2.2346e+04
1.7180e+01 2.2178e+04
1.7610e+01 2.2005e+04
1.8050e+01 2.1838e+04
1.8500e+01 2.1670e+04
1.8970e+01 2.1496e+04
1.9440e+01 2.1338e+04
1.9930e+01 2.1157e+04
2.0440e+01 2.1008e+04
2.0960e+01 2.0838e+04
2.1500e+01 2.0679e+04
2.2050e+01 2.0506e+04
2.2610e+01 2.0362e+04
2.3200e+01 2.0200e+04
2.3800e+01 2.0032e+04
2.4420e+01 1.9873e+04
2.5060e+01 1.9726e+04
2.5730e+01 1.9573e+04
2.6410e+01 1.9423e+04
2.7110e+01 1.9273e+04
2.7840e+01 1.9127e+04
2.8590e+01 1.8973e+04
2.9360e+01 1.8829e+04
3.0160e+01 1.8677e+04
3.0990e+01 1.8533e+04
3.1840e+01 1.8396e+04
3.2730e+01 1.8244e+04
3.3640e+01 1.8110e+04
3.4590e+01 1.7966e+04
3.5570e+01 1.7823e+04
3.6580e+01 1.7682e+04
3.7630e+01 1.7536e+04
3.8720e+01 1.7398e+04
3.9840e+01 1.7259e+04
4.1010e+01 1.7115e+04
4.2230e+01 1.6972e+04
4.3480e+01 1.6836e+04
4.4790e+01 1.6684e+04
4.6140e+01 1.6545e+04
4.7550e+01 1.6402e+04
4.9010e+01 1.6252e+04
5.0540e+01 1.6104e+04
5.2120e+01 1.5954e+04
5.3770e+01 1.5808e+04
5.5480e+01 1.5647e+04
5.7270e+01 1.5493e+04
5.9130e+01 1.5337e+04
6.1080e+01 1.5173e+04
6.3100e+01 1.5005e+04
6.5220e+01 1.4837e+04
6.7440e+01 1.4664e+04
6.9750e+01 1.4493e+04
7.2180e+01 1.4314e+04
7.4710e+01 1.4131e+04
7.7370e+01 1.3945e+04
