5.1300e-02 2.1198e+06
5.1730e-02 2.0880e+06
5.2170e-02 2.0559e+06
5.2620e-02 2.0237e+06
5.3080e-02 1.9933e+06
5.3560e-02 1.9652e+06
5.4050e-02 1.9370e+06
5.4550e-02 1.9090e+06
5.5060e-02 1.8832e+06
5.5590e-02 1.8576e+06
5.6130e-02 1.8323e+06
5.6690e-02 1.8069e+06
5.7260e-02 1.7834e+06
5.7840e-02 1.7611e+06
5.8450e-02 1.7378e+06
5.9060e-02 1.7153e+06
5.9700e-02 1.6940e+06
6.0350e-02 1.6749e+06
6.1020e-02 1.6547e+06
6.1700e-02 1.6358e+06
6.2410e-02 1.6169e+06
6.3130e-02 1.5984e+06
6.3860e-02 1.5813e+06
6.4620e-02 1.5643e+06
6.5390e-02 1.5479e+06
6.6180e-02 1.5318e+06
6.6990e-02 1.5163e+06
6.7820e-02 1.5017e+06
6.8680e-02 1.4881e+06
6.9550e-02 1.4740e+06
7.0430e-02 1.4602e+06
7.1330e-02 1.4467e+06
7.2250e-02 1.4336e+06
7.3180e-02 1.4208e+06
7.4130e-02 1.4081e+06
7.5110e-02 1.3954e+06
7.6090e-02 1.3837e+06
7.7100e-02 1.3722e+06
7.8130e-02 1.3605e+06
7.9170e-02 1.3498e+06
8.0240e-02 1.3388e+06
8.1320e-02 1.3279e+06
8.2420e-02 1.3174e+06
8.3540e-02 1.3073e+06
8.4670e-02 1.2972e+06
8.5830e-02 1.2870e+06
8.7000e-02 1.2775e+06
8.8200e-02 1.2679e+06
8.9410e-02 1.2582e+06
9.0640e-02 1.2497e+06
9.1880e-02 1.2403e+06
9.3150e-02 1.2312e+06
9.4420e-02 1.2226e+06
9.5720e-02 1.2142e+06
9.7030e-02 1.2055e+06
9.8350e-02 1.1970e+06
9.9680e-02 1.1885e+06
1.0100e-01 1.1801e+06
1.0240e-01 1.1718e+06
1.0370e-01 1.1631e+06
1.0510e-01 1.1547e+06
1.0650e-01 1.1463e+06
1.0780e-01 1.1381e+06
1.0920e-01 1.1295e+06
1.1060e-01 1.1201e+06
1.1190e-01 1.1114e+06
1.1330e-01 1.1022e+06
1.1460e-01 1.0929e+06
1.1600e-01 1.0832e+06
1.1730e-01 1.0732e+06
1.1860e-01 1.0625e+06
1.1990e-01 1.0529e+06
1.2110e-01 1.0413e+06
1.2240e-01 1.0309e+06
1.2360e-01 1.0194e+06
1.2480e-01 1.0080e+06
1.2600e-01 9.9544e+05
1.2720e-01 9.8358e+05
1.2830e-01 9.7143e+05
1.2940e-01 9.5798e+05
1.3050e-01 9.4456e+05
1.3150e-01 9.3172e+05
1.3260e-01 9.1802e+05
1.3360e-01 9.0355e+05
1.3460e-01 8.8974e+05
1.3550e-01 8.7526e+05
1.3650e-01 8.6095e+05
1.3740e-01 8.4656e+05
1.3830e-01 8.3193e+05
1.3920e-01 8.1728e+05
1.4010e-01 8.0198e+05
1.4100e-01 7.8744e+05
1.4180e-01 7.7267e+05
1.4260e-01 7.5778e+05
1.4350e-01 7.4280e+05
1.4430e-01 7.2826e+05
1.4510e-01 7.1386e+05
1.4590e-01 6.9925e+05
1.4670e-01 6.8534e+05
1.4750e-01 6.7085e+05
1.4840e-01 6.5694e+05
1.4920e-01 6.4333e+05
1.5000e-01 6.2992e+05
1.5080e-01 6.1647e+05
1.5170e-01 6.0350e+05
1.5260e-01 5.9103e+05
1.5340e-01 5.7813e+05
1.5430e-01 5.6619e+05
1.5520e-01 5.5402e+05
1.5620e-01 5.4222e+05
1.5710e-01 5.3135e+05
1.5810e-01 5.2003e+05
1.5910e-01 5.0936e+05
1.6010e-01 4.9882e+05
1.6120e-01 4.8855e+05
1.6230e-01 4.7857e+05
1.6340e-01 4.6936e+05
1.6460e-01 4.5995e+05
1.6580e-01 4.5084e+05
1.6710e-01 4.4240e+05
1.6830e-01 4.3382e+05
1.6970e-01 4.2580e+05
1.7100e-01 4.1776e+05
1.7240e-01 4.1028e+05
1.7390e-01 4.0298e+05
1.7540e-01 3.9593e+05
1.7690e-01 3.8914e+05
1.7850e-01 3.8245e+05
1.8020e-01 3.7596e+05
1.8180e-01 3.6975e+05
1.8360e-01 3.6400e+05
1.8540e-01 3.5810e+05
1.8720e-01 3.5242e+05
1.8910e-01 3.4712e+05
1.9100e-01 3.4174e+05
1.9300e-01 3.3678e+05
1.9500e-01 3.3208e+05
1.9710e-01 3.2711e+05
1.9930e-01 3.2264e+05
2.0150e-01 3.1833e+05
2.0380e-01 3.1409e+05
2.0610e-01 3.0987e+05
2.0850e-01 3.0600e+05
2.1100e-01 3.0208e+05
2.1350e-01 2.9835e+05
2.1610e-01 2.9480e+05
2.1880e-01 2.9144e+05
2.2150e-01 2.8808e+05
2.2440e-01 2.8489e+05
2.2730e-01 2.8195e+05
2.3030e-01 2.7899e+05
2.3350e-01 2.7605e+05
2.3670e-01 2.7338e+05
2.4010e-01 2.7093e+05
2.4360e-01 2.6852e+05
2.4720e-01 2.6625e+05
2.5100e-01 2.6411e+05
2.5490e-01 2.6205e+05
2.5910e-01 2.6032e+05
2.6330e-01 2.5846e+05
2.6780e-01 2.5693e+05
2.7260e-01 2.5575e+05
2.7770e-01 2.5471e+05
2.8310e-01 2.5390e+05
2.8880e-01 2.5335e+05
2.9480e-01 2.5305e+05
3.0130e-01 2.5304e+05
3.0820e-01 2.5339e+05
3.1560e-01 2.5409e+05
3.2340e-01 2.5501e+05
3.3190e-01 2.5631e+05
3.4090e-01 2.5800e+05
3.5050e-01 2.6018e+05
3.6070e-01 2.6268e+05
3.7170e-01 2.6553e+05
3.8330e-01 2.6888e+05
3.9570e-01 2.7257e+05
4.0870e-01 2.7676e+05
4.2330e-01 2.8218e+05
4.3780e-01 2.8715e+05
4.5290e-01 2.9233e+05
4.6860e-01 2.9812e+05
4.8490e-01 3.0409e+05
5.0180e-01 3.1007e+05
5.1650e-01 3.1340e+05
5.3420e-01 3.2009e+05
5.5220e-01 3.2672e+05
5.7050e-01 3.3326e+05
5.8890e-01 3.4005e+05
6.0750e-01 3.4662e+05
6.2600e-01 3.5299e+05
6.4440e-01 3.5924e+05
6.6650e-01 3.6941e+05
6.8450e-01 3.7470e+05
7.0220e-01 3.7972e+05
7.1960e-01 3.8447e+05
7.3660e-01 3.8849e+05
7.5310e-01 3.9217e+05
7.6930e-01 3.9529e+05
7.8500e-01 3.9759e+05
8.0020e-01 3.9956e+05
8.1490e-01 4.0095e+05
8.2910e-01 4.0178e+05
8.4290e-01 4.0206e+05
8.5630e-01 4.0185e+05
8.6920e-01 4.0078e+05
8.8170e-01 3.9998e+05
8.9360e-01 3.9807e+05
9.0520e-01 3.9563e+05
9.1640e-01 3.9285e+05
9.2730e-01 3.8969e+05
9.3700e-01 3.8524e+05
9.4740e-01 3.8137e+05
9.5750e-01 3.7754e+05
9.6750e-01 3.7306e+05
9.7740e-01 3.6878e+05
9.8710e-01 3.6381e+05
9.9690e-01 3.5931e+05
1.0070e+00 3.5432e+05
1.0170e+00 3.4925e+05
1.0270e+00 3.4414e+05
1.0380e+00 3.3926e+05
1.0480e+00 3.3437e+05
1.0600e+00 3.2935e+05
1.0700e+00 3.2316e+05
1.0830e+00 3.1855e+05
1.0970e+00 3.1427e+05
1.1120e+00 3.1008e+05
1.1280e+00 3.0609e+05
1.1460e+00 3.0222e+05
1.1650e+00 2.9865e+05
1.1850e+00 2.9542e+05
1.2080e+00 2.9259e+05
1.2320e+00 2.8984e+05
1.2590e+00 2.8744e+05
1.2870e+00 2.8534e+05
1.3180e+00 2.8355e+05
1.3520e+00 2.8216e+05
1.3870e+00 2.8094e+05
1.4270e+00 2.8097e+05
1.4680e+00 2.8013e+05
1.5110e+00 2.7966e+05
1.5570e+00 2.7924e+05
1.6050e+00 2.7925e+05
1.6550e+00 2.7920e+05
1.7080e+00 2.7927e+05
1.7630e+00 2.7960e+05
1.8200e+00 2.7985e+05
1.8780e+00 2.8020e+05
1.9380e+00 2.8041e+05
2.0000e+00 2.8081e+05
2.0630e+00 2.8100e+05
2.1270e+00 2.8126e+05
2.1920e+00 2.8127e+05
2.2580e+00 2.8137e+05
2.3240e+00 2.8118e+05
2.3910e+00 2.8098e+05
2.4580e+00 2.8053e+05
2.5260e+00 2.8003e+05
2.5940e+00 2.7933e+05
2.6610e+00 2.7849e+05
2.7290e+00 2.7741e+05
2.7970e+00 2.7632e+05
2.8640e+00 2.7497e+05
2.9320e+00 2.7350e+05
3.0000e+00 2.7180e+05
3.0670e+00 2.7018e+05
3.1350e+00 2.6830e+05
3.2020e+00 2.6634e+05
3.2700e+00 2.6446e+05
3.3370e+00 2.6233e+05
3.4050e+00 2.5999e+05
3.4730e+00 2.5782e+05
3.5420e+00 2.5560e+05
3.6100e+00 2.5313e+05
3.6800e+00 2.5083e+05
3.7490e+00 2.4835e+05
3.8200e+00 2.4588e+05
3.8910e+00 2.4338e+05
3.9630e+00 2.4088e+05
4.0360e+00 2.3855e+05
4.1100e+00 2.3598e+05
4.1860e+00 2.3364e+05
4.2630e+00 2.3112e+05
4.3410e+00 2.2866e+05
4.4210e+00 2.2630e+05
4.5020e+00 2.2400e+05
4.5850e+00 2.2159e+05
4.6700e+00 2.1929e+05
4.7580e+00 2.1708e+05
4.8470e+00 2.1482e+05
4.9390e+00 2.1283e+05
5.0330e+00 2.1067e+05
5.1300e+00 2.0850e+05
5.2300e+00 2.0644e+05
5.3330e+00 2.0442e+05
5.4380e+00 2.0253e+05
5.5470e+00 2.0063e+05
5.6590e+00 1.9868e+05
5.7750e+00 1.9686e+05
5.8940e+00 1.9522e+05
6.0160e+00 1.9338e+05
6.1430e+00 1.9170e+05
6.2730e+00 1.9013e+05
6.4080e+00 1.8847e+05
6.5460e+00 1.8681e+05
6.6890e+00 1.8521e+05
6.8360e+00 1.8370e+05
6.9880e+00 1.8220e+05
7.1440e+00 1.8071e+05
7.3050e+00 1.7924e+05
7.4710e+00 1.7770e+05
7.6420e+00 1.7628e+05
7.8170e+00 1.7480e+05
7.9970e+00 1.7344e+05
8.1830e+00 1.7199e+05
8.3740e+00 1.7052e+05
8.5710e+00 1.6904e+05
8.7730e+00 1.6772e+05
8.9810e+00 1.6631e+05
9.1940e+00 1.6470e+05
9.4130e+00 1.6317e+05
9.6380e+00 1.6190e+05
9.8690e+00 1.6037e+05
1.0110e+01 1.5882e+05
1.0350e+01 1.5734e+05
1.0600e+01 1.5580e+05
1.0850e+01 1.5426e+05
1.1120e+01 1.5276e+05
1.1390e+01 1.5123e+05
1.1660e+01 1.4956e+05
1.1940e+01 1.4803e+05
1.2230e+01 1.4637e+05
1.2530e+01 1.4472e+05
1.2840e+01 1.4307e+05
1.3150e+01 1.4141e+05
1.3470e+01 1.3965e+05
1.3800e+01 1.3799e+05
1.4140e+01 1.3626e+05
1.4480e+01 1.3452e+05
1.4840e+01 1.3280e+05
1.5210e+01 1.3097e+05
1.5580e+01 1.2924e+05
1.5970e+01 1.2745e+05
1.6360e+01 1.2566e+05
1.6760e+01 1.2388e+05
1.7180e+01 1.2203e+05
1.7610e+01 1.2019e+05
1.8050e+01 1.1837e+05
1.8500e+01 1.1657e+05
1.8970e+01 1.1478e+05
1.9440e+01 1.1298e+05
1.9930e+01 1.1108e+05
2.0440e+01 1.0936e+05
2.0960e+01 1.0748e+05
2.1500e+01 1.0573e+05
2.2050e+01 1.0387e+05
2.2610e+01 1.0216e+05
2.3200e+01 1.0032e+05
2.3800e+01 9.8490e+04
2.4420e+01 9.6709e+04
2.5060e+01 9.4993e+04
2.5730e+01 9.3292e+04
2.6410e+01 9.1572e+04
2.7110e+01 8.9860e+04
2.7840e+01 8.8177e+04
2.8590e+01 8.6433e+04
2.9360e+01 8.4777e+04
3.0160e+01 8.3098e+04
3.0990e+01 8.1494e+04
3.1840e+01 7.9873e+04
3.2730e+01 7.8231e+04
3.3640e+01 7.6678e+04
3.4590e+01 7.5125e+04
3.5570e+01 7.3557e+04
3.6580e+01 7.2012e+04
3.7630e+01 7.0512e+04
3.8720e+01 6.9055e+04
3.9840e+01 6.7563e+04
4.1010e+01 6.6107e+04
4.2230e+01 6.4673e+04
4.3480e+01 6.3303e+04
4.4790e+01 6.1874e+04
4.6140e+01 6.0511e+04
4.7550e+01 5.9170e+04
4.9010e+01 5.7848e+04
5.0540e+01 5.6511e+04
5.2120e+01 5.5209e+04
5.3770e+01 5.3956e+04
5.5480e+01 5.2695e+04
5.7270e+01 5.1444e+04
5.9130e+01 5.0257e+04
6.1080e+01 4.9044e+04
6.3100e+01 4.7859e+04
6.5220e+01 4.6677e+04
6.7440e+01 4.5502e+04
6.9750e+01 4.4405e+04
7.2180e+01 4.3284e+04
7.4710e+01 4.2150e+04
7.7370e+01 4.1077e+04
