5.1300e-02 1.9770e+06
5.1730e-02 1.9480e+06
5.2170e-02 1.9177e+06
5.2620e-02 1.8884e+06
5.3080e-02 1.8608e+06
5.3560e-02 1.8343e+06
5.4050e-02 1.8087e+06
5.4550e-02 1.7822e+06
5.5060e-02 1.7580e+06
5.5590e-02 1.7347e+06
5.6130e-02 1.7109e+06
5.6690e-02 1.6880e+06
5.7260e-02 1.6659e+06
5.7840e-02 1.6450e+06
5.8450e-02 1.6239e+06
5.9060e-02 1.6037e+06
5.9700e-02 1.5846e+06
6.0350e-02 1.5658e+06
6.1020e-02 1.5478e+06
6.1700e-02 1.5301e+06
6.2410e-02 1.5132e+06
6.3130e-02 1.4968e+06
6.3860e-02 1.4808e+06
6.4620e-02 1.4650e+06
6.5390e-02 1.4504e+06
6.6180e-02 1.4354e+06
6.6990e-02 1.4217e+06
6.7820e-02 1.4082e+06
6.8680e-02 1.3963e+06
6.9550e-02 1.3832e+06
7.0430e-02 1.3710e+06
7.1330e-02 1.3586e+06
7.2250e-02 1.3465e+06
7.3180e-02 1.3353e+06
7.4130e-02 1.3236e+06
7.5110e-02 1.3124e+06
7.6090e-02 1.3022e+06
7.7100e-02 1.2910e+06
7.8130e-02 1.2815e+06
7.9170e-02 1.2716e+06
8.0240e-02 1.2615e+06
8.1320e-02 1.2520e+06
8.2420e-02 1.2424e+06
8.3540e-02 1.2336e+06
8.4670e-02 1.2249e+06
8.5830e-02 1.2161e+06
8.7000e-02 1.2074e+06
8.8200e-02 1.1990e+06
8.9410e-02 1.1906e+06
9.0640e-02 1.1829e+06
9.1880e-02 1.1752e+06
9.3150e-02 1.1672e+06
9.4420e-02 1.1594e+06
9.5720e-02 1.1521e+06
9.7030e-02 1.1445e+06
9.8350e-02 1.1372e+06
9.9680e-02 1.1297e+06
1.0100e-01 1.1224e+06
1.0240e-01 1.1152e+06
1.0370e-01 1.1075e+06
1.0510e-01 1.1001e+06
1.0650e-01 1.0927e+06
1.0780e-01 1.0855e+06
1.0920e-01 1.0779e+06
1.1060e-01 1.0698e+06
1.1190e-01 1.0620e+06
1.1330e-01 1.0534e+06
1.1460e-01 1.0453e+06
1.1600e-01 1.0365e+06
1.1730e-01 1.0274e+06
1.1860e-01 1.0179e+06
1.1990e-01 1.0092e+06
1.2110e-01 9.9865e+05
1.2240e-01 9.8909e+05
1.2360e-01 9.7842e+05
1.2480e-01 9.6786e+05
1.2600e-01 9.5637e+05
1.2720e-01 9.4528e+05
1.2830e-01 9.3391e+05
1.2940e-01 9.2152e+05
1.3050e-01 9.0887e+05
1.3150e-01 8.9678e+05
1.3260e-01 8.8408e+05
1.3360e-01 8.7036e+05
1.3460e-01 8.5728e+05
1.3550e-01 8.4375e+05
1.3650e-01 8.3015e+05
1.3740e-01 8.1668e+05
1.3830e-01 8.0274e+05
1.3920e-01 7.8898e+05
1.4010e-01 7.7457e+05
1.4100e-01 7.6068e+05
1.4180e-01 7.4675e+05
1.4260e-01 7.3249e+05
1.4350e-01 7.1833e+05
1.4430e-01 7.0457e+05
1.4510e-01 6.9076e+05
1.4590e-01 6.7691e+05
1.4670e-01 6.6372e+05
1.4750e-01 6.4979e+05
1.4840e-01 6.3658e+05
1.4920e-01 6.2380e+05
1.5000e-01 6.1090e+05
1.5080e-01 5.9824e+05
1.5170e-01 5.8590e+05
1.5260e-01 5.7387e+05
1.5340e-01 5.6171e+05
1.5430e-01 5.5033e+05
1.5520e-01 5.3885e+05
1.5620e-01 5.2757e+05
1.5710e-01 5.1720e+05
1.5810e-01 5.0663e+05
1.5910e-01 4.9642e+05
1.6010e-01 4.8646e+05
1.6120e-01 4.7674e+05
1.6230e-01 4.6729e+05
1.6340e-01 4.5858e+05
1.6460e-01 4.4967e+05
1.6580e-01 4.4112e+05
1.6710e-01 4.3323e+05
1.6830e-01 4.2508e+05
1.6970e-01 4.1757e+05
1.7100e-01 4.0992e+05
1.7240e-01 4.0300e+05
1.7390e-01 3.9613e+05
1.7540e-01 3.8960e+05
1.7690e-01 3.8313e+05
1.7850e-01 3.7692e+05
1.8020e-01 3.7096e+05
1.8180e-01 3.6511e+05
1.8360e-01 3.5984e+05
1.8540e-01 3.5434e+05
1.8720e-01 3.4904e+05
1.8910e-01 3.4424e+05
1.9100e-01 3.3927e+05
1.9300e-01 3.3471e+05
1.9500e-01 3.3038e+05
1.9710e-01 3.2583e+05
1.9930e-01 3.2170e+05
2.0150e-01 3.1784e+05
2.0380e-01 3.1397e+05
2.0610e-01 3.1016e+05
2.0850e-01 3.0668e+05
2.1100e-01 3.0319e+05
2.1350e-01 2.9987e+05
2.1610e-01 2.9672e+05
2.1880e-01 2.9373e+05
2.2150e-01 2.9077e+05
2.2440e-01 2.8802e+05
2.2730e-01 2.8545e+05
2.3030e-01 2.8293e+05
2.3350e-01 2.8042e+05
2.3670e-01 2.7816e+05
2.4010e-01 2.7619e+05
2.4360e-01 2.7424e+05
2.4720e-01 2.7244e+05
2.5100e-01 2.7076e+05
2.5490e-01 2.6921e+05
2.5910e-01 2.6797e+05
2.6330e-01 2.6666e+05
2.6780e-01 2.6569e+05
2.7260e-01 2.6513e+05
2.7770e-01 2.6472e+05
2.8310e-01 2.6458e+05
2.8880e-01 2.6475e+05
2.9480e-01 2.6517e+05
3.0130e-01 2.6596e+05
3.0820e-01 2.6722e+05
3.1560e-01 2.6879e+05
3.2340e-01 2.7075e+05
3.3190e-01 2.7309e+05
3.4090e-01 2.7591e+05
3.5050e-01 2.7932e+05
3.6070e-01 2.8306e+05
3.7170e-01 2.8734e+05
3.8330e-01 2.9214e+05
3.9570e-01 2.9734e+05
4.0870e-01 3.0315e+05
4.2330e-01 3.1044e+05
4.3780e-01 3.1737e+05
4.5290e-01 3.2441e+05
4.6860e-01 3.3203e+05
4.8490e-01 3.4007e+05
5.0180e-01 3.4809e+05
5.1650e-01 3.5323e+05
5.3420e-01 3.6190e+05
5.5220e-01 3.7048e+05
5.7050e-01 3.7944e+05
5.8890e-01 3.8837e+05
6.0750e-01 3.9704e+05
6.2600e-01 4.0545e+05
6.4440e-01 4.1346e+05
6.6650e-01 4.2670e+05
6.8450e-01 4.3389e+05
7.0220e-01 4.4075e+05
7.1960e-01 4.4703e+05
7.3660e-01 4.5276e+05
7.5310e-01 4.5762e+05
7.6930e-01 4.6206e+05
7.8500e-01 4.6561e+05
8.0020e-01 4.6853e+05
8.1490e-01 4.7079e+05
8.2910e-01 4.7241e+05
8.4290e-01 4.7319e+05
8.5630e-01 4.7342e+05
8.6920e-01 4.7291e+05
8.8170e-01 4.7224e+05
8.9360e-01 4.7032e+05
9.0520e-01 4.6800e+05
9.1640e-01 4.6510e+05
9.2730e-01 4.6154e+05
9.3700e-01 4.5675e+05
9.4740e-01 4.5236e+05
9.5750e-01 4.4804e+05
9.6750e-01 4.4316e+05
9.7740e-01 4.3813e+05
9.8710e-01 4.3246e+05
9.9690e-01 4.2734e+05
1.0070e+00 4.2164e+05
1.0170e+00 4.1567e+05
1.0270e+00 4.0980e+05
1.0380e+00 4.0417e+05
1.0480e+00 3.9835e+05
1.0600e+00 3.9250e+05
1.0700e+00 3.8520e+05
1.0830e+00 3.7976e+05
1.0970e+00 3.7468e+05
1.1120e+00 3.6979e+05
1.1280e+00 3.6512e+05
1.1460e+00 3.6038e+05
1.1650e+00 3.5622e+05
1.1850e+00 3.5226e+05
1.2080e+00 3.4885e+05
1.2320e+00 3.4548e+05
1.2590e+00 3.4256e+05
1.2870e+00 3.3993e+05
1.3180e+00 3.3762e+05
1.3520e+00 3.3571e+05
1.3870e+00 3.3415e+05
1.4270e+00 3.3406e+05
1.4680e+00 3.3274e+05
1.5110e+00 3.3191e+05
1.5570e+00 3.3119e+05
1.6050e+00 3.3083e+05
1.6550e+00 3.3054e+05
1.7080e+00 3.3037e+05
1.7630e+00 3.3039e+05
1.8200e+00 3.3037e+05
1.8780e+00 3.3045e+05
1.9380e+00 3.3035e+05
2.0000e+00 3.3047e+05
2.0630e+00 3.3034e+05
2.1270e+00 3.3030e+05
2.1920e+00 3.3004e+05
2.2580e+00 3.2975e+05
2.3240e+00 3.2928e+05
2.3910e+00 3.2874e+05
2.4580e+00 3.2786e+05
2.5260e+00 3.2700e+05
2.5940e+00 3.2592e+05
2.6610e+00 3.2465e+05
2.7290e+00 3.2311e+05
2.7970e+00 3.2159e+05
2.8640e+00 3.1982e+05
2.9320e+00 3.1790e+05
3.0000e+00 3.1572e+05
3.0670e+00 3.1364e+05
3.1350e+00 3.1128e+05
3.2020e+00 3.0885e+05
3.2700e+00 3.0651e+05
3.3370e+00 3.0396e+05
3.4050e+00 3.0117e+05
3.4730e+00 2.9853e+05
3.5420e+00 2.9589e+05
3.6100e+00 2.9306e+05
3.6800e+00 2.9038e+05
3.7490e+00 2.8754e+05
3.8200e+00 2.8475e+05
3.8910e+00 2.8192e+05
3.9630e+00 2.7916e+05
4.0360e+00 2.7664e+05
4.1100e+00 2.7386e+05
4.1860e+00 2.7140e+05
4.2630e+00 2.6877e+05
4.3410e+00 2.6625e+05
4.4210e+00 2.6389e+05
4.5020e+00 2.6168e+05
4.5850e+00 2.5942e+05
4.6700e+00 2.5735e+05
4.7580e+00 2.5543e+05
4.8470e+00 2.5355e+05
4.9390e+00 2.5206e+05
5.0330e+00 2.5044e+05
5.1300e+00 2.4890e+05
5.2300e+00 2.4760e+05
5.3330e+00 2.4642e+05
5.4380e+00 2.4552e+05
5.5470e+00 2.4471e+05
5.6590e+00 2.4393e+05
5.7750e+00 2.4349e+05
5.8940e+00 2.4337e+05
6.0160e+00 2.4314e+05
6.1430e+00 2.4321e+05
6.2730e+00 2.4353e+05
6.4080e+00 2.4385e+05
6.5460e+00 2.4424e+05
6.6890e+00 2.4502e+05
6.8360e+00 2.4598e+05
6.9880e+00 2.4721e+05
7.1440e+00 2.4832e+05
7.3050e+00 2.4990e+05
7.4710e+00 2.5124e+05
7.6420e+00 2.5297e+05
7.8170e+00 2.5483e+05
7.9970e+00 2.5691e+05
8.1830e+00 2.5885e+05
8.3740e+00 2.6113e+05
8.5710e+00 2.6333e+05
8.7730e+00 2.6572e+05
8.9810e+00 2.6810e+05
9.1940e+00 2.7042e+05
9.4130e+00 2.7299e+05
9.6380e+00 2.7570e+05
9.8690e+00 2.7821e+05
1.0110e+01 2.8078e+05
1.0350e+01 2.8341e+05
1.0600e+01 2.8589e+05
1.0850e+01 2.8832e+05
1.1120e+01 2.9088e+05
1.1390e+01 2.9320e+05
1.1660e+01 2.9557e+05
1.1940e+01 2.9774e+05
1.2230e+01 2.9996e+05
1.2530e+01 3.0200e+05
1.2840e+01 3.0395e+05
1.3150e+01 3.0568e+05
1.3470e+01 3.0735e+05
1.3800e+01 3.0879e+05
1.4140e+01 3.1023e+05
1.4480e+01 3.1156e+05
1.4840e+01 3.1261e+05
1.5210e+01 3.1358e+05
1.5580e+01 3.1422e+05
1.5970e+01 3.1489e+05
1.6360e+01 3.1526e+05
1.6760e+01 3.1556e+05
1.7180e+01 3.1565e+05
1.7610e+01 3.1555e+05
1.8050e+01 3.1524e+05
1.8500e+01 3.1483e+05
1.8970e+01 3.1424e+05
1.9440e+01 3.1352e+05
1.9930e+01 3.1247e+05
2.0440e+01 3.1155e+05
2.0960e+01 3.1019e+05
2.1500e+01 3.0882e+05
2.2050e+01 3.0712e+05
2.2610e+01 3.0554e+05
2.3200e+01 3.0369e+05
2.3800e+01 3.0156e+05
2.4420e+01 2.9936e+05
2.5060e+01 2.9717e+05
2.5730e+01 2.9482e+05
2.6410e+01 2.9237e+05
2.7110e+01 2.8983e+05
2.7840e+01 2.8707e+05
2.8590e+01 2.8414e+05
2.9360e+01 2.8133e+05
3.0160e+01 2.7821e+05
3.0990e+01 2.7518e+05
3.1840e+01 2.7208e+05
3.2730e+01 2.6869e+05
3.3640e+01 2.6547e+05
3.4590e+01 2.6205e+05
3.5570e+01 2.5857e+05
3.6580e+01 2.5504e+05
3.7630e+01 2.5149e+05
3.8720e+01 2.4797e+05
3.9840e+01 2.4429e+05
4.1010e+01 2.4061e+05
4.2230e+01 2.3686e+05
4.3480e+01 2.3323e+05
4.4790e+01 2.2941e+05
4.6140e+01 2.2568e+05
4.7550e+01 2.2190e+05
4.9010e+01 2.1809e+05
5.0540e+01 2.1425e+05
5.2120e+01 2.1042e+05
5.3770e+01 2.0668e+05
5.5480e+01 2.0275e+05
5.7270e+01 1.9898e+05
5.9130e+01 1.9514e+05
6.1080e+01 1.9128e+05
6.3100e+01 1.8742e+05
6.5220e+01 1.8365e+05
6.7440e+01 1.7980e+05
6.9750e+01 1.7601e+05
7.2180e+01 1.7221e+05
7.4710e+01 1.6840e+05
7.7370e+01 1.6464e+05
