5.1300e-02 0.0000e+00
5.1730e-02 0.0000e+00
5.2170e-02 0.0000e+00
5.2620e-02 0.0000e+00
5.3080e-02 0.0000e+00
5.3560e-02 0.0000e+00
5.4050e-02 0.0000e+00
5.4550e-02 0.0000e+00
5.5060e-02 0.0000e+00
5.5590e-02 0.0000e+00
5.6130e-02 0.0000e+00
5.6690e-02 0.0000e+00
5.7260e-02 0.0000e+00
5.7840e-02 0.0000e+00
5.8450e-02 0.0000e+00
5.9060e-02 0.0000e+00
5.9700e-02 0.0000e+00
6.0350e-02 0.0000e+00
6.1020e-02 0.0000e+00
6.1700e-02 0.0000e+00
6.2410e-02 0.0000e+00
6.3130e-02 0.0000e+00
6.3860e-02 0.0000e+00
6.4620e-02 0.0000e+00
6.5390e-02 0.0000e+00
6.6180e-02 0.0000e+00
6.6990e-02 0.0000e+00
6.7820e-02 0.0000e+00
6.8680e-02 0.0000e+00
6.9550e-02 0.0000e+00
7.0430e-02 0.0000e+00
7.1330e-02 0.0000e+00
7.2250e-02 0.0000e+00
7.3180e-02 0.0000e+00
7.4130e-02 0.0000e+00
7.5110e-02 0.0000e+00
7.6090e-02 0.0000e+00
7.7100e-02 0.0000e+00
7.8130e-02 0.0000e+00
7.9170e-02 0.0000e+00
8.0240e-02 0.0000e+00
8.1320e-02 0.0000e+00
8.2420e-02 0.0000e+00
8.3540e-02 0.0000e+00
8.4670e-02 0.0000e+00
8.5830e-02 0.0000e+00
8.7000e-02 0.0000e+00
8.8200e-02 0.0000e+00
8.9410e-02 0.0000e+00
9.0640e-02 0.0000e+00
9.1880e-02 0.0000e+00
9.3150e-02 0.0000e+00
9.4420e-02 0.0000e+00
9.5720e-02 0.0000e+00
9.7030e-02 0.0000e+00
9.8350e-02 0.0000e+00
9.9680e-02 0.0000e+00
1.0100e-01 0.0000e+00
1.0240e-01 0.0000e+00
1.0370e-01 0.0000e+00
1.0510e-01 0.0000e+00
1.0650e-01 0.0000e+00
1.0780e-01 0.0000e+00
1.0920e-01 0.0000e+00
1.1060e-01 0.0000e+00
1.1190e-01 0.0000e+00
1.1330e-01 0.0000e+00
1.1460e-01 0.0000e+00
1.1600e-01 0.0000e+00
1.1730e-01 0.0000e+00
1.1860e-01 0.0000e+00
1.1990e-01 0.0000e+00
1.2110e-01 0.0000e+00
1.2240e-01 0.0000e+00
1.2360e-01 0.0000e+00
1.2480e-01 0.0000e+00
1.2600e-01 0.0000e+00
1.2720e-01 0.0000e+00
1.2830e-01 0.0000e+00
1.2940e-01 0.0000e+00
1.3050e-01 0.0000e+00
1.3150e-01 0.0000e+00
1.3260e-01 0.0000e+00
1.3360e-01 0.0000e+00
1.3460e-01 0.0000e+00
1.3550e-01 0.0000e+00
1.3650e-01 0.0000e+00
1.3740e-01 0.0000e+00
1.3830e-01 0.0000e+00
1.3920e-01 0.0000e+00
1.4010e-01 0.0000e+00
1.4100e-01 0.0000e+00
1.4180e-01 0.0000e+00
1.4260e-01 0.0000e+00
1.4350e-01 0.0000e+00
1.4430e-01 0.0000e+00
1.4510e-01 0.0000e+00
1.4590e-01 0.0000e+00
1.4670e-01 0.0000e+00
1.4750e-01 0.0000e+00
1.4840e-01 0.0000e+00
1.4920e-01 0.0000e+00
1.5000e-01 0.0000e+00
1.5080e-01 0.0000e+00
1.5170e-01 0.0000e+00
1.5260e-01 0.0000e+00
1.5340e-01 0.0000e+00
1.5430e-01 0.0000e+00
1.5520e-01 0.0000e+00
1.5620e-01 0.0000e+00
1.5710e-01 0.0000e+00
1.5810e-01 0.0000e+00
1.5910e-01 0.0000e+00
1.6010e-01 0.0000e+00
1.6120e-01 0.0000e+00
1.6230e-01 0.0000e+00
1.6340e-01 0.0000e+00
1.6460e-01 0.0000e+00
1.6580e-01 0.0000e+00
1.6710e-01 0.0000e+00
1.6830e-01 0.0000e+00
1.6970e-01 0.0000e+00
1.7100e-01 0.0000e+00
1.7240e-01 0.0000e+00
1.7390e-01 0.0000e+00
1.7540e-01 0.0000e+00
1.7690e-01 0.0000e+00
1.7850e-01 0.0000e+00
1.8020e-01 0.0000e+00
1.8180e-01 0.0000e+00
1.8360e-01 0.0000e+00
1.8540e-01 0.0000e+00
1.8720e-01 0.0000e+00
1.8910e-01 0.0000e+00
1.9100e-01 0.0000e+00
1.9300e-01 0.0000e+00
1.9500e-01 0.0000e+00
1.9710e-01 0.0000e+00
1.9930e-01 0.0000e+00
2.0150e-01 0.0000e+00
2.0380e-01 0.0000e+00
2.0610e-01 0.0000e+00
2.0850e-01 0.0000e+00
2.1100e-01 0.0000e+00
2.1350e-01 0.0000e+00
2.1610e-01 0.0000e+00
2.1880e-01 0.0000e+00
2.2150e-01 0.0000e+00
2.2440e-01 0.0000e+00
2.2730e-01 0.0000e+00
2.3030e-01 0.0000e+00
2.3350e-01 0.0000e+00
2.3670e-01 0.0000e+00
2.4010e-01 0.0000e+00
2.4360e-01 0.0000e+00
2.4720e-01 0.0000e+00
2.5100e-01 0.0000e+00
2.5490e-01 0.0000e+00
2.5910e-01 0.0000e+00
2.6330e-01 0.0000e+00
2.6780e-01 0.0000e+00
2.7260e-01 0.0000e+00
2.7770e-01 0.0000e+00
2.8310e-01 0.0000e+00
2.8880e-01 0.0000e+00
2.9480e-01 0.0000e+00
3.0130e-01 0.0000e+00
3.0820e-01 0.0000e+00
3.1560e-01 0.0000e+00
3.2340e-01 0.0000e+00
3.3190e-01 0.0000e+00
3.4090e-01 0.0000e+00
3.5050e-01 0.0000e+00
3.6070e-01 0.0000e+00
3.7170e-01 0.0000e+00
3.8330e-01 0.0000e+00
3.9570e-01 0.0000e+00
4.0870e-01 0.0000e+00
4.2330e-01 0.0000e+00
4.3780e-01 0.0000e+00
4.5290e-01 0.0000e+00
4.6860e-01 0.0000e+00
4.8490e-01 0.0000e+00
5.0180e-01 0.0000e+00
5.1650e-01 0.0000e+00
5.3420e-01 0.0000e+00
5.5220e-01 0.0000e+00
5.7050e-01 0.0000e+00
5.8890e-01 0.0000e+00
6.0750e-01 0.0000e+00
6.2600e-01 0.0000e+00
6.4440e-01 0.0000e+00
6.6650e-01 1.5132e-02
6.8450e-01 1.5976e-02
7.0220e-01 1.6804e-02
7.1960e-01 1.7610e-02
7.3660e-01 1.8390e-02
7.5310e-01 1.9137e-02
7.6930e-01 1.9850e-02
7.8500e-01 2.0523e-02
8.0020e-01 2.1154e-02
8.1490e-01 2.1743e-02
8.2910e-01 2.2289e-02
8.4290e-01 2.2792e-02
8.5630e-01 2.3244e-02
8.6920e-01 2.3656e-02
8.8170e-01 2.4016e-02
8.9360e-01 2.4340e-02
9.0520e-01 2.4610e-02
9.1640e-01 2.4855e-02
9.2730e-01 2.5080e-02
9.3700e-01 2.5243e-02
9.4740e-01 2.5456e-02
9.5750e-01 2.5737e-02
9.6750e-01 2.6089e-02
9.7740e-01 2.6607e-02
9.8710e-01 2.7358e-02
9.9690e-01 2.8562e-02
1.0070e+00 3.0358e-02
1.0170e+00 3.3066e-02
1.0270e+00 3.7099e-02
1.0380e+00 4.2995e-02
1.0480e+00 5.1444e-02
1.0600e+00 6.3399e-02
1.0700e+00 7.9657e-02
1.0830e+00 1.0243e-01
1.0970e+00 1.3336e-01
1.1120e+00 1.7457e-01
1.1280e+00 2.2909e-01
1.1460e+00 2.9973e-01
1.1650e+00 3.9064e-01
1.1850e+00 5.0612e-01
1.2080e+00 6.5135e-01
1.2320e+00 8.3098e-01
1.2590e+00 1.0516e+00
1.2870e+00 1.3193e+00
1.3180e+00 1.6396e+00
1.3520e+00 2.0220e+00
1.3870e+00 2.4715e+00
1.4270e+00 3.0073e+00
1.4680e+00 3.6098e+00
1.5110e+00 4.3014e+00
1.5570e+00 5.0824e+00
1.6050e+00 5.9605e+00
1.6550e+00 6.9350e+00
1.7080e+00 8.0100e+00
1.7630e+00 9.1869e+00
1.8200e+00 1.0469e+01
1.8780e+00 1.1843e+01
1.9380e+00 1.3316e+01
2.0000e+00 1.4877e+01
2.0630e+00 1.6521e+01
2.1270e+00 1.8254e+01
2.1920e+00 2.0046e+01
2.2580e+00 2.1918e+01
2.3240e+00 2.3827e+01
2.3910e+00 2.5793e+01
2.4580e+00 2.7783e+01
2.5260e+00 2.9804e+01
2.5940e+00 3.1838e+01
2.6610e+00 3.3880e+01
2.7290e+00 3.5906e+01
2.7970e+00 3.7939e+01
2.8640e+00 3.9936e+01
2.9320e+00 4.1913e+01
3.0000e+00 4.3839e+01
3.0670e+00 4.5745e+01
3.1350e+00 4.7589e+01
3.2020e+00 4.9371e+01
3.2700e+00 5.1125e+01
3.3370e+00 5.2845e+01
3.4050e+00 5.4423e+01
3.4730e+00 5.5939e+01
3.5420e+00 5.7449e+01
3.6100e+00 5.8822e+01
3.6800e+00 6.0185e+01
3.7490e+00 6.1426e+01
3.8200e+00 6.2586e+01
3.8910e+00 6.3694e+01
3.9630e+00 6.4693e+01
4.0360e+00 6.5654e+01
4.1100e+00 6.6521e+01
4.1860e+00 6.7302e+01
4.2630e+00 6.8001e+01
4.3410e+00 6.8619e+01
4.4210e+00 6.9162e+01
4.5020e+00 6.9670e+01
4.5850e+00 7.0026e+01
4.6700e+00 7.0359e+01
4.7580e+00 7.0613e+01
4.8470e+00 7.0772e+01
4.9390e+00 7.0942e+01
5.0330e+00 7.0956e+01
5.1300e+00 7.0899e+01
5.2300e+00 7.0770e+01
5.3330e+00 7.0583e+01
5.4380e+00 7.0372e+01
5.5470e+00 7.0082e+01
5.6590e+00 6.9665e+01
5.7750e+00 6.9233e+01
5.8940e+00 6.8803e+01
6.0160e+00 6.8221e+01
6.1430e+00 6.7615e+01
6.2730e+00 6.6998e+01
6.4080e+00 6.6283e+01
6.5460e+00 6.5499e+01
6.6890e+00 6.4680e+01
6.8360e+00 6.3853e+01
6.9880e+00 6.2954e+01
7.1440e+00 6.2031e+01
7.3050e+00 6.1050e+01
7.4710e+00 6.0025e+01
7.6420e+00 5.9001e+01
7.8170e+00 5.7904e+01
7.9970e+00 5.6837e+01
8.1830e+00 5.5704e+01
8.3740e+00 5.4543e+01
8.5710e+00 5.3374e+01
8.7730e+00 5.2201e+01
8.9810e+00 5.0994e+01
9.1940e+00 4.9744e+01
9.4130e+00 4.8514e+01
9.6380e+00 4.7313e+01
9.8690e+00 4.6067e+01
1.0110e+01 4.4831e+01
1.0350e+01 4.3596e+01
1.0600e+01 4.2351e+01
1.0850e+01 4.1109e+01
1.1120e+01 3.9892e+01
1.1390e+01 3.8659e+01
1.1660e+01 3.7443e+01
1.1940e+01 3.6246e+01
1.2230e+01 3.5053e+01
1.2530e+01 3.3880e+01
1.2840e+01 3.2724e+01
1.3150e+01 3.1585e+01
1.3470e+01 3.0465e+01
1.3800e+01 2.9359e+01
1.4140e+01 2.8280e+01
1.4480e+01 2.7225e+01
1.4840e+01 2.6190e+01
1.5210e+01 2.5182e+01
1.5580e+01 2.4188e+01
1.5970e+01 2.3228e+01
1.6360e+01 2.2292e+01
1.6760e+01 2.1382e+01
1.7180e+01 2.0490e+01
1.7610e+01 1.9631e+01
1.8050e+01 1.8798e+01
1.8500e+01 1.7990e+01
1.8970e+01 1.7204e+01
1.9440e+01 1.6449e+01
1.9930e+01 1.5709e+01
2.0440e+01 1.5012e+01
2.0960e+01 1.4322e+01
2.1500e+01 1.3666e+01
2.2050e+01 1.3022e+01
2.2610e+01 1.2420e+01
2.3200e+01 1.1828e+01
2.3800e+01 1.1259e+01
2.4420e+01 1.0718e+01
2.5060e+01 1.0198e+01
2.5730e+01 9.7063e+00
2.6410e+01 9.2256e+00
2.7110e+01 8.7714e+00
2.7840e+01 8.3315e+00
2.8590e+01 7.9096e+00
2.9360e+01 7.5063e+00
3.0160e+01 7.1236e+00
3.0990e+01 6.7568e+00
3.1840e+01 6.4088e+00
3.2730e+01 6.0736e+00
3.3640e+01 5.7537e+00
3.4590e+01 5.4491e+00
3.5570e+01 5.1594e+00
3.6580e+01 4.8828e+00
3.7630e+01 4.6203e+00
3.8720e+01 4.3707e+00
3.9840e+01 4.1330e+00
4.1010e+01 3.9061e+00
4.2230e+01 3.6906e+00
4.3480e+01 3.4873e+00
4.4790e+01 3.2918e+00
4.6140e+01 3.1085e+00
4.7550e+01 2.9335e+00
4.9010e+01 2.7668e+00
5.0540e+01 2.6086e+00
5.2120e+01 2.4592e+00
5.3770e+01 2.3180e+00
5.5480e+01 2.1828e+00
5.7270e+01 2.0554e+00
5.9130e+01 1.9347e+00
6.1080e+01 1.8202e+00
6.3100e+01 1.7113e+00
6.5220e+01 1.6091e+00
6.7440e+01 1.5114e+00
6.9750e+01 1.4199e+00
7.2180e+01 1.3328e+00
7.4710e+01 1.2501e+00
7.7370e+01 1.1722e+00
