5.1300e-02 6.7963e+06
5.1730e-02 6.6498e+06
5.2170e-02 6.5018e+06
5.2620e-02 6.3590e+06
5.3080e-02 6.2213e+06
5.3560e-02 6.0886e+06
5.4050e-02 5.9622e+06
5.4550e-02 5.8346e+06
5.5060e-02 5.7134e+06
5.5590e-02 5.5972e+06
5.6130e-02 5.4808e+06
5.6690e-02 5.3678e+06
5.7260e-02 5.2588e+06
5.7840e-02 5.1549e+06
5.8450e-02 5.0504e+06
5.9060e-02 4.9509e+06
5.9700e-02 4.8544e+06
6.0350e-02 4.7630e+06
6.1020e-02 4.6707e+06
6.1700e-02 4.5844e+06
6.2410e-02 4.5001e+06
6.3130e-02 4.4161e+06
6.3860e-02 4.3364e+06
6.4620e-02 4.2583e+06
6.5390e-02 4.1837e+06
6.6180e-02 4.1097e+06
6.6990e-02 4.0393e+06
6.7820e-02 3.9713e+06
6.8680e-02 3.9083e+06
6.9550e-02 3.8432e+06
7.0430e-02 3.7803e+06
7.1330e-02 3.7186e+06
7.2250e-02 3.6594e+06
7.3180e-02 3.6032e+06
7.4130e-02 3.5472e+06
7.5110e-02 3.4925e+06
7.6090e-02 3.4403e+06
7.7100e-02 3.3887e+06
7.8130e-02 3.3401e+06
7.9170e-02 3.2923e+06
8.0240e-02 3.2451e+06
8.1320e-02 3.1995e+06
8.2420e-02 3.1555e+06
8.3540e-02 3.1140e+06
8.4670e-02 3.0720e+06
8.5830e-02 3.0315e+06
8.7000e-02 2.9929e+06
8.8200e-02 2.9553e+06
8.9410e-02 2.9185e+06
9.0640e-02 2.8833e+06
9.1880e-02 2.8485e+06
9.3150e-02 2.8146e+06
9.4420e-02 2.7816e+06
9.5720e-02 2.7502e+06
9.7030e-02 2.7190e+06
9.8350e-02 2.6897e+06
9.9680e-02 2.6597e+06
1.0100e-01 2.6312e+06
1.0240e-01 2.6024e+06
1.0370e-01 2.5743e+06
1.0510e-01 2.5467e+06
1.0650e-01 2.5198e+06
1.0780e-01 2.4942e+06
1.0920e-01 2.4675e+06
1.1060e-01 2.4409e+06
1.1190e-01 2.4148e+06
1.1330e-01 2.3882e+06
1.1460e-01 2.3624e+06
1.1600e-01 2.3360e+06
1.1730e-01 2.3089e+06
1.1860e-01 2.2814e+06
1.1990e-01 2.2563e+06
1.2110e-01 2.2271e+06
1.2240e-01 2.2013e+06
1.2360e-01 2.1725e+06
1.2480e-01 2.1448e+06
1.2600e-01 2.1153e+06
1.2720e-01 2.0868e+06
1.2830e-01 2.0579e+06
1.2940e-01 2.0275e+06
1.3050e-01 1.9967e+06
1.3150e-01 1.9673e+06
1.3260e-01 1.9364e+06
1.3360e-01 1.9042e+06
1.3460e-01 1.8733e+06
1.3550e-01 1.8415e+06
1.3650e-01 1.8099e+06
1.3740e-01 1.7787e+06
1.3830e-01 1.7468e+06
1.3920e-01 1.7154e+06
1.4010e-01 1.6824e+06
1.4100e-01 1.6510e+06
1.4180e-01 1.6197e+06
1.4260e-01 1.5879e+06
1.4350e-01 1.5562e+06
1.4430e-01 1.5255e+06
1.4510e-01 1.4950e+06
1.4590e-01 1.4643e+06
1.4670e-01 1.4354e+06
1.4750e-01 1.4047e+06
1.4840e-01 1.3758e+06
1.4920e-01 1.3476e+06
1.5000e-01 1.3196e+06
1.5080e-01 1.2919e+06
1.5170e-01 1.2650e+06
1.5260e-01 1.2390e+06
1.5340e-01 1.2125e+06
1.5430e-01 1.1879e+06
1.5520e-01 1.1630e+06
1.5620e-01 1.1387e+06
1.5710e-01 1.1164e+06
1.5810e-01 1.0934e+06
1.5910e-01 1.0714e+06
1.6010e-01 1.0500e+06
1.6120e-01 1.0290e+06
1.6230e-01 1.0088e+06
1.6340e-01 9.8993e+05
1.6460e-01 9.7083e+05
1.6580e-01 9.5251e+05
1.6710e-01 9.3536e+05
1.6830e-01 9.1784e+05
1.6970e-01 9.0179e+05
1.7100e-01 8.8533e+05
1.7240e-01 8.7031e+05
1.7390e-01 8.5560e+05
1.7540e-01 8.4139e+05
1.7690e-01 8.2749e+05
1.7850e-01 8.1436e+05
1.8020e-01 8.0064e+05
1.8180e-01 7.8873e+05
1.8360e-01 7.7697e+05
1.8540e-01 7.6457e+05
1.8720e-01 7.5318e+05
1.8910e-01 7.4257e+05
1.9100e-01 7.3147e+05
1.9300e-01 7.2178e+05
1.9500e-01 7.1164e+05
1.9710e-01 7.0158e+05
1.9930e-01 6.9230e+05
2.0150e-01 6.8322e+05
2.0380e-01 6.7474e+05
2.0610e-01 6.6616e+05
2.0850e-01 6.5806e+05
2.1100e-01 6.4973e+05
2.1350e-01 6.4211e+05
2.1610e-01 6.3423e+05
2.1880e-01 6.2756e+05
2.2150e-01 6.2015e+05
2.2440e-01 6.1350e+05
2.2730e-01 6.0717e+05
2.3030e-01 6.0058e+05
2.3350e-01 5.9432e+05
2.3670e-01 5.8881e+05
2.4010e-01 5.8356e+05
2.4360e-01 5.7821e+05
2.4720e-01 5.7322e+05
2.5100e-01 5.6867e+05
2.5490e-01 5.6443e+05
2.5910e-01 5.6095e+05
2.6330e-01 5.5709e+05
2.6780e-01 5.5405e+05
2.7260e-01 5.5219e+05
2.7770e-01 5.5040e+05
2.8310e-01 5.4942e+05
2.8880e-01 5.4951e+05
2.9480e-01 5.4984e+05
3.0130e-01 5.5119e+05
3.0820e-01 5.5370e+05
3.1560e-01 5.5710e+05
3.2340e-01 5.6157e+05
3.3190e-01 5.6724e+05
3.4090e-01 5.7379e+05
3.5050e-01 5.8212e+05
3.6070e-01 5.9155e+05
3.7170e-01 6.0206e+05
3.8330e-01 6.1433e+05
3.9570e-01 6.2748e+05
4.0870e-01 6.4241e+05
4.2330e-01 6.6083e+05
4.3780e-01 6.7869e+05
4.5290e-01 6.9722e+05
4.6860e-01 7.1739e+05
4.8490e-01 7.3830e+05
5.0180e-01 7.6018e+05
5.1650e-01 7.7479e+05
5.3420e-01 7.9800e+05
5.5220e-01 8.2147e+05
5.7050e-01 8.4534e+05
5.8890e-01 8.6932e+05
6.0750e-01 8.9314e+05
6.2600e-01 9.1608e+05
6.4440e-01 9.3857e+05
6.6650e-01 9.7291e+05
6.8450e-01 9.9350e+05
7.0220e-01 1.0128e+06
7.1960e-01 1.0304e+06
7.3660e-01 1.0471e+06
7.5310e-01 1.0618e+06
7.6930e-01 1.0748e+06
7.8500e-01 1.0861e+06
8.0020e-01 1.0956e+06
8.1490e-01 1.1031e+06
8.2910e-01 1.1090e+06
8.4290e-01 1.1129e+06
8.5630e-01 1.1154e+06
8.6920e-01 1.1157e+06
8.8170e-01 1.1157e+06
8.9360e-01 1.1128e+06
9.0520e-01 1.1081e+06
9.1640e-01 1.1024e+06
9.2730e-01 1.0949e+06
9.3700e-01 1.0839e+06
9.4740e-01 1.0739e+06
9.5750e-01 1.0641e+06
9.6750e-01 1.0526e+06
9.7740e-01 1.0407e+06
9.8710e-01 1.0270e+06
9.9690e-01 1.0144e+06
1.0070e+00 1.0002e+06
1.0170e+00 9.8562e+05
1.0270e+00 9.7079e+05
1.0380e+00 9.5606e+05
1.0480e+00 9.4093e+05
1.0600e+00 9.2547e+05
1.0700e+00 9.0588e+05
1.0830e+00 8.9072e+05
1.0970e+00 8.7636e+05
1.1120e+00 8.6176e+05
1.1280e+00 8.4752e+05
1.1460e+00 8.3309e+05
1.1650e+00 8.1946e+05
1.1850e+00 8.0579e+05
1.2080e+00 7.9326e+05
1.2320e+00 7.8030e+05
1.2590e+00 7.6819e+05
1.2870e+00 7.5614e+05
1.3180e+00 7.4482e+05
1.3520e+00 7.3401e+05
1.3870e+00 7.2361e+05
1.4270e+00 7.1608e+05
1.4680e+00 7.0590e+05
1.5110e+00 6.9663e+05
1.5570e+00 6.8727e+05
1.6050e+00 6.7875e+05
1.6550e+00 6.7014e+05
1.7080e+00 6.6174e+05
1.7630e+00 6.5417e+05
1.8200e+00 6.4618e+05
1.8780e+00 6.3869e+05
1.9380e+00 6.3092e+05
2.0000e+00 6.2379e+05
2.0630e+00 6.1611e+05
2.1270e+00 6.0916e+05
2.1920e+00 6.0180e+05
2.2580e+00 5.9483e+05
2.3240e+00 5.8758e+05
2.3910e+00 5.8051e+05
2.4580e+00 5.7316e+05
2.5260e+00 5.6600e+05
2.5940e+00 5.5871e+05
2.6610e+00 5.5143e+05
2.7290e+00 5.4392e+05
2.7970e+00 5.3670e+05
2.8640e+00 5.2919e+05
2.9320e+00 5.2175e+05
3.0000e+00 5.1412e+05
3.0670e+00 5.0674e+05
3.1350e+00 4.9916e+05
3.2020e+00 4.9178e+05
3.2700e+00 4.8432e+05
3.3370e+00 4.7722e+05
3.4050e+00 4.6944e+05
3.4730e+00 4.6212e+05
3.5420e+00 4.5538e+05
3.6100e+00 4.4799e+05
3.6800e+00 4.4103e+05
3.7490e+00 4.3395e+05
3.8200e+00 4.2702e+05
3.8910e+00 4.2016e+05
3.9630e+00 4.1348e+05
4.0360e+00 4.0714e+05
4.1100e+00 4.0055e+05
4.1860e+00 3.9439e+05
4.2630e+00 3.8804e+05
4.3410e+00 3.8188e+05
4.4210e+00 3.7624e+05
4.5020e+00 3.7047e+05
4.5850e+00 3.6460e+05
4.6700e+00 3.5925e+05
4.7580e+00 3.5411e+05
4.8470e+00 3.4862e+05
4.9390e+00 3.4388e+05
5.0330e+00 3.3889e+05
5.1300e+00 3.3419e+05
5.2300e+00 3.2944e+05
5.3330e+00 3.2473e+05
5.4380e+00 3.2054e+05
5.5470e+00 3.1637e+05
5.6590e+00 3.1207e+05
5.7750e+00 3.0802e+05
5.8940e+00 3.0451e+05
6.0160e+00 3.0070e+05
6.1430e+00 2.9713e+05
6.2730e+00 2.9374e+05
6.4080e+00 2.9023e+05
6.5460e+00 2.8693e+05
6.6890e+00 2.8354e+05
6.8360e+00 2.8048e+05
6.9880e+00 2.7764e+05
7.1440e+00 2.7462e+05
7.3050e+00 2.7185e+05
7.4710e+00 2.6879e+05
7.6420e+00 2.6612e+05
7.8170e+00 2.6355e+05
7.9970e+00 2.6101e+05
8.1830e+00 2.5832e+05
8.3740e+00 2.5581e+05
8.5710e+00 2.5340e+05
8.7730e+00 2.5101e+05
8.9810e+00 2.4849e+05
9.1940e+00 2.4594e+05
9.4130e+00 2.4351e+05
9.6380e+00 2.4124e+05
9.8690e+00 2.3883e+05
1.0110e+01 2.3654e+05
1.0350e+01 2.3419e+05
1.0600e+01 2.3178e+05
1.0850e+01 2.2937e+05
1.1120e+01 2.2715e+05
1.1390e+01 2.2476e+05
1.1660e+01 2.2237e+05
1.1940e+01 2.1998e+05
1.2230e+01 2.1759e+05
1.2530e+01 2.1522e+05
1.2840e+01 2.1271e+05
1.3150e+01 2.1033e+05
1.3470e+01 2.0784e+05
1.3800e+01 2.0532e+05
1.4140e+01 2.0287e+05
1.4480e+01 2.0040e+05
1.4840e+01 1.9784e+05
1.5210e+01 1.9528e+05
1.5580e+01 1.9271e+05
1.5970e+01 1.9020e+05
1.6360e+01 1.8759e+05
1.6760e+01 1.8499e+05
1.7180e+01 1.8242e+05
1.7610e+01 1.7976e+05
1.8050e+01 1.7713e+05
1.8500e+01 1.7454e+05
1.8970e+01 1.7186e+05
1.9440e+01 1.6929e+05
1.9930e+01 1.6650e+05
2.0440e+01 1.6404e+05
2.0960e+01 1.6130e+05
2.1500e+01 1.5864e+05
2.2050e+01 1.5593e+05
2.2610e+01 1.5335e+05
2.3200e+01 1.5071e+05
2.3800e+01 1.4799e+05
2.4420e+01 1.4536e+05
2.5060e+01 1.4274e+05
2.5730e+01 1.4015e+05
2.6410e+01 1.3756e+05
2.7110e+01 1.3499e+05
2.7840e+01 1.3240e+05
2.8590e+01 1.2975e+05
2.9360e+01 1.2729e+05
3.0160e+01 1.2468e+05
3.0990e+01 1.2218e+05
3.1840e+01 1.1969e+05
3.2730e+01 1.1717e+05
3.3640e+01 1.1479e+05
3.4590e+01 1.1230e+05
3.5570e+01 1.0987e+05
3.6580e+01 1.0748e+05
3.7630e+01 1.0511e+05
3.8720e+01 1.0276e+05
3.9840e+01 1.0044e+05
4.1010e+01 9.8122e+04
4.2230e+01 9.5848e+04
4.3480e+01 9.3625e+04
4.4790e+01 9.1394e+04
4.6140e+01 8.9217e+04
4.7550e+01 8.7036e+04
4.9010e+01 8.4890e+04
5.0540e+01 8.2751e+04
5.2120e+01 8.0671e+04
5.3770e+01 7.8627e+04
5.5480e+01 7.6541e+04
5.7270e+01 7.4537e+04
5.9130e+01 7.2577e+04
6.1080e+01 7.0567e+04
6.3100e+01 6.8646e+04
6.5220e+01 6.6717e+04
6.7440e+01 6.4845e+04
6.9750e+01 6.2972e+04
7.2180e+01 6.1125e+04
7.4710e+01 5.9319e+04
7.7370e+01 5.7528e+04
