5.1300e-02 4.7959e+03
5.1730e-02 4.7211e+03
5.2170e-02 4.6443e+03
5.2620e-02 4.5689e+03
5.3080e-02 4.4975e+03
5.3560e-02 4.4275e+03
5.4050e-02 4.3612e+03
5.4550e-02 4.2931e+03
5.5060e-02 4.2289e+03
5.5590e-02 4.1685e+03
5.6130e-02 4.1058e+03
5.6690e-02 4.0442e+03
5.7260e-02 3.9857e+03
5.7840e-02 3.9301e+03
5.8450e-02 3.8734e+03
5.9060e-02 3.8188e+03
5.9700e-02 3.7651e+03
6.0350e-02 3.7153e+03
6.1020e-02 3.6643e+03
6.1700e-02 3.6164e+03
6.2410e-02 3.5695e+03
6.3130e-02 3.5220e+03
6.3860e-02 3.4761e+03
6.4620e-02 3.4315e+03
6.5390e-02 3.3892e+03
6.6180e-02 3.3460e+03
6.6990e-02 3.3046e+03
6.7820e-02 3.2647e+03
6.8680e-02 3.2292e+03
6.9550e-02 3.1901e+03
7.0430e-02 3.1516e+03
7.1330e-02 3.1138e+03
7.2250e-02 3.0769e+03
7.3180e-02 3.0411e+03
7.4130e-02 3.0050e+03
7.5110e-02 2.9691e+03
7.6090e-02 2.9351e+03
7.7100e-02 2.9007e+03
7.8130e-02 2.8675e+03
7.9170e-02 2.8341e+03
8.0240e-02 2.8011e+03
8.1320e-02 2.7687e+03
8.2420e-02 2.7365e+03
8.3540e-02 2.7058e+03
8.4670e-02 2.6745e+03
8.5830e-02 2.6435e+03
8.7000e-02 2.6130e+03
8.8200e-02 2.5833e+03
8.9410e-02 2.5538e+03
9.0640e-02 2.5252e+03
9.1880e-02 2.4961e+03
9.3150e-02 2.4674e+03
9.4420e-02 2.4393e+03
9.5720e-02 2.4115e+03
9.7030e-02 2.3839e+03
9.8350e-02 2.3572e+03
9.9680e-02 2.3300e+03
1.0100e-01 2.3034e+03
1.0240e-01 2.2760e+03
1.0370e-01 2.2496e+03
1.0510e-01 2.2229e+03
1.0650e-01 2.1965e+03
1.0780e-01 2.1711e+03
1.0920e-01 2.1447e+03
1.1060e-01 2.1179e+03
1.1190e-01 2.0917e+03
1.1330e-01 2.0649e+03
1.1460e-01 2.0385e+03
1.1600e-01 2.0118e+03
1.1730e-01 1.9842e+03
1.1860e-01 1.9563e+03
1.1990e-01 1.9304e+03
1.2110e-01 1.9015e+03
1.2240e-01 1.8747e+03
1.2360e-01 1.8459e+03
1.2480e-01 1.8181e+03
1.2600e-01 1.7883e+03
1.2720e-01 1.7602e+03
1.2830e-01 1.7313e+03
1.2940e-01 1.7012e+03
1.3050e-01 1.6710e+03
1.3150e-01 1.6421e+03
1.3260e-01 1.6121e+03
1.3360e-01 1.5812e+03
1.3460e-01 1.5515e+03
1.3550e-01 1.5210e+03
1.3650e-01 1.4910e+03
1.3740e-01 1.4613e+03
1.3830e-01 1.4312e+03
1.3920e-01 1.4017e+03
1.4010e-01 1.3710e+03
1.4100e-01 1.3418e+03
1.4180e-01 1.3126e+03
1.4260e-01 1.2834e+03
1.4350e-01 1.2543e+03
1.4430e-01 1.2263e+03
1.4510e-01 1.1983e+03
1.4590e-01 1.1706e+03
1.4670e-01 1.1442e+03
1.4750e-01 1.1166e+03
1.4840e-01 1.0906e+03
1.4920e-01 1.0652e+03
1.5000e-01 1.0402e+03
1.5080e-01 1.0153e+03
1.5170e-01 9.9144e+02
1.5260e-01 9.6813e+02
1.5340e-01 9.4480e+02
1.5430e-01 9.2291e+02
1.5520e-01 9.0092e+02
1.5620e-01 8.7942e+02
1.5710e-01 8.5960e+02
1.5810e-01 8.3938e+02
1.5910e-01 8.2003e+02
1.6010e-01 8.0124e+02
1.6120e-01 7.8279e+02
1.6230e-01 7.6513e+02
1.6340e-01 7.4867e+02
1.6460e-01 7.3198e+02
1.6580e-01 7.1615e+02
1.6710e-01 7.0115e+02
1.6830e-01 6.8612e+02
1.6970e-01 6.7227e+02
1.7100e-01 6.5823e+02
1.7240e-01 6.4543e+02
1.7390e-01 6.3297e+02
1.7540e-01 6.2106e+02
1.7690e-01 6.0952e+02
1.7850e-01 5.9844e+02
1.8020e-01 5.8790e+02
1.8180e-01 5.7781e+02
1.8360e-01 5.6875e+02
1.8540e-01 5.5945e+02
1.8720e-01 5.5082e+02
1.8910e-01 5.4305e+02
1.9100e-01 5.3534e+02
1.9300e-01 5.2861e+02
1.9500e-01 5.2242e+02
1.9710e-01 5.1620e+02
1.9930e-01 5.1112e+02
2.0150e-01 5.0665e+02
2.0380e-01 5.0269e+02
2.0610e-01 4.9936e+02
2.0850e-01 4.9699e+02
2.1100e-01 4.9517e+02
2.1350e-01 4.9424e+02
2.1610e-01 4.9437e+02
2.1880e-01 4.9565e+02
2.2150e-01 4.9784e+02
2.2440e-01 5.0123e+02
2.2730e-01 5.0654e+02
2.3030e-01 5.1308e+02
2.3350e-01 5.2131e+02
2.3670e-01 5.3148e+02
2.4010e-01 5.4481e+02
2.4360e-01 5.5990e+02
2.4720e-01 5.7835e+02
2.5100e-01 6.0001e+02
2.5490e-01 6.2497e+02
2.5910e-01 6.5471e+02
2.6330e-01 6.8852e+02
2.6780e-01 7.2811e+02
2.7260e-01 7.7366e+02
2.7770e-01 8.2579e+02
2.8310e-01 8.8494e+02
2.8880e-01 9.5206e+02
2.9480e-01 1.0279e+03
3.0130e-01 1.1133e+03
3.0820e-01 1.2091e+03
3.1560e-01 1.3160e+03
3.2340e-01 1.4337e+03
3.3190e-01 1.5642e+03
3.4090e-01 1.7070e+03
3.5050e-01 1.8634e+03
3.6070e-01 2.0331e+03
3.7170e-01 2.2164e+03
3.8330e-01 2.4140e+03
3.9570e-01 2.6246e+03
4.0870e-01 2.8490e+03
4.2330e-01 3.1044e+03
4.3780e-01 3.3556e+03
4.5290e-01 3.6147e+03
4.6860e-01 3.8837e+03
4.8490e-01 4.1609e+03
5.0180e-01 4.4449e+03
5.1650e-01 4.6667e+03
5.3420e-01 4.9568e+03
5.5220e-01 5.2503e+03
5.7050e-01 5.5390e+03
5.8890e-01 5.8268e+03
6.0750e-01 6.1081e+03
6.2600e-01 6.3803e+03
6.4440e-01 6.6426e+03
6.6650e-01 6.9956e+03
6.8450e-01 7.2323e+03
7.0220e-01 7.4516e+03
7.1960e-01 7.6558e+03
7.3660e-01 7.8409e+03
7.5310e-01 8.0077e+03
7.6930e-01 8.1538e+03
7.8500e-01 8.2794e+03
8.0020e-01 8.3869e+03
8.1490e-01 8.4720e+03
8.2910e-01 8.5373e+03
8.4290e-01 8.5855e+03
8.5630e-01 8.6138e+03
8.6920e-01 8.6234e+03
8.8170e-01 8.6373e+03
8.9360e-01 8.6086e+03
9.0520e-01 8.5664e+03
9.1640e-01 8.5088e+03
9.2730e-01 8.4371e+03
9.3700e-01 8.3199e+03
9.4740e-01 8.2227e+03
9.5750e-01 8.1235e+03
9.6750e-01 8.0096e+03
9.7740e-01 7.8901e+03
9.8710e-01 7.7537e+03
9.9690e-01 7.6236e+03
1.0070e+00 7.4798e+03
1.0170e+00 7.3298e+03
1.0270e+00 7.1762e+03
1.0380e+00 7.0218e+03
1.0480e+00 6.8607e+03
1.0600e+00 6.6954e+03
1.0700e+00 6.4983e+03
1.0830e+00 6.3311e+03
1.0970e+00 6.1675e+03
1.1120e+00 6.0003e+03
1.1280e+00 5.8337e+03
1.1460e+00 5.6629e+03
1.1650e+00 5.4942e+03
1.1850e+00 5.3259e+03
1.2080e+00 5.1601e+03
1.2320e+00 4.9922e+03
1.2590e+00 4.8250e+03
1.2870e+00 4.6588e+03
1.3180e+00 4.4960e+03
1.3520e+00 4.3346e+03
1.3870e+00 4.1749e+03
1.4270e+00 4.0324e+03
1.4680e+00 3.8733e+03
1.5110e+00 3.7200e+03
1.5570e+00 3.5680e+03
1.6050e+00 3.4214e+03
1.6550e+00 3.2763e+03
1.7080e+00 3.1350e+03
1.7630e+00 2.9990e+03
1.8200e+00 2.8654e+03
1.8780e+00 2.7360e+03
1.9380e+00 2.6101e+03
2.0000e+00 2.4898e+03
2.0630e+00 2.3715e+03
2.1270e+00 2.2601e+03
2.1920e+00 2.1520e+03
2.2580e+00 2.0492e+03
2.3240e+00 1.9496e+03
2.3910e+00 1.8552e+03
2.4580e+00 1.7640e+03
2.5260e+00 1.6779e+03
2.5940e+00 1.5958e+03
2.6610e+00 1.5175e+03
2.7290e+00 1.4424e+03
2.7970e+00 1.3719e+03
2.8640e+00 1.3038e+03
2.9320e+00 1.2399e+03
3.0000e+00 1.1784e+03
3.0670e+00 1.1207e+03
3.1350e+00 1.0657e+03
3.2020e+00 1.0135e+03
3.2700e+00 9.6485e+02
3.3370e+00 9.1798e+02
3.4050e+00 8.7311e+02
3.4730e+00 8.3138e+02
3.5420e+00 7.9208e+02
3.6100e+00 7.5406e+02
3.6800e+00 7.1836e+02
3.7490e+00 6.8439e+02
3.8200e+00 6.5208e+02
3.8910e+00 6.2165e+02
3.9630e+00 5.9277e+02
4.0360e+00 5.6562e+02
4.1100e+00 5.3930e+02
4.1860e+00 5.1470e+02
4.2630e+00 4.9093e+02
4.3410e+00 4.6878e+02
4.4210e+00 4.4752e+02
4.5020e+00 4.2744e+02
4.5850e+00 4.0815e+02
4.6700e+00 3.8967e+02
4.7580e+00 3.7256e+02
4.8470e+00 3.5590e+02
4.9390e+00 3.4046e+02
5.0330e+00 3.2524e+02
5.1300e+00 3.1074e+02
5.2300e+00 2.9716e+02
5.3330e+00 2.8400e+02
5.4380e+00 2.7172e+02
5.5470e+00 2.6005e+02
5.6590e+00 2.4863e+02
5.7750e+00 2.3781e+02
5.8940e+00 2.2769e+02
6.0160e+00 2.1776e+02
6.1430e+00 2.0837e+02
6.2730e+00 1.9953e+02
6.4080e+00 1.9094e+02
6.5460e+00 1.8271e+02
6.6890e+00 1.7489e+02
6.8360e+00 1.6745e+02
6.9880e+00 1.6032e+02
7.1440e+00 1.5351e+02
7.3050e+00 1.4699e+02
7.4710e+00 1.4070e+02
7.6420e+00 1.3476e+02
7.8170e+00 1.2903e+02
7.9970e+00 1.2371e+02
8.1830e+00 1.1849e+02
8.3740e+00 1.1348e+02
8.5710e+00 1.0872e+02
8.7730e+00 1.0419e+02
8.9810e+00 9.9751e+01
9.1940e+00 9.5529e+01
9.4130e+00 9.1538e+01
9.6380e+00 8.7779e+01
9.8690e+00 8.4138e+01
1.0110e+01 8.0636e+01
1.0350e+01 7.7322e+01
1.0600e+01 7.4136e+01
1.0850e+01 7.1083e+01
1.1120e+01 6.8187e+01
1.1390e+01 6.5402e+01
1.1660e+01 6.2747e+01
1.1940e+01 6.0195e+01
1.2230e+01 5.7762e+01
1.2530e+01 5.5427e+01
1.2840e+01 5.3203e+01
1.3150e+01 5.1074e+01
1.3470e+01 4.9043e+01
1.3800e+01 4.7083e+01
1.4140e+01 4.5225e+01
1.4480e+01 4.3446e+01
1.4840e+01 4.1729e+01
1.5210e+01 4.0100e+01
1.5580e+01 3.8531e+01
1.5970e+01 3.7047e+01
1.6360e+01 3.5621e+01
1.6760e+01 3.4242e+01
1.7180e+01 3.2935e+01
1.7610e+01 3.1678e+01
1.8050e+01 3.0477e+01
1.8500e+01 2.9338e+01
1.8970e+01 2.8228e+01
1.9440e+01 2.7188e+01
1.9930e+01 2.6159e+01
2.0440e+01 2.5209e+01
2.0960e+01 2.4273e+01
2.1500e+01 2.3385e+01
2.2050e+01 2.2518e+01
2.2610e+01 2.1715e+01
2.3200e+01 2.0928e+01
2.3800e+01 2.0166e+01
2.4420e+01 1.9444e+01
2.5060e+01 1.8756e+01
2.5730e+01 1.8093e+01
2.6410e+01 1.7459e+01
2.7110e+01 1.6845e+01
2.7840e+01 1.6256e+01
2.8590e+01 1.5684e+01
2.9360e+01 1.5151e+01
3.0160e+01 1.4624e+01
3.0990e+01 1.4125e+01
3.1840e+01 1.3643e+01
3.2730e+01 1.3176e+01
3.3640e+01 1.2732e+01
3.4590e+01 1.2307e+01
3.5570e+01 1.1889e+01
3.6580e+01 1.1493e+01
3.7630e+01 1.1110e+01
3.8720e+01 1.0744e+01
3.9840e+01 1.0392e+01
4.1010e+01 1.0049e+01
4.2230e+01 9.7155e+00
4.3480e+01 9.4052e+00
4.4790e+01 9.0929e+00
4.6140e+01 8.8032e+00
4.7550e+01 8.5160e+00
4.9010e+01 8.2440e+00
5.0540e+01 7.9750e+00
5.2120e+01 7.7184e+00
5.3770e+01 7.4755e+00
5.5480e+01 7.2304e+00
5.7270e+01 7.0029e+00
5.9130e+01 6.7772e+00
6.1080e+01 6.5594e+00
6.3100e+01 6.3477e+00
6.5220e+01 6.1470e+00
6.7440e+01 5.9492e+00
6.9750e+01 5.7587e+00
7.2180e+01 5.5715e+00
7.4710e+01 5.3887e+00
7.7370e+01 5.2143e+00
