5.1300e-02 2.2933e+04
5.1730e-02 2.2653e+04
5.2170e-02 2.2354e+04
5.2620e-02 2.2076e+04
5.3080e-02 2.1814e+04
5.3560e-02 2.1560e+04
5.4050e-02 2.1317e+04
5.4550e-02 2.1071e+04
5.5060e-02 2.0837e+04
5.5590e-02 2.0622e+04
5.6130e-02 2.0409e+04
5.6690e-02 2.0192e+04
5.7260e-02 1.9991e+04
5.7840e-02 1.9802e+04
5.8450e-02 1.9608e+04
5.9060e-02 1.9430e+04
5.9700e-02 1.9252e+04
6.0350e-02 1.9104e+04
6.1020e-02 1.8933e+04
6.1700e-02 1.8791e+04
6.2410e-02 1.8646e+04
6.3130e-02 1.8510e+04
6.3860e-02 1.8378e+04
6.4620e-02 1.8244e+04
6.5390e-02 1.8130e+04
6.6180e-02 1.8008e+04
6.6990e-02 1.7898e+04
6.7820e-02 1.7795e+04
6.8680e-02 1.7722e+04
6.9550e-02 1.7618e+04
7.0430e-02 1.7527e+04
7.1330e-02 1.7432e+04
7.2250e-02 1.7343e+04
7.3180e-02 1.7270e+04
7.4130e-02 1.7187e+04
7.5110e-02 1.7106e+04
7.6090e-02 1.7035e+04
7.7100e-02 1.6955e+04
7.8130e-02 1.6891e+04
7.9170e-02 1.6826e+04
8.0240e-02 1.6761e+04
8.1320e-02 1.6695e+04
8.2420e-02 1.6636e+04
8.3540e-02 1.6584e+04
8.4670e-02 1.6523e+04
8.5830e-02 1.6468e+04
8.7000e-02 1.6413e+04
8.8200e-02 1.6364e+04
8.9410e-02 1.6316e+04
9.0640e-02 1.6268e+04
9.1880e-02 1.6222e+04
9.3150e-02 1.6170e+04
9.4420e-02 1.6127e+04
9.5720e-02 1.6083e+04
9.7030e-02 1.6037e+04
9.8350e-02 1.5995e+04
9.9680e-02 1.5946e+04
1.0100e-01 1.5904e+04
1.0240e-01 1.5850e+04
1.0370e-01 1.5803e+04
1.0510e-01 1.5748e+04
1.0650e-01 1.5694e+04
1.0780e-01 1.5642e+04
1.0920e-01 1.5582e+04
1.1060e-01 1.5517e+04
1.1190e-01 1.5450e+04
1.1330e-01 1.5375e+04
1.1460e-01 1.5297e+04
1.1600e-01 1.5216e+04
1.1730e-01 1.5122e+04
1.1860e-01 1.5021e+04
1.1990e-01 1.4934e+04
1.2110e-01 1.4816e+04
1.2240e-01 1.4713e+04
1.2360e-01 1.4588e+04
1.2480e-01 1.4465e+04
1.2600e-01 1.4324e+04
1.2720e-01 1.4189e+04
1.2830e-01 1.4046e+04
1.2940e-01 1.3888e+04
1.3050e-01 1.3728e+04
1.3150e-01 1.3571e+04
1.3260e-01 1.3401e+04
1.3360e-01 1.3219e+04
1.3460e-01 1.3046e+04
1.3550e-01 1.2860e+04
1.3650e-01 1.2676e+04
1.3740e-01 1.2490e+04
1.3830e-01 1.2298e+04
1.3920e-01 1.2107e+04
1.4010e-01 1.1903e+04
1.4100e-01 1.1710e+04
1.4180e-01 1.1515e+04
1.4260e-01 1.1315e+04
1.4350e-01 1.1112e+04
1.4430e-01 1.0920e+04
1.4510e-01 1.0724e+04
1.4590e-01 1.0529e+04
1.4670e-01 1.0342e+04
1.4750e-01 1.0144e+04
1.4840e-01 9.9567e+03
1.4920e-01 9.7747e+03
1.5000e-01 9.5923e+03
1.5080e-01 9.4118e+03
1.5170e-01 9.2382e+03
1.5260e-01 9.0701e+03
1.5340e-01 8.8965e+03
1.5430e-01 8.7383e+03
1.5520e-01 8.5765e+03
1.5620e-01 8.4184e+03
1.5710e-01 8.2752e+03
1.5810e-01 8.1270e+03
1.5910e-01 7.9859e+03
1.6010e-01 7.8491e+03
1.6120e-01 7.7155e+03
1.6230e-01 7.5872e+03
1.6340e-01 7.4695e+03
1.6460e-01 7.3492e+03
1.6580e-01 7.2351e+03
1.6710e-01 7.1301e+03
1.6830e-01 7.0224e+03
1.6970e-01 6.9244e+03
1.7100e-01 6.8258e+03
1.7240e-01 6.7367e+03
1.7390e-01 6.6508e+03
1.7540e-01 6.5689e+03
1.7690e-01 6.4898e+03
1.7850e-01 6.4140e+03
1.8020e-01 6.3408e+03
1.8180e-01 6.2719e+03
1.8360e-01 6.2120e+03
1.8540e-01 6.1482e+03
1.8720e-01 6.0880e+03
1.8910e-01 6.0361e+03
1.9100e-01 5.9813e+03
1.9300e-01 5.9349e+03
1.9500e-01 5.8913e+03
1.9710e-01 5.8450e+03
1.9930e-01 5.8066e+03
2.0150e-01 5.7717e+03
2.0380e-01 5.7380e+03
2.0610e-01 5.7057e+03
2.0850e-01 5.6791e+03
2.1100e-01 5.6525e+03
2.1350e-01 5.6280e+03
2.1610e-01 5.6092e+03
2.1880e-01 5.5950e+03
2.2150e-01 5.5818e+03
2.2440e-01 5.5687e+03
2.2730e-01 5.5661e+03
2.3030e-01 5.5635e+03
2.3350e-01 5.5572e+03
2.3670e-01 5.5650e+03
2.4010e-01 5.5728e+03
2.4360e-01 5.5859e+03
2.4720e-01 5.6042e+03
2.5100e-01 5.6241e+03
2.5490e-01 5.6525e+03
2.5910e-01 5.6896e+03
2.6330e-01 5.7239e+03
2.6780e-01 5.7749e+03
2.7260e-01 5.8345e+03
2.7770e-01 5.9027e+03
2.8310e-01 5.9792e+03
2.8880e-01 6.0702e+03
2.9480e-01 6.1739e+03
3.0130e-01 6.2911e+03
3.0820e-01 6.4263e+03
3.1560e-01 6.5798e+03
3.2340e-01 6.7460e+03
3.3190e-01 6.9298e+03
3.4090e-01 7.1340e+03
3.5050e-01 7.3650e+03
3.6070e-01 7.6113e+03
3.7170e-01 7.8820e+03
3.8330e-01 8.1753e+03
3.9570e-01 8.4874e+03
4.0870e-01 8.8253e+03
4.2330e-01 9.2255e+03
4.3780e-01 9.6051e+03
4.5290e-01 1.0003e+04
4.6860e-01 1.0420e+04
4.8490e-01 1.0851e+04
5.0180e-01 1.1294e+04
5.1650e-01 1.1610e+04
5.3420e-01 1.2069e+04
5.5220e-01 1.2536e+04
5.7050e-01 1.2999e+04
5.8890e-01 1.3462e+04
6.0750e-01 1.3915e+04
6.2600e-01 1.4357e+04
6.4440e-01 1.4783e+04
6.6650e-01 1.5401e+04
6.8450e-01 1.5785e+04
7.0220e-01 1.6143e+04
7.1960e-01 1.6474e+04
7.3660e-01 1.6775e+04
7.5310e-01 1.7045e+04
7.6930e-01 1.7281e+04
7.8500e-01 1.7484e+04
8.0020e-01 1.7651e+04
8.1490e-01 1.7783e+04
8.2910e-01 1.7880e+04
8.4290e-01 1.7945e+04
8.5630e-01 1.7980e+04
8.6920e-01 1.7976e+04
8.8170e-01 1.7964e+04
8.9360e-01 1.7899e+04
9.0520e-01 1.7802e+04
9.1640e-01 1.7685e+04
9.2730e-01 1.7537e+04
9.3700e-01 1.7325e+04
9.4740e-01 1.7131e+04
9.5750e-01 1.6936e+04
9.6750e-01 1.6710e+04
9.7740e-01 1.6474e+04
9.8710e-01 1.6208e+04
9.9690e-01 1.5954e+04
1.0070e+00 1.5672e+04
1.0170e+00 1.5381e+04
1.0270e+00 1.5080e+04
1.0380e+00 1.4779e+04
1.0480e+00 1.4466e+04
1.0600e+00 1.4144e+04
1.0700e+00 1.3755e+04
1.0830e+00 1.3429e+04
1.0970e+00 1.3109e+04
1.1120e+00 1.2779e+04
1.1280e+00 1.2451e+04
1.1460e+00 1.2112e+04
1.1650e+00 1.1781e+04
1.1850e+00 1.1445e+04
1.2080e+00 1.1117e+04
1.2320e+00 1.0780e+04
1.2590e+00 1.0447e+04
1.2870e+00 1.0112e+04
1.3180e+00 9.7827e+03
1.3520e+00 9.4566e+03
1.3870e+00 9.1318e+03
1.4270e+00 8.8417e+03
1.4680e+00 8.5163e+03
1.5110e+00 8.2020e+03
1.5570e+00 7.8883e+03
1.6050e+00 7.5839e+03
1.6550e+00 7.2815e+03
1.7080e+00 6.9864e+03
1.7630e+00 6.7015e+03
1.8200e+00 6.4188e+03
1.8780e+00 6.1462e+03
1.9380e+00 5.8780e+03
2.0000e+00 5.6214e+03
2.0630e+00 5.3687e+03
2.1270e+00 5.1292e+03
2.1920e+00 4.8951e+03
2.2580e+00 4.6724e+03
2.3240e+00 4.4558e+03
2.3910e+00 4.2503e+03
2.4580e+00 4.0509e+03
2.5260e+00 3.8609e+03
2.5940e+00 3.6791e+03
2.6610e+00 3.5060e+03
2.7290e+00 3.3390e+03
2.7970e+00 3.1807e+03
2.8640e+00 3.0289e+03
2.9320e+00 2.8850e+03
3.0000e+00 2.7461e+03
3.0670e+00 2.6161e+03
3.1350e+00 2.4909e+03
3.2020e+00 2.3719e+03
3.2700e+00 2.2605e+03
3.3370e+00 2.1535e+03
3.4050e+00 2.0503e+03
3.4730e+00 1.9541e+03
3.5420e+00 1.8628e+03
3.6100e+00 1.7743e+03
3.6800e+00 1.6919e+03
3.7490e+00 1.6124e+03
3.8200e+00 1.5371e+03
3.8910e+00 1.4654e+03
3.9630e+00 1.3973e+03
4.0360e+00 1.3332e+03
4.1100e+00 1.2712e+03
4.1860e+00 1.2128e+03
4.2630e+00 1.1566e+03
4.3410e+00 1.1034e+03
4.4210e+00 1.0529e+03
4.5020e+00 1.0048e+03
4.5850e+00 9.5847e+02
4.6700e+00 9.1470e+02
4.7580e+00 8.7336e+02
4.8470e+00 8.3314e+02
4.9390e+00 7.9603e+02
5.0330e+00 7.5945e+02
5.1300e+00 7.2453e+02
5.2300e+00 6.9143e+02
5.3330e+00 6.5963e+02
5.4380e+00 6.2984e+02
5.5470e+00 6.0095e+02
5.6590e+00 5.7319e+02
5.7750e+00 5.4696e+02
5.8940e+00 5.2226e+02
6.0160e+00 4.9802e+02
6.1430e+00 4.7513e+02
6.2730e+00 4.5344e+02
6.4080e+00 4.3242e+02
6.5460e+00 4.1223e+02
6.6890e+00 3.9325e+02
6.8360e+00 3.7500e+02
6.9880e+00 3.5751e+02
7.1440e+00 3.4078e+02
7.3050e+00 3.2479e+02
7.4710e+00 3.0937e+02
7.6420e+00 2.9501e+02
7.8170e+00 2.8098e+02
7.9970e+00 2.6796e+02
8.1830e+00 2.5517e+02
8.3740e+00 2.4312e+02
8.5710e+00 2.3151e+02
8.7730e+00 2.2044e+02
8.9810e+00 2.0975e+02
9.1940e+00 1.9952e+02
9.4130e+00 1.8985e+02
9.6380e+00 1.8074e+02
9.8690e+00 1.7209e+02
1.0110e+01 1.6369e+02
1.0350e+01 1.5574e+02
1.0600e+01 1.4813e+02
1.0850e+01 1.4088e+02
1.1120e+01 1.3401e+02
1.1390e+01 1.2744e+02
1.1660e+01 1.2122e+02
1.1940e+01 1.1526e+02
1.2230e+01 1.0958e+02
1.2530e+01 1.0419e+02
1.2840e+01 9.9051e+01
1.3150e+01 9.4169e+01
1.3470e+01 8.9519e+01
1.3800e+01 8.5086e+01
1.4140e+01 8.0888e+01
1.4480e+01 7.6893e+01
1.4840e+01 7.3077e+01
1.5210e+01 6.9456e+01
1.5580e+01 6.6018e+01
1.5970e+01 6.2763e+01
1.6360e+01 5.9660e+01
1.6760e+01 5.6716e+01
1.7180e+01 5.3917e+01
1.7610e+01 5.1253e+01
1.8050e+01 4.8727e+01
1.8500e+01 4.6329e+01
1.8970e+01 4.4051e+01
1.9440e+01 4.1899e+01
1.9930e+01 3.9816e+01
2.0440e+01 3.7889e+01
2.0960e+01 3.6031e+01
2.1500e+01 3.4273e+01
2.2050e+01 3.2582e+01
2.2610e+01 3.1018e+01
2.3200e+01 2.9505e+01
2.3800e+01 2.8063e+01
2.4420e+01 2.6701e+01
2.5060e+01 2.5412e+01
2.5730e+01 2.4189e+01
2.6410e+01 2.3037e+01
2.7110e+01 2.1928e+01
2.7840e+01 2.0881e+01
2.8590e+01 1.9874e+01
2.9360e+01 1.8930e+01
3.0160e+01 1.8028e+01
3.0990e+01 1.7177e+01
3.1840e+01 1.6366e+01
3.2730e+01 1.5594e+01
3.3640e+01 1.4863e+01
3.4590e+01 1.4166e+01
3.5570e+01 1.3503e+01
3.6580e+01 1.2875e+01
3.7630e+01 1.2280e+01
3.8720e+01 1.1712e+01
3.9840e+01 1.1173e+01
4.1010e+01 1.0657e+01
4.2230e+01 1.0171e+01
4.3480e+01 9.7089e+00
4.4790e+01 9.2649e+00
4.6140e+01 8.8442e+00
4.7550e+01 8.4490e+00
4.9010e+01 8.0646e+00
5.0540e+01 7.7048e+00
5.2120e+01 7.3570e+00
5.3770e+01 7.0307e+00
5.5480e+01 6.7180e+00
5.7270e+01 6.4177e+00
5.9130e+01 6.1339e+00
6.1080e+01 5.8610e+00
6.3100e+01 5.6039e+00
6.5220e+01 5.3563e+00
6.7440e+01 5.1212e+00
6.9750e+01 4.8951e+00
7.2180e+01 4.6811e+00
7.4710e+01 4.4732e+00
7.7370e+01 4.2784e+00
