5.1300e-02 4.5916e+07
5.1730e-02 4.5197e+07
5.2170e-02 4.4459e+07
5.2620e-02 4.3746e+07
5.3080e-02 4.3049e+07
5.3560e-02 4.2389e+07
5.4050e-02 4.1752e+07
5.4550e-02 4.1099e+07
5.5060e-02 4.0483e+07
5.5590e-02 3.9894e+07
5.6130e-02 3.9303e+07
5.6690e-02 3.8703e+07
5.7260e-02 3.8143e+07
5.7840e-02 3.7602e+07
5.8450e-02 3.7050e+07
5.9060e-02 3.6529e+07
5.9700e-02 3.6015e+07
6.0350e-02 3.5530e+07
6.1020e-02 3.5035e+07
6.1700e-02 3.4570e+07
6.2410e-02 3.4115e+07
6.3130e-02 3.3655e+07
6.3860e-02 3.3209e+07
6.4620e-02 3.2777e+07
6.5390e-02 3.2360e+07
6.6180e-02 3.1943e+07
6.6990e-02 3.1543e+07
6.7820e-02 3.1157e+07
6.8680e-02 3.0794e+07
6.9550e-02 3.0410e+07
7.0430e-02 3.0040e+07
7.1330e-02 2.9669e+07
7.2250e-02 2.9308e+07
7.3180e-02 2.8964e+07
7.4130e-02 2.8611e+07
7.5110e-02 2.8261e+07
7.6090e-02 2.7929e+07
7.7100e-02 2.7593e+07
7.8130e-02 2.7275e+07
7.9170e-02 2.6950e+07
8.0240e-02 2.6629e+07
8.1320e-02 2.6319e+07
8.2420e-02 2.6011e+07
8.3540e-02 2.5713e+07
8.4670e-02 2.5410e+07
8.5830e-02 2.5114e+07
8.7000e-02 2.4823e+07
8.8200e-02 2.4536e+07
8.9410e-02 2.4250e+07
9.0640e-02 2.3978e+07
9.1880e-02 2.3700e+07
9.3150e-02 2.3428e+07
9.4420e-02 2.3156e+07
9.5720e-02 2.2896e+07
9.7030e-02 2.2634e+07
9.8350e-02 2.2380e+07
9.9680e-02 2.2125e+07
1.0100e-01 2.1872e+07
1.0240e-01 2.1620e+07
1.0370e-01 2.1368e+07
1.0510e-01 2.1122e+07
1.0650e-01 2.0874e+07
1.0780e-01 2.0640e+07
1.0920e-01 2.0396e+07
1.1060e-01 2.0147e+07
1.1190e-01 1.9907e+07
1.1330e-01 1.9658e+07
1.1460e-01 1.9416e+07
1.1600e-01 1.9170e+07
1.1730e-01 1.8923e+07
1.1860e-01 1.8664e+07
1.1990e-01 1.8431e+07
1.2110e-01 1.8166e+07
1.2240e-01 1.7923e+07
1.2360e-01 1.7660e+07
1.2480e-01 1.7407e+07
1.2600e-01 1.7139e+07
1.2720e-01 1.6881e+07
1.2830e-01 1.6620e+07
1.2940e-01 1.6345e+07
1.3050e-01 1.6073e+07
1.3150e-01 1.5810e+07
1.3260e-01 1.5536e+07
1.3360e-01 1.5252e+07
1.3460e-01 1.4982e+07
1.3550e-01 1.4705e+07
1.3650e-01 1.4429e+07
1.3740e-01 1.4156e+07
1.3830e-01 1.3881e+07
1.3920e-01 1.3606e+07
1.4010e-01 1.3324e+07
1.4100e-01 1.3054e+07
1.4180e-01 1.2783e+07
1.4260e-01 1.2511e+07
1.4350e-01 1.2239e+07
1.4430e-01 1.1978e+07
1.4510e-01 1.1716e+07
1.4590e-01 1.1454e+07
1.4670e-01 1.1206e+07
1.4750e-01 1.0944e+07
1.4840e-01 1.0697e+07
1.4920e-01 1.0455e+07
1.5000e-01 1.0216e+07
1.5080e-01 9.9783e+06
1.5170e-01 9.7487e+06
1.5260e-01 9.5256e+06
1.5340e-01 9.2992e+06
1.5430e-01 9.0869e+06
1.5520e-01 8.8721e+06
1.5620e-01 8.6633e+06
1.5710e-01 8.4684e+06
1.5810e-01 8.2696e+06
1.5910e-01 8.0793e+06
1.6010e-01 7.8922e+06
1.6120e-01 7.7098e+06
1.6230e-01 7.5330e+06
1.6340e-01 7.3660e+06
1.6460e-01 7.1980e+06
1.6580e-01 7.0367e+06
1.6710e-01 6.8838e+06
1.6830e-01 6.7292e+06
1.6970e-01 6.5854e+06
1.7100e-01 6.4393e+06
1.7240e-01 6.3031e+06
1.7390e-01 6.1701e+06
1.7540e-01 6.0412e+06
1.7690e-01 5.9159e+06
1.7850e-01 5.7933e+06
1.8020e-01 5.6743e+06
1.8180e-01 5.5582e+06
1.8360e-01 5.4509e+06
1.8540e-01 5.3409e+06
1.8720e-01 5.2341e+06
1.8910e-01 5.1347e+06
1.9100e-01 5.0332e+06
1.9300e-01 4.9386e+06
1.9500e-01 4.8468e+06
1.9710e-01 4.7528e+06
1.9930e-01 4.6652e+06
2.0150e-01 4.5808e+06
2.0380e-01 4.4975e+06
2.0610e-01 4.4153e+06
2.0850e-01 4.3374e+06
2.1100e-01 4.2597e+06
2.1350e-01 4.1840e+06
2.1610e-01 4.1113e+06
2.1880e-01 4.0412e+06
2.2150e-01 3.9708e+06
2.2440e-01 3.9031e+06
2.2730e-01 3.8389e+06
2.3030e-01 3.7747e+06
2.3350e-01 3.7101e+06
2.3670e-01 3.6489e+06
2.4010e-01 3.5909e+06
2.4360e-01 3.5334e+06
2.4720e-01 3.4765e+06
2.5100e-01 3.4212e+06
2.5490e-01 3.3666e+06
2.5910e-01 3.3156e+06
2.6330e-01 3.2633e+06
2.6780e-01 3.2133e+06
2.7260e-01 3.1673e+06
2.7770e-01 3.1215e+06
2.8310e-01 3.0779e+06
2.8880e-01 3.0358e+06
2.9480e-01 2.9954e+06
3.0130e-01 2.9569e+06
3.0820e-01 2.9212e+06
3.1560e-01 2.8870e+06
3.2340e-01 2.8542e+06
3.3190e-01 2.8235e+06
3.4090e-01 2.7947e+06
3.5050e-01 2.7701e+06
3.6070e-01 2.7454e+06
3.7170e-01 2.7231e+06
3.8330e-01 2.7035e+06
3.9570e-01 2.6850e+06
4.0870e-01 2.6694e+06
4.2330e-01 2.6603e+06
4.3780e-01 2.6490e+06
4.5290e-01 2.6384e+06
4.6860e-01 2.6297e+06
4.8490e-01 2.6221e+06
5.0180e-01 2.6161e+06
5.1650e-01 2.5942e+06
5.3420e-01 2.5902e+06
5.5220e-01 2.5871e+06
5.7050e-01 2.5835e+06
5.8890e-01 2.5815e+06
6.0750e-01 2.5788e+06
6.2600e-01 2.5756e+06
6.4440e-01 2.5699e+06
6.6650e-01 2.5878e+06
6.8450e-01 2.5803e+06
7.0220e-01 2.5718e+06
7.1960e-01 2.5623e+06
7.3660e-01 2.5520e+06
7.5310e-01 2.5379e+06
7.6930e-01 2.5224e+06
7.8500e-01 2.5079e+06
8.0020e-01 2.4874e+06
8.1490e-01 2.4677e+06
8.2910e-01 2.4446e+06
8.4290e-01 2.4202e+06
8.5630e-01 2.3949e+06
8.6920e-01 2.3677e+06
8.8170e-01 2.3415e+06
8.9360e-01 2.3099e+06
9.0520e-01 2.2770e+06
9.1640e-01 2.2440e+06
9.2730e-01 2.2094e+06
9.3700e-01 2.1715e+06
9.4740e-01 2.1333e+06
9.5750e-01 2.0988e+06
9.6750e-01 2.0605e+06
9.7740e-01 2.0229e+06
9.8710e-01 1.9847e+06
9.9690e-01 1.9479e+06
1.0070e+00 1.9090e+06
1.0170e+00 1.8702e+06
1.0270e+00 1.8317e+06
1.0380e+00 1.7956e+06
1.0480e+00 1.7578e+06
1.0600e+00 1.7197e+06
1.0700e+00 1.6784e+06
1.0830e+00 1.6428e+06
1.0970e+00 1.6075e+06
1.1120e+00 1.5733e+06
1.1280e+00 1.5413e+06
1.1460e+00 1.5074e+06
1.1650e+00 1.4763e+06
1.1850e+00 1.4452e+06
1.2080e+00 1.4168e+06
1.2320e+00 1.3880e+06
1.2590e+00 1.3599e+06
1.2870e+00 1.3332e+06
1.3180e+00 1.3073e+06
1.3520e+00 1.2833e+06
1.3870e+00 1.2595e+06
1.4270e+00 1.2401e+06
1.4680e+00 1.2174e+06
1.5110e+00 1.1970e+06
1.5570e+00 1.1765e+06
1.6050e+00 1.1577e+06
1.6550e+00 1.1389e+06
1.7080e+00 1.1213e+06
1.7630e+00 1.1046e+06
1.8200e+00 1.0874e+06
1.8780e+00 1.0717e+06
1.9380e+00 1.0557e+06
2.0000e+00 1.0414e+06
2.0630e+00 1.0258e+06
2.1270e+00 1.0119e+06
2.1920e+00 9.9749e+05
2.2580e+00 9.8387e+05
2.3240e+00 9.7054e+05
2.3910e+00 9.5714e+05
2.4580e+00 9.4345e+05
2.5260e+00 9.3079e+05
2.5940e+00 9.1753e+05
2.6610e+00 9.0513e+05
2.7290e+00 8.9180e+05
2.7970e+00 8.7964e+05
2.8640e+00 8.6665e+05
2.9320e+00 8.5443e+05
3.0000e+00 8.4147e+05
3.0670e+00 8.2961e+05
3.1350e+00 8.1708e+05
3.2020e+00 8.0464e+05
3.2700e+00 7.9286e+05
3.3370e+00 7.8137e+05
3.4050e+00 7.6904e+05
3.4730e+00 7.5744e+05
3.5420e+00 7.4606e+05
3.6100e+00 7.3475e+05
3.6800e+00 7.2370e+05
3.7490e+00 7.1244e+05
3.8200e+00 7.0179e+05
3.8910e+00 6.9084e+05
3.9630e+00 6.8054e+05
4.0360e+00 6.7078e+05
4.1100e+00 6.6021e+05
4.1860e+00 6.5070e+05
4.2630e+00 6.4083e+05
4.3410e+00 6.3126e+05
4.4210e+00 6.2230e+05
4.5020e+00 6.1331e+05
4.5850e+00 6.0445e+05
4.6700e+00 5.9591e+05
4.7580e+00 5.8770e+05
4.8470e+00 5.7938e+05
4.9390e+00 5.7181e+05
5.0330e+00 5.6408e+05
5.1300e+00 5.5634e+05
5.2300e+00 5.4898e+05
5.3330e+00 5.4164e+05
5.4380e+00 5.3475e+05
5.5470e+00 5.2812e+05
5.6590e+00 5.2126e+05
5.7750e+00 5.1481e+05
5.8940e+00 5.0885e+05
6.0160e+00 5.0262e+05
6.1430e+00 4.9679e+05
6.2730e+00 4.9126e+05
6.4080e+00 4.8553e+05
6.5460e+00 4.7998e+05
6.6890e+00 4.7464e+05
6.8360e+00 4.6951e+05
6.9880e+00 4.6440e+05
7.1440e+00 4.5934e+05
7.3050e+00 4.5455e+05
7.4710e+00 4.4962e+05
7.6420e+00 4.4501e+05
7.8170e+00 4.4027e+05
7.9970e+00 4.3609e+05
8.1830e+00 4.3164e+05
8.3740e+00 4.2721e+05
8.5710e+00 4.2295e+05
8.7730e+00 4.1890e+05
8.9810e+00 4.1463e+05
9.1940e+00 4.1032e+05
9.4130e+00 4.0621e+05
9.6380e+00 4.0252e+05
9.8690e+00 3.9860e+05
1.0110e+01 3.9463e+05
1.0350e+01 3.9095e+05
1.0600e+01 3.8701e+05
1.0850e+01 3.8322e+05
1.1120e+01 3.7964e+05
1.1390e+01 3.7586e+05
1.1660e+01 3.7232e+05
1.1940e+01 3.6866e+05
1.2230e+01 3.6510e+05
1.2530e+01 3.6155e+05
1.2840e+01 3.5798e+05
1.3150e+01 3.5449e+05
1.3470e+01 3.5101e+05
1.3800e+01 3.4757e+05
1.4140e+01 3.4421e+05
1.4480e+01 3.4090e+05
1.4840e+01 3.3759e+05
1.5210e+01 3.3434e+05
1.5580e+01 3.3103e+05
1.5970e+01 3.2789e+05
1.6360e+01 3.2470e+05
1.6760e+01 3.2156e+05
1.7180e+01 3.1844e+05
1.7610e+01 3.1537e+05
1.8050e+01 3.1227e+05
1.8500e+01 3.0937e+05
1.8970e+01 3.0641e+05
1.9440e+01 3.0357e+05
1.9930e+01 3.0050e+05
2.0440e+01 2.9788e+05
2.0960e+01 2.9507e+05
2.1500e+01 2.9232e+05
2.2050e+01 2.8946e+05
2.2610e+01 2.8698e+05
2.3200e+01 2.8437e+05
2.3800e+01 2.8174e+05
2.4420e+01 2.7915e+05
2.5060e+01 2.7671e+05
2.5730e+01 2.7429e+05
2.6410e+01 2.7191e+05
2.7110e+01 2.6958e+05
2.7840e+01 2.6723e+05
2.8590e+01 2.6483e+05
2.9360e+01 2.6266e+05
3.0160e+01 2.6035e+05
3.0990e+01 2.5816e+05
3.1840e+01 2.5612e+05
3.2730e+01 2.5381e+05
3.3640e+01 2.5180e+05
3.4590e+01 2.4966e+05
3.5570e+01 2.4758e+05
3.6580e+01 2.4551e+05
3.7630e+01 2.4346e+05
3.8720e+01 2.4143e+05
3.9840e+01 2.3940e+05
4.1010e+01 2.3735e+05
4.2230e+01 2.3531e+05
4.3480e+01 2.3337e+05
4.4790e+01 2.3127e+05
4.6140e+01 2.2928e+05
4.7550e+01 2.2730e+05
4.9010e+01 2.2522e+05
5.0540e+01 2.2313e+05
5.2120e+01 2.2105e+05
5.3770e+01 2.1904e+05
5.5480e+01 2.1683e+05
5.7270e+01 2.1471e+05
5.9130e+01 2.1254e+05
6.1080e+01 2.1026e+05
6.3100e+01 2.0798e+05
6.5220e+01 2.0573e+05
6.7440e+01 2.0331e+05
6.9750e+01 2.0098e+05
7.2180e+01 1.9851e+05
7.4710e+01 1.9600e+05
7.7370e+01 1.9347e+05
