5.1300e-02 6.0540e+00
5.1730e-02 5.9611e+00
5.2170e-02 5.8653e+00
5.2620e-02 5.7739e+00
5.3080e-02 5.6833e+00
5.3560e-02 5.5982e+00
5.4050e-02 5.5162e+00
5.4550e-02 5.4330e+00
5.5060e-02 5.3543e+00
5.5590e-02 5.2789e+00
5.6130e-02 5.2040e+00
5.6690e-02 5.1290e+00
5.7260e-02 5.0575e+00
5.7840e-02 4.9906e+00
5.8450e-02 4.9218e+00
5.9060e-02 4.8566e+00
5.9700e-02 4.7939e+00
6.0350e-02 4.7350e+00
6.1020e-02 4.6750e+00
6.1700e-02 4.6196e+00
6.2410e-02 4.5651e+00
6.3130e-02 4.5113e+00
6.3860e-02 4.4591e+00
6.4620e-02 4.4097e+00
6.5390e-02 4.3619e+00
6.6180e-02 4.3144e+00
6.6990e-02 4.2702e+00
6.7820e-02 4.2267e+00
6.8680e-02 4.2475e+00
6.9550e-02 4.2058e+00
7.0430e-02 4.1648e+00
7.1330e-02 4.1246e+00
7.2250e-02 4.0866e+00
7.3180e-02 4.0496e+00
7.4130e-02 4.0130e+00
7.5110e-02 3.9768e+00
7.6090e-02 3.9425e+00
7.7100e-02 3.9077e+00
7.8130e-02 3.8754e+00
7.9170e-02 3.8430e+00
8.0240e-02 3.8110e+00
8.1320e-02 3.7792e+00
8.2420e-02 3.7484e+00
8.3540e-02 3.7190e+00
8.4670e-02 3.6884e+00
8.5830e-02 3.6586e+00
8.7000e-02 3.6291e+00
8.8200e-02 3.5996e+00
8.9410e-02 3.5709e+00
9.0640e-02 3.5425e+00
9.1880e-02 3.5129e+00
9.3150e-02 3.4829e+00
9.4420e-02 3.4529e+00
9.5720e-02 3.4231e+00
9.7030e-02 3.3927e+00
9.8350e-02 3.3619e+00
9.9680e-02 3.3297e+00
1.0100e-01 3.2973e+00
1.0240e-01 3.2630e+00
1.0370e-01 3.2281e+00
1.0510e-01 3.1921e+00
1.0650e-01 3.1549e+00
1.0780e-01 3.1172e+00
1.0920e-01 3.0773e+00
1.1060e-01 3.0353e+00
1.1190e-01 2.9923e+00
1.1330e-01 2.9473e+00
1.1460e-01 2.9013e+00
1.1600e-01 2.8534e+00
1.1730e-01 2.8036e+00
1.1860e-01 2.7514e+00
1.1990e-01 2.7012e+00
1.2110e-01 2.6454e+00
1.2240e-01 2.5925e+00
1.2360e-01 2.5359e+00
1.2480e-01 2.4798e+00
1.2600e-01 2.4212e+00
1.2720e-01 2.3642e+00
1.2830e-01 2.3068e+00
1.2940e-01 2.2476e+00
1.3050e-01 2.1892e+00
1.3150e-01 2.1329e+00
1.3260e-01 2.0762e+00
1.3360e-01 2.0194e+00
1.3460e-01 1.9653e+00
1.3550e-01 1.9121e+00
1.3650e-01 1.8608e+00
1.3740e-01 1.8117e+00
1.3830e-01 1.7645e+00
1.3920e-01 1.7197e+00
1.4010e-01 1.6761e+00
1.4100e-01 1.6364e+00
1.4180e-01 1.5996e+00
1.4260e-01 1.5650e+00
1.4350e-01 1.5332e+00
1.4430e-01 1.5056e+00
1.4510e-01 1.4810e+00
1.4590e-01 1.4593e+00
1.4670e-01 1.4423e+00
1.4750e-01 1.4268e+00
1.4840e-01 1.4162e+00
1.4920e-01 1.4096e+00
1.5000e-01 1.4063e+00
1.5080e-01 1.4067e+00
1.5170e-01 1.4113e+00
1.5260e-01 1.4202e+00
1.5340e-01 1.4327e+00
1.5430e-01 1.4493e+00
1.5520e-01 1.4709e+00
1.5620e-01 1.4955e+00
1.5710e-01 1.5270e+00
1.5810e-01 1.5617e+00
1.5910e-01 1.6013e+00
1.6010e-01 1.6456e+00
1.6120e-01 1.6955e+00
1.6230e-01 1.7508e+00
1.6340e-01 1.8132e+00
1.6460e-01 1.8793e+00
1.6580e-01 1.9525e+00
1.6710e-01 2.0330e+00
1.6830e-01 2.1181e+00
1.6970e-01 2.2128e+00
1.7100e-01 2.3116e+00
1.7240e-01 2.4207e+00
1.7390e-01 2.5377e+00
1.7540e-01 2.6635e+00
1.7690e-01 2.7969e+00
1.7850e-01 2.9393e+00
1.8020e-01 3.0899e+00
1.8180e-01 3.2509e+00
1.8360e-01 3.4246e+00
1.8540e-01 3.6046e+00
1.8720e-01 3.7961e+00
1.8910e-01 4.0016e+00
1.9100e-01 4.2147e+00
1.9300e-01 4.4431e+00
1.9500e-01 4.6846e+00
1.9710e-01 4.9341e+00
1.9930e-01 5.2010e+00
2.0150e-01 5.4822e+00
2.0380e-01 5.7767e+00
2.0610e-01 6.0856e+00
2.0850e-01 6.4100e+00
2.1100e-01 6.7475e+00
2.1350e-01 7.1001e+00
2.1610e-01 7.4737e+00
2.1880e-01 7.8652e+00
2.2150e-01 8.2686e+00
2.2440e-01 8.6933e+00
2.2730e-01 9.1391e+00
2.3030e-01 9.6007e+00
2.3350e-01 1.0087e+01
2.3670e-01 1.0593e+01
2.4010e-01 1.1132e+01
2.4360e-01 1.1691e+01
2.4720e-01 1.2275e+01
2.5100e-01 1.2886e+01
2.5490e-01 1.3526e+01
2.5910e-01 1.4212e+01
2.6330e-01 1.4904e+01
2.6780e-01 1.5653e+01
2.7260e-01 1.6460e+01
2.7770e-01 1.7306e+01
2.8310e-01 1.8209e+01
2.8880e-01 1.9173e+01
2.9480e-01 2.0197e+01
3.0130e-01 2.1289e+01
3.0820e-01 2.2470e+01
3.1560e-01 2.3731e+01
3.2340e-01 2.5073e+01
3.3190e-01 2.6513e+01
3.4090e-01 2.8054e+01
3.5050e-01 2.9691e+01
3.6070e-01 3.1458e+01
3.7170e-01 3.3345e+01
3.8330e-01 3.5340e+01
3.9570e-01 3.7457e+01
4.0870e-01 3.9714e+01
4.2330e-01 4.2318e+01
4.3780e-01 4.4835e+01
4.5290e-01 4.7431e+01
4.6860e-01 5.0160e+01
4.8490e-01 5.2972e+01
5.0180e-01 5.5882e+01
5.1650e-01 5.8063e+01
5.3420e-01 6.1117e+01
5.5220e-01 6.4205e+01
5.7050e-01 6.7319e+01
5.8890e-01 7.0476e+01
6.0750e-01 7.3584e+01
6.2600e-01 7.6669e+01
6.4440e-01 7.9696e+01
6.6650e-01 8.3883e+01
6.8450e-01 8.6754e+01
7.0220e-01 8.9506e+01
7.1960e-01 9.2114e+01
7.3660e-01 9.4608e+01
7.5310e-01 9.6965e+01
7.6930e-01 9.9134e+01
7.8500e-01 1.0112e+02
8.0020e-01 1.0295e+02
8.1490e-01 1.0458e+02
8.2910e-01 1.0603e+02
8.4290e-01 1.0732e+02
8.5630e-01 1.0846e+02
8.6920e-01 1.0938e+02
8.8170e-01 1.1018e+02
8.9360e-01 1.1075e+02
9.0520e-01 1.1115e+02
9.1640e-01 1.1141e+02
9.2730e-01 1.1151e+02
9.3700e-01 1.1125e+02
9.4740e-01 1.1105e+02
9.5750e-01 1.1087e+02
9.6750e-01 1.1048e+02
9.7740e-01 1.1006e+02
9.8710e-01 1.0942e+02
9.9690e-01 1.0886e+02
1.0070e+00 1.0812e+02
1.0170e+00 1.0730e+02
1.0270e+00 1.0642e+02
1.0380e+00 1.0554e+02
1.0480e+00 1.0456e+02
1.0600e+00 1.0352e+02
1.0700e+00 1.0191e+02
1.0830e+00 1.0081e+02
1.0970e+00 9.9733e+01
1.1120e+00 9.8577e+01
1.1280e+00 9.7411e+01
1.1460e+00 9.6146e+01
1.1650e+00 9.4903e+01
1.1850e+00 9.3601e+01
1.2080e+00 9.2330e+01
1.2320e+00 9.0954e+01
1.2590e+00 8.9574e+01
1.2870e+00 8.8145e+01
1.3180e+00 8.6712e+01
1.3520e+00 8.5259e+01
1.3870e+00 8.3776e+01
1.4270e+00 8.2575e+01
1.4680e+00 8.0970e+01
1.5110e+00 7.9403e+01
1.5570e+00 7.7786e+01
1.6050e+00 7.6181e+01
1.6550e+00 7.4535e+01
1.7080e+00 7.2886e+01
1.7630e+00 7.1270e+01
1.8200e+00 6.9598e+01
1.8780e+00 6.7954e+01
1.9380e+00 6.6283e+01
2.0000e+00 6.4659e+01
2.0630e+00 6.2991e+01
2.1270e+00 6.1396e+01
2.1920e+00 5.9780e+01
2.2580e+00 5.8225e+01
2.3240e+00 5.6656e+01
2.3910e+00 5.5137e+01
2.4580e+00 5.3623e+01
2.5260e+00 5.2161e+01
2.5940e+00 5.0715e+01
2.6610e+00 4.9312e+01
2.7290e+00 4.7922e+01
2.7970e+00 4.6591e+01
2.8640e+00 4.5276e+01
2.9320e+00 4.4003e+01
3.0000e+00 4.2748e+01
3.0670e+00 4.1551e+01
3.1350e+00 4.0374e+01
3.2020e+00 3.9236e+01
3.2700e+00 3.8155e+01
3.3370e+00 3.7088e+01
3.4050e+00 3.6037e+01
3.4730e+00 3.5042e+01
3.5420e+00 3.4087e+01
3.6100e+00 3.3135e+01
3.6800e+00 3.2238e+01
3.7490e+00 3.1354e+01
3.8200e+00 3.0498e+01
3.8910e+00 2.9672e+01
3.9630e+00 2.8873e+01
4.0360e+00 2.8116e+01
4.1100e+00 2.7357e+01
4.1860e+00 2.6645e+01
4.2630e+00 2.5933e+01
4.3410e+00 2.5247e+01
4.4210e+00 2.4589e+01
4.5020e+00 2.3956e+01
4.5850e+00 2.3329e+01
4.6700e+00 2.2723e+01
4.7580e+00 2.2142e+01
4.8470e+00 2.1569e+01
4.9390e+00 2.1032e+01
5.0330e+00 2.0490e+01
5.1300e+00 1.9956e+01
5.2300e+00 1.9441e+01
5.3330e+00 1.8938e+01
5.4380e+00 1.8458e+01
5.5470e+00 1.7983e+01
5.6590e+00 1.7507e+01
5.7750e+00 1.7054e+01
5.8940e+00 1.6620e+01
6.0160e+00 1.6177e+01
6.1430e+00 1.5752e+01
6.2730e+00 1.5342e+01
6.4080e+00 1.4930e+01
6.5460e+00 1.4523e+01
6.6890e+00 1.4127e+01
6.8360e+00 1.3742e+01
6.9880e+00 1.3362e+01
7.1440e+00 1.2989e+01
7.3050e+00 1.2624e+01
7.4710e+00 1.2258e+01
7.6420e+00 1.1906e+01
7.8170e+00 1.1555e+01
7.9970e+00 1.1223e+01
8.1830e+00 1.0886e+01
8.3740e+00 1.0553e+01
8.5710e+00 1.0230e+01
8.7730e+00 9.9148e+00
8.9810e+00 9.5974e+00
9.1940e+00 9.2858e+00
9.4130e+00 8.9853e+00
9.6380e+00 8.6952e+00
9.8690e+00 8.4063e+00
1.0110e+01 8.1211e+00
1.0350e+01 7.8465e+00
1.0600e+01 7.5741e+00
1.0850e+01 7.3076e+00
1.1120e+01 7.0498e+00
1.1390e+01 6.7965e+00
1.1660e+01 6.5486e+00
1.1940e+01 6.3062e+00
1.2230e+01 6.0703e+00
1.2530e+01 5.8410e+00
1.2840e+01 5.6179e+00
1.3150e+01 5.3994e+00
1.3470e+01 5.1871e+00
1.3800e+01 4.9811e+00
1.4140e+01 4.7810e+00
1.4480e+01 4.5870e+00
1.4840e+01 4.3987e+00
1.5210e+01 4.2155e+00
1.5580e+01 4.0379e+00
1.5970e+01 3.8665e+00
1.6360e+01 3.7016e+00
1.6760e+01 3.5403e+00
1.7180e+01 3.3861e+00
1.7610e+01 3.2359e+00
1.8050e+01 3.0922e+00
1.8500e+01 2.9529e+00
1.8970e+01 2.8183e+00
1.9440e+01 2.6900e+00
1.9930e+01 2.5646e+00
2.0440e+01 2.4463e+00
2.0960e+01 2.3312e+00
2.1500e+01 2.2210e+00
2.2050e+01 2.1137e+00
2.2610e+01 2.0130e+00
2.3200e+01 1.9155e+00
2.3800e+01 1.8214e+00
2.4420e+01 1.7313e+00
2.5060e+01 1.6462e+00
2.5730e+01 1.5642e+00
2.6410e+01 1.4858e+00
2.7110e+01 1.4109e+00
2.7840e+01 1.3391e+00
2.8590e+01 1.2698e+00
2.9360e+01 1.2048e+00
3.0160e+01 1.1424e+00
3.0990e+01 1.0825e+00
3.1840e+01 1.0260e+00
3.2730e+01 9.7178e-01
3.3640e+01 9.2060e-01
3.4590e+01 8.7125e-01
3.5570e+01 8.2471e-01
3.6580e+01 7.8013e-01
3.7630e+01 7.3767e-01
3.8720e+01 6.9775e-01
3.9840e+01 6.5899e-01
4.1010e+01 6.2302e-01
4.2230e+01 5.8816e-01
4.3480e+01 5.5568e-01
4.4790e+01 5.2437e-01
4.6140e+01 4.9484e-01
4.7550e+01 4.6711e-01
4.9010e+01 4.4020e-01
5.0540e+01 4.1508e-01
5.2120e+01 3.9117e-01
5.3770e+01 3.6867e-01
5.5480e+01 3.4708e-01
5.7270e+01 3.2678e-01
5.9130e+01 3.0755e-01
6.1080e+01 2.8925e-01
6.3100e+01 2.7194e-01
6.5220e+01 2.5561e-01
6.7440e+01 2.4011e-01
6.9750e+01 2.2552e-01
7.2180e+01 2.1163e-01
7.4710e+01 1.9851e-01
7.7370e+01 1.8614e-01
