5.1300e-02 3.1710e+07
5.1730e-02 3.1048e+07
5.2170e-02 3.0360e+07
5.2620e-02 2.9696e+07
5.3080e-02 2.9062e+07
5.3560e-02 2.8440e+07
5.4050e-02 2.7842e+07
5.4550e-02 2.7240e+07
5.5060e-02 2.6662e+07
5.5590e-02 2.6108e+07
5.6130e-02 2.5554e+07
5.6690e-02 2.5006e+07
5.7260e-02 2.4479e+07
5.7840e-02 2.3976e+07
5.8450e-02 2.3466e+07
5.9060e-02 2.2968e+07
5.9700e-02 2.2489e+07
6.0350e-02 2.2035e+07
6.1020e-02 2.1567e+07
6.1700e-02 2.1123e+07
6.2410e-02 2.0694e+07
6.3130e-02 2.0261e+07
6.3860e-02 1.9842e+07
6.4620e-02 1.9432e+07
6.5390e-02 1.9037e+07
6.6180e-02 1.8643e+07
6.6990e-02 1.8264e+07
6.7820e-02 1.7896e+07
6.8680e-02 1.7545e+07
6.9550e-02 1.7181e+07
7.0430e-02 1.6833e+07
7.1330e-02 1.6484e+07
7.2250e-02 1.6144e+07
7.3180e-02 1.5823e+07
7.4130e-02 1.5495e+07
7.5110e-02 1.5174e+07
7.6090e-02 1.4864e+07
7.7100e-02 1.4551e+07
7.8130e-02 1.4255e+07
7.9170e-02 1.3964e+07
8.0240e-02 1.3670e+07
8.1320e-02 1.3389e+07
8.2420e-02 1.3109e+07
8.3540e-02 1.2838e+07
8.4670e-02 1.2569e+07
8.5830e-02 1.2305e+07
8.7000e-02 1.2043e+07
8.8200e-02 1.1792e+07
8.9410e-02 1.1542e+07
9.0640e-02 1.1304e+07
9.1880e-02 1.1063e+07
9.3150e-02 1.0826e+07
9.4420e-02 1.0596e+07
9.5720e-02 1.0373e+07
9.7030e-02 1.0153e+07
9.8350e-02 9.9357e+06
9.9680e-02 9.7243e+06
1.0100e-01 9.5150e+06
1.0240e-01 9.3120e+06
1.0370e-01 9.1103e+06
1.0510e-01 8.9165e+06
1.0650e-01 8.7232e+06
1.0780e-01 8.5370e+06
1.0920e-01 8.3517e+06
1.1060e-01 8.1712e+06
1.1190e-01 7.9935e+06
1.1330e-01 7.8165e+06
1.1460e-01 7.6453e+06
1.1600e-01 7.4786e+06
1.1730e-01 7.3106e+06
1.1860e-01 7.1469e+06
1.1990e-01 6.9911e+06
1.2110e-01 6.8297e+06
1.2240e-01 6.6804e+06
1.2360e-01 6.5268e+06
1.2480e-01 6.3791e+06
1.2600e-01 6.2283e+06
1.2720e-01 6.0851e+06
1.2830e-01 5.9428e+06
1.2940e-01 5.8014e+06
1.3050e-01 5.6626e+06
1.3150e-01 5.5298e+06
1.3260e-01 5.3957e+06
1.3360e-01 5.2608e+06
1.3460e-01 5.1320e+06
1.3550e-01 5.0028e+06
1.3650e-01 4.8790e+06
1.3740e-01 4.7557e+06
1.3830e-01 4.6351e+06
1.3920e-01 4.5174e+06
1.4010e-01 4.3978e+06
1.4100e-01 4.2841e+06
1.4180e-01 4.1718e+06
1.4260e-01 4.0605e+06
1.4350e-01 3.9520e+06
1.4430e-01 3.8465e+06
1.4510e-01 3.7421e+06
1.4590e-01 3.6408e+06
1.4670e-01 3.5426e+06
1.4750e-01 3.4435e+06
1.4840e-01 3.3479e+06
1.4920e-01 3.2550e+06
1.5000e-01 3.1652e+06
1.5080e-01 3.0755e+06
1.5170e-01 2.9901e+06
1.5260e-01 2.9061e+06
1.5340e-01 2.8219e+06
1.5430e-01 2.7441e+06
1.5520e-01 2.6649e+06
1.5620e-01 2.5880e+06
1.5710e-01 2.5159e+06
1.5810e-01 2.4434e+06
1.5910e-01 2.3737e+06
1.6010e-01 2.3046e+06
1.6120e-01 2.2383e+06
1.6230e-01 2.1733e+06
1.6340e-01 2.1129e+06
1.6460e-01 2.0515e+06
1.6580e-01 1.9924e+06
1.6710e-01 1.9363e+06
1.6830e-01 1.8802e+06
1.6970e-01 1.8265e+06
1.7100e-01 1.7738e+06
1.7240e-01 1.7235e+06
1.7390e-01 1.6745e+06
1.7540e-01 1.6268e+06
1.7690e-01 1.5807e+06
1.7850e-01 1.5352e+06
1.8020e-01 1.4918e+06
1.8180e-01 1.4490e+06
1.8360e-01 1.4096e+06
1.8540e-01 1.3691e+06
1.8720e-01 1.3301e+06
1.8910e-01 1.2933e+06
1.9100e-01 1.2566e+06
1.9300e-01 1.2219e+06
1.9500e-01 1.1878e+06
1.9710e-01 1.1542e+06
1.9930e-01 1.1220e+06
2.0150e-01 1.0916e+06
2.0380e-01 1.0612e+06
2.0610e-01 1.0315e+06
2.0850e-01 1.0039e+06
2.1100e-01 9.7599e+05
2.1350e-01 9.4904e+05
2.1610e-01 9.2319e+05
2.1880e-01 8.9873e+05
2.2150e-01 8.7410e+05
2.2440e-01 8.5046e+05
2.2730e-01 8.2787e+05
2.3030e-01 8.0600e+05
2.3350e-01 7.8406e+05
2.3670e-01 7.6354e+05
2.4010e-01 7.4393e+05
2.4360e-01 7.2429e+05
2.4720e-01 7.0597e+05
2.5100e-01 6.8776e+05
2.5490e-01 6.7037e+05
2.5910e-01 6.5351e+05
2.6330e-01 6.3752e+05
2.6780e-01 6.2206e+05
2.7260e-01 6.0755e+05
2.7770e-01 5.9359e+05
2.8310e-01 5.8055e+05
2.8880e-01 5.6833e+05
2.9480e-01 5.5645e+05
3.0130e-01 5.4573e+05
3.0820e-01 5.3591e+05
3.1560e-01 5.2678e+05
3.2340e-01 5.1850e+05
3.3190e-01 5.1090e+05
3.4090e-01 5.0429e+05
3.5050e-01 4.9922e+05
3.6070e-01 4.9447e+05
3.7170e-01 4.9091e+05
3.8330e-01 4.8828e+05
3.9570e-01 4.8665e+05
4.0870e-01 4.8596e+05
4.2330e-01 4.8719e+05
4.3780e-01 4.8865e+05
4.5290e-01 4.9090e+05
4.6860e-01 4.9394e+05
4.8490e-01 4.9779e+05
5.0180e-01 5.0233e+05
5.1650e-01 5.0413e+05
5.3420e-01 5.1005e+05
5.5220e-01 5.1623e+05
5.7050e-01 5.2311e+05
5.8890e-01 5.3003e+05
6.0750e-01 5.3720e+05
6.2600e-01 5.4435e+05
6.4440e-01 5.5161e+05
6.6650e-01 5.6448e+05
6.8450e-01 5.7135e+05
7.0220e-01 5.7758e+05
7.1960e-01 5.8341e+05
7.3660e-01 5.8890e+05
7.5310e-01 5.9366e+05
7.6930e-01 5.9768e+05
7.8500e-01 6.0120e+05
8.0020e-01 6.0375e+05
8.1490e-01 6.0578e+05
8.2910e-01 6.0707e+05
8.4290e-01 6.0743e+05
8.5630e-01 6.0737e+05
8.6920e-01 6.0622e+05
8.8170e-01 6.0515e+05
8.9360e-01 6.0260e+05
9.0520e-01 5.9935e+05
9.1640e-01 5.9565e+05
9.2730e-01 5.9137e+05
9.3700e-01 5.8541e+05
9.4740e-01 5.7991e+05
9.5750e-01 5.7474e+05
9.6750e-01 5.6864e+05
9.7740e-01 5.6256e+05
9.8710e-01 5.5566e+05
9.9690e-01 5.4928e+05
1.0070e+00 5.4229e+05
1.0170e+00 5.3516e+05
1.0270e+00 5.2793e+05
1.0380e+00 5.2095e+05
1.0480e+00 5.1370e+05
1.0600e+00 5.0667e+05
1.0700e+00 4.9747e+05
1.0830e+00 4.9052e+05
1.0970e+00 4.8426e+05
1.1120e+00 4.7799e+05
1.1280e+00 4.7221e+05
1.1460e+00 4.6613e+05
1.1650e+00 4.6070e+05
1.1850e+00 4.5566e+05
1.2080e+00 4.5133e+05
1.2320e+00 4.4674e+05
1.2590e+00 4.4217e+05
1.2870e+00 4.3885e+05
1.3180e+00 4.3491e+05
1.3520e+00 4.3244e+05
1.3870e+00 4.2958e+05
1.4270e+00 4.2910e+05
1.4680e+00 4.2615e+05
1.5110e+00 4.2406e+05
1.5570e+00 4.2277e+05
1.6050e+00 4.2081e+05
1.6550e+00 4.1935e+05
1.7080e+00 4.1778e+05
1.7630e+00 4.1745e+05
1.8200e+00 4.1620e+05
1.8780e+00 4.1526e+05
1.9380e+00 4.1387e+05
2.0000e+00 4.1300e+05
2.0630e+00 4.1175e+05
2.1270e+00 4.1060e+05
2.1920e+00 4.0898e+05
2.2580e+00 4.0748e+05
2.3240e+00 4.0609e+05
2.3910e+00 4.0430e+05
2.4580e+00 4.0221e+05
2.5260e+00 4.0024e+05
2.5940e+00 3.9818e+05
2.6610e+00 3.9577e+05
2.7290e+00 3.9312e+05
2.7970e+00 3.9043e+05
2.8640e+00 3.8749e+05
2.9320e+00 3.8436e+05
3.0000e+00 3.8113e+05
3.0670e+00 3.7794e+05
3.1350e+00 3.7462e+05
3.2020e+00 3.7103e+05
3.2700e+00 3.6775e+05
3.3370e+00 3.6415e+05
3.4050e+00 3.6033e+05
3.4730e+00 3.5667e+05
3.5420e+00 3.5312e+05
3.6100e+00 3.4919e+05
3.6800e+00 3.4564e+05
3.7490e+00 3.4179e+05
3.8200e+00 3.3810e+05
3.8910e+00 3.3434e+05
3.9630e+00 3.3063e+05
4.0360e+00 3.2717e+05
4.1100e+00 3.2347e+05
4.1860e+00 3.2008e+05
4.2630e+00 3.1653e+05
4.3410e+00 3.1303e+05
4.4210e+00 3.0969e+05
4.5020e+00 3.0650e+05
4.5850e+00 3.0322e+05
4.6700e+00 3.0008e+05
4.7580e+00 2.9709e+05
4.8470e+00 2.9420e+05
4.9390e+00 2.9146e+05
5.0330e+00 2.8873e+05
5.1300e+00 2.8567e+05
5.2300e+00 2.8303e+05
5.3330e+00 2.8035e+05
5.4380e+00 2.7811e+05
5.5470e+00 2.7582e+05
5.6590e+00 2.7312e+05
5.7750e+00 2.7084e+05
5.8940e+00 2.6900e+05
6.0160e+00 2.6662e+05
6.1430e+00 2.6464e+05
6.2730e+00 2.6277e+05
6.4080e+00 2.6075e+05
6.5460e+00 2.5868e+05
6.6890e+00 2.5668e+05
6.8360e+00 2.5496e+05
6.9880e+00 2.5302e+05
7.1440e+00 2.5126e+05
7.3050e+00 2.4951e+05
7.4710e+00 2.4765e+05
7.6420e+00 2.4593e+05
7.8170e+00 2.4411e+05
7.9970e+00 2.4247e+05
8.1830e+00 2.4066e+05
8.3740e+00 2.3883e+05
8.5710e+00 2.3707e+05
8.7730e+00 2.3548e+05
8.9810e+00 2.3341e+05
9.1940e+00 2.3147e+05
9.4130e+00 2.2962e+05
9.6380e+00 2.2791e+05
9.8690e+00 2.2590e+05
1.0110e+01 2.2386e+05
1.0350e+01 2.2189e+05
1.0600e+01 2.1985e+05
1.0850e+01 2.1781e+05
1.1120e+01 2.1567e+05
1.1390e+01 2.1349e+05
1.1660e+01 2.1131e+05
1.1940e+01 2.0900e+05
1.2230e+01 2.0669e+05
1.2530e+01 2.0440e+05
1.2840e+01 2.0198e+05
1.3150e+01 1.9968e+05
1.3470e+01 1.9716e+05
1.3800e+01 1.9473e+05
1.4140e+01 1.9214e+05
1.4480e+01 1.8966e+05
1.4840e+01 1.8709e+05
1.5210e+01 1.8453e+05
1.5580e+01 1.8185e+05
1.5970e+01 1.7925e+05
1.6360e+01 1.7655e+05
1.6760e+01 1.7387e+05
1.7180e+01 1.7114e+05
1.7610e+01 1.6842e+05
1.8050e+01 1.6573e+05
1.8500e+01 1.6300e+05
1.8970e+01 1.6019e+05
1.9440e+01 1.5750e+05
1.9930e+01 1.5461e+05
2.0440e+01 1.5196e+05
2.0960e+01 1.4922e+05
2.1500e+01 1.4648e+05
2.2050e+01 1.4362e+05
2.2610e+01 1.4098e+05
2.3200e+01 1.3821e+05
2.3800e+01 1.3545e+05
2.4420e+01 1.3278e+05
2.5060e+01 1.3013e+05
2.5730e+01 1.2744e+05
2.6410e+01 1.2483e+05
2.7110e+01 1.2218e+05
2.7840e+01 1.1958e+05
2.8590e+01 1.1694e+05
2.9360e+01 1.1442e+05
3.0160e+01 1.1189e+05
3.0990e+01 1.0941e+05
3.1840e+01 1.0693e+05
3.2730e+01 1.0444e+05
3.3640e+01 1.0209e+05
3.4590e+01 9.9683e+04
3.5570e+01 9.7292e+04
3.6580e+01 9.4945e+04
3.7630e+01 9.2668e+04
3.8720e+01 9.0409e+04
3.9840e+01 8.8185e+04
4.1010e+01 8.5968e+04
4.2230e+01 8.3795e+04
4.3480e+01 8.1714e+04
4.4790e+01 7.9586e+04
4.6140e+01 7.7552e+04
4.7550e+01 7.5514e+04
4.9010e+01 7.3513e+04
5.0540e+01 7.1560e+04
5.2120e+01 6.9621e+04
5.3770e+01 6.7754e+04
5.5480e+01 6.5889e+04
5.7270e+01 6.4058e+04
5.9130e+01 6.2269e+04
6.1080e+01 6.0508e+04
6.3100e+01 5.8754e+04
6.5220e+01 5.7061e+04
6.7440e+01 5.5388e+04
6.9750e+01 5.3741e+04
7.2180e+01 5.2154e+04
7.4710e+01 5.0534e+04
7.7370e+01 4.8990e+04
