0.5130E-01	2.000251871453969	0.07842361180393934
0.5173E-01	1.9761278198563026	0.07846450002698623
0.5217E-01	1.9524126504891048	0.07850538825003313
0.5262E-01	1.9286974811219073	0.07854627647308002
0.5308E-01	1.9053911939851789	0.07858716469612691
0.5356E-01	1.8820849068484504	0.0786280529191738
0.5405E-01	1.8587786197117218	0.0786689411422207
0.5455E-01	1.835881214805462	0.07870982936526759
0.5506E-01	1.8129838098992026	0.07875071758831446
0.5559E-01	1.7900864049929428	0.07879160581136137
0.5613E-01	1.767597882317152	0.07879160581136137
0.5669E-01	1.7451093596413614	0.07883249403440826
0.5726E-01	1.7230297191960395	0.07887338225745515
0.5784E-01	1.7009500787507175	0.07891427048050205
0.5845E-01	1.6788704383053956	0.07895515870354894
0.5906E-01	1.6571996800905429	0.07895515870354894
0.5970E-01	1.63552892187569	0.07899604692659583
0.6035E-01	1.6138581636608371	0.07903693514964272
0.6102E-01	1.5925962876764532	0.07907782337268962
0.6170E-01	1.5713344116920693	0.07907782337268962
0.6241E-01	1.550481417938154	0.07911871159573651
0.6313E-01	1.529628424184239	0.0791595998187834
0.6386E-01	1.508775430430324	0.0791595998187834
0.6462E-01	1.4883313189068779	0.07920048804183029
0.6539E-01	1.467887207383432	0.07924137626487718
0.6618E-01	1.4478519780904546	0.07924137626487718
0.6699E-01	1.4278167487974773	0.07928226448792407
0.6782E-01	1.4081904017349691	0.07932315271097097
0.6868E-01	1.387746290211523	0.07920048804183029
0.6955E-01	1.3685288253794836	0.07924137626487718
0.7043E-01	1.3493113605474443	0.07924137626487718
0.7133E-01	1.3305027779458738	0.07928226448792407
0.7225E-01	1.3116941953443035	0.07932315271097097
0.7318E-01	1.293294494973202	0.07932315271097097
0.7413E-01	1.2753036768325694	0.07936404093401786
0.7511E-01	1.2573128586919367	0.07940492915706475
0.7609E-01	1.239730922781773	0.07940492915706475
0.7710E-01	1.2221489868716093	0.07944581738011164
0.7813E-01	1.2049759331919145	0.07948670560315854
0.7917E-01	1.18780287951222	0.07948670560315854
0.8024E-01	1.171038708062994	0.07952759382620543
0.8132E-01	1.1546834188442372	0.07956848204925232
0.8242E-01	1.1383281296254801	0.07956848204925232
0.8354E-01	1.1219728404067235	0.07960937027229921
0.8467E-01	1.1060264334184353	0.07960937027229921
0.8583E-01	1.0904889086606164	0.07965025849534611
0.8700E-01	1.0749513839027973	0.079691146718393
0.8820E-01	1.0598227413754473	0.079691146718393
0.8941E-01	1.044694098848097	0.07973203494143989
0.9064E-01	1.0295654563207468	0.07977292316448678
0.9188E-01	1.0148456960238657	0.07977292316448678
0.9315E-01	1.0005348179574534	0.07981381138753367
0.9442E-01	0.9862239398910411	0.07985469961058056
0.9572E-01	0.9719130618246288	0.07985469961058056
0.9703E-01	0.9580110659886854	0.07989558783362746
0.9835E-01	0.9441090701527421	0.07989558783362746
0.9968E-01	0.9306159565472677	0.07993647605667435
0.1010	0.9171228429417932	0.07997736427972124
0.1024	0.9040386115667876	0.07997736427972124
0.1037	0.8909543801917821	0.08001825250276813
0.1051	0.8782790310472456	0.08005914072581503
0.1065	0.865603681902709	0.08005914072581503
0.1078	0.8529283327581723	0.08010002894886192
0.1092	0.8406618658441047	0.08014091717190881
0.1106	0.8288042811605059	0.08014091717190881
0.1119	0.8169466964769071	0.0801818053949557
0.1133	0.8054979940237774	0.0801818053949557
0.1146	0.7940492915706475	0.08022269361800259
0.1160	0.7830094713479866	0.08026358184104948
0.1173	0.7723785333557946	0.08026358184104948
0.1186	0.7617475953636026	0.08030447006409638
0.1199	0.7511166573714106	0.08030447006409638
0.1211	0.7413034838401565	0.08034535828714327
0.1224	0.7314903103089023	0.08034535828714327
0.1236	0.7220860190081171	0.08038624651019016
0.1248	0.712681727707332	0.08038624651019016
0.1260	0.7036863186370157	0.08042713473323705
0.1272	0.6950997917971682	0.08042713473323705
0.1283	0.6865132649573209	0.08046802295628395
0.1294	0.6783356203479424	0.08046802295628395
0.1305	0.6705668579690329	0.08050891117933084
0.1315	0.6627980955901234	0.08050891117933084
0.1326	0.6554382154416828	0.08054979940237773
0.1336	0.6484872175237112	0.08054979940237773
0.1346	0.6415362196057395	0.08059068762542464
0.1355	0.6349941039182367	0.08059068762542464
0.1365	0.6284519882307339	0.08059068762542464
0.1374	0.6223187547737001	0.08063157584847153
0.1383	0.6161855213166663	0.08063157584847153
0.1392	0.6104611700901013	0.0806724640715184
0.1401	0.6051457010940053	0.0806724640715184
0.1410	0.5998302320979093	0.0806724640715184
0.1418	0.5945147631018134	0.0807133522945653
0.1426	0.5896081763361862	0.0807133522945653
0.1435	0.5851104718010282	0.0807133522945653
0.1443	0.580203885035401	0.0807542405176122
0.1451	0.5757061805002429	0.0807542405176122
0.1459	0.5716173581955537	0.0807542405176122
0.1467	0.5671196536603955	0.08079512874065908
0.1475	0.5634397135861752	0.08079512874065908
0.1484	0.559350891281486	0.08079512874065908
0.1492	0.5552620689767968	0.08083601696370597
0.1500	0.5515821289025765	0.08083601696370597
0.1508	0.5479021888283562	0.08087690518675288
0.1517	0.5442222487541359	0.08087690518675288
0.1526	0.5405423086799156	0.08087690518675288
0.1534	0.5372712508361642	0.08091779340979977
0.1543	0.5335913107619439	0.08091779340979977
0.1552	0.5303202529181925	0.08091779340979977
0.1562	0.5270491950744411	0.08095868163284665
0.1571	0.5233692550002208	0.08095868163284665
0.1581	0.5200981971564694	0.08099956985589356
0.1591	0.5168271393127181	0.08099956985589356
0.1601	0.5135560814689667	0.08104045807894045
0.1612	0.5102850236252153	0.08104045807894045
0.1623	0.507013965781464	0.08108134630198734
0.1634	0.5033340257072436	0.08108134630198734
0.1646	0.5000629678634922	0.08112223452503423
0.1658	0.4967919100197409	0.08112223452503423
0.1671	0.49311196994552053	0.08116312274808112
0.1683	0.48984091210176917	0.08116312274808112
0.1697	0.4861609720275489	0.081204010971128
0.1710	0.4828899141837975	0.0812448991941749
0.1724	0.47920997410957716	0.0812448991941749
0.1739	0.47553003403535693	0.0812857874172218
0.1754	0.4718500939611366	0.081204010971128
0.1769	0.4681701538869163	0.0812448991941749
0.1785	0.46449021381269595	0.0812857874172218
0.1802	0.4608102737384756	0.08132667564026869
0.1818	0.4571303336642554	0.08132667564026869
0.1836	0.45304151135956616	0.08136756386331558
0.1854	0.4493615712853458	0.08140845208636248
0.1872	0.44568163121112553	0.08144934030940937
0.1891	0.4415928089064363	0.08149022853245626
0.1910	0.437912868832216	0.08153111675550315
0.1930	0.4338240465275268	0.08157200497855005
0.1950	0.4297352242228376	0.08161289320159693
0.1971	0.42605528414861726	0.08165378142464381
0.1993	0.421966461843928	0.08169466964769072
0.2015	0.4178776395392388	0.08173555787073761
0.2038	0.4137888172345496	0.0818173343168314
0.2061	0.4096999949298603	0.08185822253987829
0.2085	0.40573383729431184	0.08189911076292518
0.2110	0.40164501498962263	0.08193999898597207
0.2135	0.3975970809079803	0.08202177543206586
0.2161	0.39350825860329103	0.08206266365511275
0.2188	0.3894603245216487	0.08214444010120653
0.2215	0.3853715022169595	0.08218532832425342
0.2244	0.3812826799122702	0.08226710477034721
0.2273	0.37715296938453413	0.0823079929933941
0.2303	0.3730641470798449	0.08238976943948789
0.2335	0.36897532477515566	0.08247154588558167
0.2367	0.36488650247046645	0.08255332233167545
0.2401	0.3607976801657772	0.08263509877776924
0.2436	0.356708857861088	0.08271687522386302
0.2472	0.3526200355563988	0.08279865166995681
0.2510	0.3484903250286626	0.0829213163390975
0.2549	0.34440150272397346	0.08300309278519127
0.2591	0.3402717921962373	0.08312575745433194
0.2633	0.33634652278373567	0.08320753390042573
0.2678	0.3322168122559995	0.08333019856956642
0.2726	0.32800532528216964	0.08345286323870708
0.2777	0.32379383830833974	0.08361641613089466
0.2831	0.319541463111463	0.08377996902308223
0.2888	0.31528908791458615	0.0839435219152698
0.2948	0.3109549362716156	0.08410707480745735
0.3013	0.30662078462864495	0.08431151592269183
0.3082	0.3022048565395806	0.08451595703792628
0.3156	0.2977071520044225	0.08472039815316075
0.3234	0.2932094474692643	0.0849657274914421
0.3319	0.2886299664880124	0.08521105682972345
0.3409	0.2839687090606667	0.0854563861680048
0.3505	0.27918478696418025	0.08570171550628616
0.3607	0.2744008648676939	0.08602882129066129
0.3717	0.26957605454816064	0.08635592707503643
0.3833	0.26466946778253353	0.08668303285941158
0.3957	0.2597219927938596	0.08705102686683361
0.4087	0.25469274135909187	0.08745990909730253
0.4233	0.2492954959169021	0.08782790310472455
0.4378	0.24418446803604055	0.08823678533519348
0.4529	0.239073440155179	0.08868655578870929
0.4686	0.23396241227431747	0.089177214465272
0.4849	0.22885138439345593	0.08962698491878782
0.5018	0.22374035651259438	0.09011764359535053
0.5165	0.21977419887704586	0.09044474937972566
0.5342	0.21470405921923122	0.09097629627933526
0.5522	0.20967480778446348	0.09150784317894486
0.5705	0.2047273327957895	0.09203939007855447
0.5889	0.19986163425320932	0.09253004875511717
0.6075	0.19511860037976983	0.09306159565472676
0.6260	0.190498231175471	0.09359314255433636
0.6444	0.18600052664031286	0.09412468945394596
0.6665	0.1804806165289824	0.09461534813050866
0.6845	0.1763100177781994	0.09514689503011826
0.7022	0.17230297191960395	0.09563755370668098
0.7196	0.16845947895319607	0.09612821238324368
0.7366	0.16473865065592888	0.0965779828367595
0.7531	0.16118137525084927	0.0970686415133222
0.7693	0.1577876527379572	0.09747752374379112
0.7850	0.15455748311725273	0.09792729419730693
0.8002	0.1514908663887358	0.09833617642777585
0.8149	0.14854691432935954	0.09874505865824477
0.8291	0.14576651516217087	0.09911305266566682
0.8429	0.1431087806641229	0.09948104667308884
0.8563	0.14057371083521555	0.09980815245746398
0.8692	0.1382021938984958	0.10013525824183912
0.8817	0.13583067696177606	0.10046236402621425
0.8936	0.13370448936333765	0.1007894698105894
0.9052	0.13170096643403995	0.10107568737191765
0.9164	0.12977921995083602	0.10136190493324589
0.9273	0.12798013813677275	0.10160723427152724
0.9370	0.12646727388403772	0.1018525636098086
0.9474	0.12483174496216205	0.10209789294808996
0.9575	0.12327799248638013	0.1023432222863713
0.9675	0.12180601645669202	0.10258855162465265
0.9774	0.1203749286500508	0.10283388096293401
0.9871	0.11906650551255024	0.10307921030121538
0.9969	0.11775808237504967	0.10332453963949671
1.007	0.1165723239066898	0.10356986897777806
1.017	0.11538656543832994	0.10381519831605943
1.027	0.11428258341606384	0.10406052765434079
1.038	0.11321948961684464	0.10430585699262213
1.048	0.11219728404067233	0.10459207455395038
1.060	0.11121596668754692	0.10491918033832552
1.070	0.11056175511879665	0.10520539789965375
1.083	0.10966221421176502	0.1055325036840289
1.097	0.1087626733047334	0.10594138591449782
1.112	0.10786313239770176	0.10635026814496674
1.128	0.10700447971371703	0.10684092682152946
1.146	0.10618671525277917	0.10737247372113905
1.165	0.10536895079184133	0.10798579706684244
1.185	0.10455118633090349	0.10859912041254582
1.208	0.10373342186996565	0.10933510842738987
1.232	0.1029565456320747	0.11015287288832772
1.259	0.10217966939418374	0.11101152557231246
1.287	0.10140279315629278	0.11195195470239097
1.318	0.10062591691840182	0.11301504850161018
1.352	0.09984904068051087	0.11415991874692316
1.387	0.09907216444261993	0.11538656543832994
1.427	0.09804995886644761	0.11677676502192426
1.468	0.09731397085160355	0.1182078528285655
1.511	0.0965370946137126	0.11972071708130051
1.557	0.09576021837582166	0.1213562460031762
1.605	0.0949424539148838	0.12307355137114569
1.655	0.09416557767699285	0.12487263318520894
1.708	0.0933887014391019	0.126753491445366
1.763	0.09257093697816406	0.12871612615161682
1.820	0.0917940607402731	0.13071964908091455
1.878	0.09097629627933526	0.1328458366793529
1.938	0.0901994200414443	0.1349720242777913
2.000	0.08938165558050645	0.1371799883223235
2.063	0.08860477934261551	0.13942884058990257
2.127	0.08778701488167766	0.14171858108052854
2.192	0.0870101386437867	0.1440083215711545
2.258	0.08619237418284886	0.14633895028482735
2.324	0.08541549794495791	0.14866957899850022
2.391	0.08459773348402007	0.15100020771217307
2.458	0.08382085724612912	0.15333083642584594
2.526	0.08304398100823816	0.15566146513951878
2.594	0.08226710477034721	0.15799209385319166
2.661	0.08149022853245626	0.16024094612077075
2.729	0.0807542405176122	0.1625306866113967
2.797	0.07997736427972124	0.16482042710202266
2.864	0.07924137626487718	0.16706927936960173
2.932	0.07850538825003313	0.16927724341413392
3.000	0.07781028845823595	0.1714852074586661
3.067	0.07707430044339189	0.1736522832801514
3.135	0.07637920065159472	0.17577847087858978
3.202	0.07568410085979756	0.1779046584770282
3.270	0.0749481128449535	0.1799490696293728
3.337	0.07425301305315633	0.1820343690047643
3.405	0.07359880148440605	0.18403789193406203
3.473	0.07290370169260889	0.18604141486335973
3.542	0.07220860190081171	0.18804493779265746
3.610	0.07155439033206144	0.1900075724989083
3.680	0.07085929054026427	0.1919293189821122
3.749	0.07020507897151398	0.19385106546531616
3.820	0.06955086740276373	0.1957319237254732
3.891	0.06889665583401344	0.19761278198563023
3.963	0.06824244426526317	0.1994936402457873
4.036	0.067547344473466	0.20133361028289742
4.110	0.06689313290471571	0.2031735803200076
4.186	0.06623892133596546	0.20501355035711774
4.263	0.06558470976721517	0.20681263217118098
4.341	0.0649304981984649	0.20865260220829115
4.421	0.06427628662971462	0.21045168402235442
4.502	0.06362207506096434	0.21225076583641767
4.585	0.06296786349221407	0.21404984765048093
4.670	0.06231365192346379	0.2158489294645442
4.758	0.06165944035471351	0.21764801127860745
4.847	0.06100522878596324	0.21944709309267071
4.939	0.060310128994166066	0.2212870631297809
5.033	0.059655917425415796	0.22308614494384413
5.130	0.05900170585666552	0.22492611498095427
5.230	0.05834749428791524	0.22676608501806444
5.333	0.05769328271916497	0.22860605505517456
5.438	0.056998182927367795	0.23044602509228473
5.547	0.056343971358617524	0.23232688335244178
5.659	0.055689759789867246	0.23420774161259883
5.775	0.05503554822111697	0.23608859987275585
5.894	0.0543404484293198	0.23801034635595977
6.016	0.053686236860569524	0.23993209283916372
6.143	0.05303202529181925	0.24189472754541455
6.273	0.05233692550002208	0.24389825047471225
6.408	0.0516827139312718	0.24586088518096308
6.546	0.05102850236252153	0.2479052963333077
6.689	0.05037429079377125	0.24990881926260544
6.836	0.04972007922502098	0.2519941186379969
6.988	0.049065867656270704	0.2540794180133884
7.144	0.048411656087520426	0.2562056056118268
7.305	0.04775744451877015	0.2583317932102652
7.471	0.047144121173066766	0.26049886903175057
7.642	0.04648990960431649	0.2627068330762827
7.817	0.04587658625861311	0.2649147971208149
7.997	0.04522237468986283	0.2670818729423002
8.183	0.04460905134415944	0.26937161343292615
8.374	0.04399572799845606	0.2716613539235521
8.571	0.04338240465275268	0.2740328708602719
8.773	0.042769081307049296	0.2764043877969916
8.981	0.042196646184392804	0.27889856940285207
9.194	0.04162421106173631	0.2813518627856656
9.413	0.04105177593907982	0.2838051561684791
9.638	0.04046298552720457	0.28634022599738645
9.869	0.03989872804915746	0.2888752958262938
10.11	0.03934264821571972	0.29149214210129487
10.35	0.03879474602689137	0.29410898837629595
10.60	0.038255021482672395	0.29676672287434397
10.85	0.03772347458306279	0.29946534559543886
11.12	0.037200105328062574	0.3022048565395806
11.39	0.03668491371767173	0.30498525570676926
11.66	0.036181988574194954	0.30780654309700484
11.94	0.03568315225302287	0.31066871871028734
12.23	0.03519249357646016	0.31361267076966354
12.53	0.03471410136681152	0.31655662282903985
12.84	0.03423979797946757	0.31958235133450985
13.15	0.03377776105903769	0.32260807983997986
13.47	0.0333198129609125	0.32571558479154367
13.80	0.03287413132970137	0.3288639779661544
14.14	0.03243253852079493	0.3320941475868589
14.48	0.03199912335649788	0.33536520543061027
14.84	0.031573885836810194	0.3387180397204554
15.21	0.031156825961731895	0.3421117622333475
15.58	0.030747943731262974	0.3455463729692864
15.97	0.03034315032309874	0.3490218719282723
16.36	0.029946534559543887	0.3525791473333519
16.76	0.029558096440598407	0.3562181991845253
17.18	0.02917374714395762	0.35993902748179246
17.61	0.02879757549192621	0.36370074400210656
18.05	0.028429581484504182	0.3675442369685144
18.50	0.028065676299386843	0.37155128282710986
18.97	0.027709948758878878	0.3755583286857053
19.44	0.027354221218370917	0.37964715099039453
19.93	0.027010760144777022	0.3837768615181307
20.44	0.026667299071183127	0.38802923671500744
20.96	0.026332015642198607	0.39236338835797807
21.50	0.02600082103551878	0.39682020467008927
22.05	0.025673715251143647	0.4013587974282944
22.61	0.025350698289073194	0.40597916663259315
23.20	0.025035858971612125	0.4109266416212672
23.80	0.024721019654151053	0.41542434615642526
24.42	0.024414357981299366	0.4207398151525213
25.06	0.02411178513075236	0.42564640191814834
25.73	0.02380921228020536	0.43096187091424437
26.41	0.023514817074267735	0.43627733991034034
27.11	0.0232245106906348	0.4415928089064363
27.84	0.02293420430700186	0.4473171601330012
28.59	0.022652075567978307	0.45304151135956616
29.36	0.02236994682895475	0.458765862586131
30.16	0.022091906912235885	0.46489909604316487
30.99	0.021817955817821703	0.4710323295001987
31.84	0.021544004723407527	0.47716556295723256
32.73	0.021278231273602725	0.4837076786447353
33.64	0.021012457823797927	0.490658676562707
34.59	0.02075077319629782	0.49720079225020974
35.57	0.020493177391102395	0.5045606723986503
36.58	0.020235581585906975	0.511511670316622
37.63	0.019982074603016244	0.5188715504650626
38.72	0.0197326564424302	0.5266403128439723
39.84	0.019487327104148848	0.5344090752228817
41.01	0.019241997765867495	0.5425867198322601
42.23	0.01900075724989083	0.5507643644416387
43.48	0.018759516733914166	0.559350891281486
44.79	0.01852645386254688	0.5683463003518023
46.14	0.018293390991179593	0.5773417094221186
47.55	0.018060328119812306	0.5867460007229037
49.01	0.0178354428930544	0.5965591742541579
50.54	0.017610557666296493	0.606781230015881
52.12	0.017389761261843273	0.617003285777604
53.77	0.017168964857390057	0.628043106000265
55.48	0.016956346097546215	0.639082926222926
57.27	0.016743727337702376	0.6509405109065246
59.13	0.016535197400163227	0.6627980955901234
61.08	0.016330756284928766	0.67547344473466
63.10	0.01613040399199899	0.6885576761096655
65.22	0.01593005169906922	0.7020507897151399
67.44	0.015737877050748826	0.7167705500120212
69.75	0.015545702402428434	0.7314903103089023
72.18	0.015357616576412731	0.7474367172971904
74.71	0.015177708395006404	0.7637920065159473
77.37	0.014997800213600077	0.780965060195642
