4.9720e-02 1.0792e+07
5.0090e-02 1.0637e+07
5.0460e-02 1.0481e+07
5.0850e-02 1.0326e+07
5.1240e-02 1.0179e+07
5.1640e-02 1.0037e+07
5.2060e-02 9.9003e+06
5.2480e-02 9.7653e+06
5.2920e-02 9.6339e+06
5.3360e-02 9.5094e+06
5.3820e-02 9.3813e+06
5.4300e-02 9.2587e+06
5.4780e-02 9.1402e+06
5.5280e-02 9.0301e+06
5.5800e-02 8.9156e+06
5.6330e-02 8.8099e+06
5.6870e-02 8.7062e+06
5.7440e-02 8.6112e+06
5.8010e-02 8.5115e+06
5.8610e-02 8.4225e+06
5.9220e-02 8.3354e+06
5.9850e-02 8.2469e+06
6.0500e-02 8.1629e+06
6.1170e-02 8.0836e+06
6.1860e-02 8.0043e+06
6.2560e-02 7.9307e+06
6.3290e-02 7.8587e+06
6.4040e-02 7.7951e+06
6.4800e-02 7.7297e+06
6.5590e-02 7.6665e+06
6.6400e-02 7.6011e+06
6.7230e-02 7.5440e+06
6.8080e-02 7.4850e+06
6.8950e-02 7.4352e+06
6.9850e-02 7.3787e+06
7.0760e-02 7.3277e+06
7.1700e-02 7.2816e+06
7.2660e-02 7.2318e+06
7.3640e-02 7.1879e+06
7.4640e-02 7.1429e+06
7.5670e-02 7.0971e+06
7.6720e-02 7.0554e+06
7.7780e-02 7.0150e+06
7.8880e-02 6.9765e+06
7.9990e-02 6.9353e+06
8.1130e-02 6.8970e+06
8.2290e-02 6.8650e+06
8.3470e-02 6.8283e+06
8.4670e-02 6.7954e+06
8.5900e-02 6.7565e+06
8.7140e-02 6.7228e+06
8.8410e-02 6.6875e+06
8.9690e-02 6.6537e+06
9.0990e-02 6.6215e+06
9.2320e-02 6.5864e+06
9.3660e-02 6.5501e+06
9.5020e-02 6.5202e+06
9.6390e-02 6.4860e+06
9.7780e-02 6.4567e+06
9.9180e-02 6.4182e+06
1.0060e-01 6.3860e+06
1.0200e-01 6.3486e+06
1.0350e-01 6.3126e+06
1.0490e-01 6.2775e+06
1.0630e-01 6.2416e+06
1.0780e-01 6.2023e+06
1.0920e-01 6.1636e+06
1.1070e-01 6.1204e+06
1.1210e-01 6.0777e+06
1.1360e-01 6.0366e+06
1.1500e-01 5.9926e+06
1.1650e-01 5.9449e+06
1.1790e-01 5.8977e+06
1.1930e-01 5.8526e+06
1.2070e-01 5.7989e+06
1.2210e-01 5.7477e+06
1.2350e-01 5.6884e+06
1.2490e-01 5.6367e+06
1.2630e-01 5.5780e+06
1.2760e-01 5.5178e+06
1.2900e-01 5.4555e+06
1.3030e-01 5.3961e+06
1.3160e-01 5.3359e+06
1.3290e-01 5.2666e+06
1.3420e-01 5.2044e+06
1.3550e-01 5.1335e+06
1.3670e-01 5.0683e+06
1.3800e-01 4.9991e+06
1.3920e-01 4.9284e+06
1.4050e-01 4.8601e+06
1.4180e-01 4.7894e+06
1.4300e-01 4.7175e+06
1.4420e-01 4.6470e+06
1.4550e-01 4.5768e+06
1.4680e-01 4.5045e+06
1.4800e-01 4.4343e+06
1.4930e-01 4.3652e+06
1.5060e-01 4.2973e+06
1.5190e-01 4.2263e+06
1.5320e-01 4.1583e+06
1.5450e-01 4.0928e+06
1.5590e-01 4.0253e+06
1.5730e-01 3.9595e+06
1.5870e-01 3.8961e+06
1.6010e-01 3.8307e+06
1.6160e-01 3.7692e+06
1.6310e-01 3.7094e+06
1.6460e-01 3.6494e+06
1.6610e-01 3.5913e+06
1.6770e-01 3.5319e+06
1.6940e-01 3.4784e+06
1.7100e-01 3.4225e+06
1.7280e-01 3.3700e+06
1.7450e-01 3.3182e+06
1.7630e-01 3.2663e+06
1.7820e-01 3.2175e+06
1.8010e-01 3.1693e+06
1.8200e-01 3.1217e+06
1.8410e-01 3.0797e+06
1.8610e-01 3.0354e+06
1.8820e-01 2.9909e+06
1.9040e-01 2.9490e+06
1.9260e-01 2.9076e+06
1.9480e-01 2.8672e+06
1.9720e-01 2.8285e+06
1.9960e-01 2.7914e+06
2.0200e-01 2.7533e+06
2.0460e-01 2.7187e+06
2.0720e-01 2.6828e+06
2.0980e-01 2.6488e+06
2.1260e-01 2.6154e+06
2.1540e-01 2.5828e+06
2.1830e-01 2.5518e+06
2.2130e-01 2.5213e+06
2.2440e-01 2.4924e+06
2.2760e-01 2.4624e+06
2.3090e-01 2.4353e+06
2.3440e-01 2.4079e+06
2.3790e-01 2.3811e+06
2.4160e-01 2.3565e+06
2.4540e-01 2.3318e+06
2.4940e-01 2.3076e+06
2.5350e-01 2.2855e+06
2.5790e-01 2.2638e+06
2.6240e-01 2.2429e+06
2.6720e-01 2.2232e+06
2.7220e-01 2.2059e+06
2.7740e-01 2.1877e+06
2.8300e-01 2.1720e+06
2.8880e-01 2.1590e+06
2.9500e-01 2.1458e+06
3.0150e-01 2.1327e+06
3.0850e-01 2.1224e+06
3.1580e-01 2.1148e+06
3.2370e-01 2.1081e+06
3.3190e-01 2.1032e+06
3.4070e-01 2.1000e+06
3.5000e-01 2.0976e+06
3.5990e-01 2.0991e+06
3.7030e-01 2.1016e+06
3.8130e-01 2.1054e+06
3.9280e-01 2.1119e+06
4.0500e-01 2.1198e+06
4.1770e-01 2.1296e+06
4.3090e-01 2.1413e+06
4.4470e-01 2.1535e+06
4.5900e-01 2.1679e+06
4.7370e-01 2.1840e+06
4.8890e-01 2.2008e+06
5.0430e-01 2.2193e+06
5.2010e-01 2.2371e+06
5.3600e-01 2.2556e+06
5.5220e-01 2.2746e+06
5.6850e-01 2.2930e+06
5.8480e-01 2.3113e+06
6.0110e-01 2.3288e+06
6.1730e-01 2.3457e+06
6.3340e-01 2.3614e+06
6.4930e-01 2.3747e+06
6.6500e-01 2.3884e+06
6.8040e-01 2.3997e+06
6.9550e-01 2.4089e+06
7.1020e-01 2.4154e+06
7.2460e-01 2.4207e+06
7.3830e-01 2.4225e+06
7.5200e-01 2.4232e+06
7.6510e-01 2.4208e+06
7.7790e-01 2.4169e+06
7.9020e-01 2.4113e+06
8.0210e-01 2.4022e+06
8.1380e-01 2.3934e+06
8.2490e-01 2.3807e+06
8.3550e-01 2.3662e+06
8.4570e-01 2.3493e+06
8.5550e-01 2.3299e+06
8.6490e-01 2.3088e+06
8.7340e-01 2.2836e+06
8.8210e-01 2.2598e+06
8.9050e-01 2.2347e+06
8.9850e-01 2.2081e+06
9.0630e-01 2.1804e+06
9.1370e-01 2.1521e+06
9.2210e-01 2.1278e+06
9.2890e-01 2.0969e+06
9.3540e-01 2.0655e+06
9.4170e-01 2.0334e+06
9.4770e-01 2.0007e+06
9.5350e-01 1.9673e+06
9.5910e-01 1.9334e+06
9.6450e-01 1.8991e+06
9.6970e-01 1.8650e+06
9.7460e-01 1.8312e+06
9.7950e-01 1.7955e+06
9.8410e-01 1.7625e+06
9.8860e-01 1.7277e+06
9.9300e-01 1.6932e+06
9.9720e-01 1.6581e+06
1.0010e+00 1.6248e+06
1.0050e+00 1.5912e+06
1.0090e+00 1.5574e+06
1.0130e+00 1.5234e+06
1.0160e+00 1.4872e+06
1.0190e+00 1.4553e+06
1.0230e+00 1.4224e+06
1.0260e+00 1.3915e+06
1.0300e+00 1.3603e+06
1.0330e+00 1.3304e+06
1.0360e+00 1.2994e+06
1.0390e+00 1.2707e+06
1.0430e+00 1.2413e+06
1.0460e+00 1.2123e+06
1.0490e+00 1.1844e+06
1.0520e+00 1.1570e+06
1.0550e+00 1.1306e+06
1.0580e+00 1.1037e+06
1.0610e+00 1.0780e+06
1.0650e+00 1.0529e+06
1.0680e+00 1.0289e+06
1.0730e+00 1.0049e+06
1.0760e+00 9.8190e+05
1.0800e+00 9.5890e+05
1.0840e+00 9.3676e+05
1.0880e+00 9.1495e+05
1.0920e+00 8.9397e+05
1.0970e+00 8.7354e+05
1.1020e+00 8.5392e+05
1.1070e+00 8.3498e+05
1.1130e+00 8.1647e+05
1.1190e+00 7.9864e+05
1.1220e+00 7.8333e+05
1.1290e+00 7.6694e+05
1.1380e+00 7.5079e+05
1.1470e+00 7.3573e+05
1.1580e+00 7.2103e+05
1.1700e+00 7.0766e+05
1.1840e+00 6.9427e+05
1.2000e+00 6.8164e+05
1.2190e+00 6.7012e+05
1.2400e+00 6.5806e+05
1.2630e+00 6.4740e+05
1.2900e+00 6.3795e+05
1.3200e+00 6.2920e+05
1.3530e+00 6.2095e+05
1.3910e+00 6.1344e+05
1.4330e+00 6.0647e+05
1.4790e+00 6.0013e+05
1.5300e+00 5.9508e+05
1.5860e+00 5.8987e+05
1.6460e+00 5.8503e+05
1.7120e+00 5.8064e+05
1.7840e+00 5.7670e+05
1.8600e+00 5.7296e+05
1.9410e+00 5.6960e+05
2.0280e+00 5.6613e+05
2.1190e+00 5.6302e+05
2.2150e+00 5.6003e+05
2.3150e+00 5.5689e+05
2.4180e+00 5.5401e+05
2.5250e+00 5.5098e+05
2.6360e+00 5.4777e+05
2.7500e+00 5.4395e+05
2.8650e+00 5.4077e+05
2.9830e+00 5.3695e+05
3.1020e+00 5.3260e+05
3.2230e+00 5.2781e+05
3.3450e+00 5.2350e+05
3.4680e+00 5.1836e+05
3.5920e+00 5.1333e+05
3.7190e+00 5.0754e+05
3.8430e+00 5.0234e+05
3.9670e+00 4.9609e+05
4.0910e+00 4.9047e+05
4.2150e+00 4.8389e+05
4.3400e+00 4.7724e+05
4.4630e+00 4.7092e+05
4.5880e+00 4.6381e+05
4.7120e+00 4.5705e+05
4.8370e+00 4.5025e+05
4.9620e+00 4.4294e+05
5.0870e+00 4.3555e+05
5.2140e+00 4.2868e+05
5.3410e+00 4.2142e+05
5.4680e+00 4.1451e+05
5.5970e+00 4.0688e+05
5.7260e+00 3.9984e+05
5.8570e+00 3.9282e+05
5.9910e+00 3.8581e+05
6.1250e+00 3.7883e+05
6.2610e+00 3.7193e+05
6.4000e+00 3.6508e+05
6.5400e+00 3.5837e+05
6.6840e+00 3.5169e+05
6.8300e+00 3.4498e+05
6.9790e+00 3.3878e+05
7.1310e+00 3.3216e+05
7.2870e+00 3.2596e+05
7.4460e+00 3.1979e+05
7.6090e+00 3.1363e+05
7.7730e+00 3.0768e+05
7.9440e+00 3.0202e+05
8.1190e+00 2.9616e+05
8.3000e+00 2.9054e+05
8.4850e+00 2.8503e+05
8.6770e+00 2.7948e+05
8.8720e+00 2.7398e+05
9.0730e+00 2.6887e+05
9.2800e+00 2.6361e+05
9.4920e+00 2.5849e+05
9.7100e+00 2.5354e+05
9.9350e+00 2.4867e+05
1.0170e+01 2.4390e+05
1.0410e+01 2.3922e+05
1.0650e+01 2.3466e+05
1.0900e+01 2.3009e+05
1.1160e+01 2.2559e+05
1.1430e+01 2.2121e+05
1.1710e+01 2.1689e+05
1.2000e+01 2.1270e+05
1.2290e+01 2.0861e+05
1.2590e+01 2.0448e+05
1.2910e+01 2.0044e+05
1.3230e+01 1.9657e+05
1.3570e+01 1.9258e+05
1.3910e+01 1.8883e+05
1.4270e+01 1.8503e+05
1.4640e+01 1.8129e+05
1.5010e+01 1.7768e+05
1.5400e+01 1.7415e+05
1.5810e+01 1.7060e+05
1.6230e+01 1.6709e+05
1.6660e+01 1.6369e+05
1.7110e+01 1.6030e+05
1.7570e+01 1.5697e+05
1.8040e+01 1.5373e+05
1.8540e+01 1.5051e+05
1.9050e+01 1.4731e+05
1.9580e+01 1.4410e+05
2.0130e+01 1.4104e+05
2.0690e+01 1.3798e+05
2.1280e+01 1.3492e+05
2.1890e+01 1.3192e+05
2.2510e+01 1.2902e+05
2.3170e+01 1.2615e+05
2.3840e+01 1.2333e+05
2.4550e+01 1.2054e+05
2.5270e+01 1.1772e+05
2.6030e+01 1.1496e+05
2.6810e+01 1.1225e+05
2.7620e+01 1.0955e+05
2.8470e+01 1.0695e+05
2.9350e+01 1.0436e+05
3.0260e+01 1.0180e+05
3.1210e+01 9.9291e+04
3.2190e+01 9.6747e+04
3.3220e+01 9.4326e+04
3.4290e+01 9.1828e+04
3.5400e+01 8.9475e+04
3.6550e+01 8.7092e+04
3.7760e+01 8.4816e+04
3.9010e+01 8.2516e+04
4.0320e+01 8.0250e+04
4.1690e+01 7.8045e+04
4.3110e+01 7.5819e+04
4.4600e+01 7.3673e+04
4.6150e+01 7.1531e+04
4.7780e+01 6.9446e+04
4.9470e+01 6.7399e+04
5.1250e+01 6.5372e+04
5.3110e+01 6.3366e+04
5.5050e+01 6.1441e+04
5.7080e+01 5.9488e+04
5.9220e+01 5.7598e+04
6.1450e+01 5.5743e+04
6.3800e+01 5.3892e+04
6.6260e+01 5.2106e+04
6.8850e+01 5.0362e+04
7.1560e+01 4.8638e+04
7.4430e+01 4.6948e+04
7.7430e+01 4.5283e+04
8.0610e+01 4.3655e+04
