4.9720e-02 0.0000e+00
5.0090e-02 0.0000e+00
5.0460e-02 0.0000e+00
5.0850e-02 0.0000e+00
5.1240e-02 0.0000e+00
5.1640e-02 0.0000e+00
5.2060e-02 0.0000e+00
5.2480e-02 0.0000e+00
5.2920e-02 0.0000e+00
5.3360e-02 0.0000e+00
5.3820e-02 0.0000e+00
5.4300e-02 0.0000e+00
5.4780e-02 0.0000e+00
5.5280e-02 0.0000e+00
5.5800e-02 0.0000e+00
5.6330e-02 0.0000e+00
5.6870e-02 0.0000e+00
5.7440e-02 0.0000e+00
5.8010e-02 0.0000e+00
5.8610e-02 0.0000e+00
5.9220e-02 0.0000e+00
5.9850e-02 0.0000e+00
6.0500e-02 0.0000e+00
6.1170e-02 0.0000e+00
6.1860e-02 0.0000e+00
6.2560e-02 0.0000e+00
6.3290e-02 0.0000e+00
6.4040e-02 0.0000e+00
6.4800e-02 0.0000e+00
6.5590e-02 0.0000e+00
6.6400e-02 0.0000e+00
6.7230e-02 0.0000e+00
6.8080e-02 0.0000e+00
6.8950e-02 0.0000e+00
6.9850e-02 0.0000e+00
7.0760e-02 0.0000e+00
7.1700e-02 0.0000e+00
7.2660e-02 0.0000e+00
7.3640e-02 0.0000e+00
7.4640e-02 0.0000e+00
7.5670e-02 0.0000e+00
7.6720e-02 0.0000e+00
7.7780e-02 0.0000e+00
7.8880e-02 0.0000e+00
7.9990e-02 0.0000e+00
8.1130e-02 0.0000e+00
8.2290e-02 0.0000e+00
8.3470e-02 0.0000e+00
8.4670e-02 0.0000e+00
8.5900e-02 0.0000e+00
8.7140e-02 0.0000e+00
8.8410e-02 0.0000e+00
8.9690e-02 0.0000e+00
9.0990e-02 0.0000e+00
9.2320e-02 0.0000e+00
9.3660e-02 0.0000e+00
9.5020e-02 0.0000e+00
9.6390e-02 0.0000e+00
9.7780e-02 0.0000e+00
9.9180e-02 0.0000e+00
1.0060e-01 0.0000e+00
1.0200e-01 0.0000e+00
1.0350e-01 0.0000e+00
1.0490e-01 0.0000e+00
1.0630e-01 0.0000e+00
1.0780e-01 0.0000e+00
1.0920e-01 0.0000e+00
1.1070e-01 0.0000e+00
1.1210e-01 0.0000e+00
1.1360e-01 0.0000e+00
1.1500e-01 0.0000e+00
1.1650e-01 0.0000e+00
1.1790e-01 0.0000e+00
1.1930e-01 0.0000e+00
1.2070e-01 0.0000e+00
1.2210e-01 0.0000e+00
1.2350e-01 0.0000e+00
1.2490e-01 0.0000e+00
1.2630e-01 0.0000e+00
1.2760e-01 0.0000e+00
1.2900e-01 0.0000e+00
1.3030e-01 0.0000e+00
1.3160e-01 0.0000e+00
1.3290e-01 0.0000e+00
1.3420e-01 0.0000e+00
1.3550e-01 0.0000e+00
1.3670e-01 0.0000e+00
1.3800e-01 0.0000e+00
1.3920e-01 0.0000e+00
1.4050e-01 0.0000e+00
1.4180e-01 0.0000e+00
1.4300e-01 0.0000e+00
1.4420e-01 0.0000e+00
1.4550e-01 0.0000e+00
1.4680e-01 0.0000e+00
1.4800e-01 0.0000e+00
1.4930e-01 0.0000e+00
1.5060e-01 0.0000e+00
1.5190e-01 0.0000e+00
1.5320e-01 0.0000e+00
1.5450e-01 0.0000e+00
1.5590e-01 0.0000e+00
1.5730e-01 0.0000e+00
1.5870e-01 0.0000e+00
1.6010e-01 0.0000e+00
1.6160e-01 0.0000e+00
1.6310e-01 0.0000e+00
1.6460e-01 0.0000e+00
1.6610e-01 0.0000e+00
1.6770e-01 0.0000e+00
1.6940e-01 0.0000e+00
1.7100e-01 0.0000e+00
1.7280e-01 0.0000e+00
1.7450e-01 0.0000e+00
1.7630e-01 0.0000e+00
1.7820e-01 0.0000e+00
1.8010e-01 0.0000e+00
1.8200e-01 0.0000e+00
1.8410e-01 0.0000e+00
1.8610e-01 0.0000e+00
1.8820e-01 0.0000e+00
1.9040e-01 0.0000e+00
1.9260e-01 0.0000e+00
1.9480e-01 0.0000e+00
1.9720e-01 0.0000e+00
1.9960e-01 0.0000e+00
2.0200e-01 0.0000e+00
2.0460e-01 0.0000e+00
2.0720e-01 0.0000e+00
2.0980e-01 0.0000e+00
2.1260e-01 0.0000e+00
2.1540e-01 0.0000e+00
2.1830e-01 0.0000e+00
2.2130e-01 0.0000e+00
2.2440e-01 0.0000e+00
2.2760e-01 0.0000e+00
2.3090e-01 0.0000e+00
2.3440e-01 0.0000e+00
2.3790e-01 0.0000e+00
2.4160e-01 0.0000e+00
2.4540e-01 0.0000e+00
2.4940e-01 0.0000e+00
2.5350e-01 0.0000e+00
2.5790e-01 0.0000e+00
2.6240e-01 0.0000e+00
2.6720e-01 0.0000e+00
2.7220e-01 0.0000e+00
2.7740e-01 0.0000e+00
2.8300e-01 0.0000e+00
2.8880e-01 0.0000e+00
2.9500e-01 0.0000e+00
3.0150e-01 0.0000e+00
3.0850e-01 0.0000e+00
3.1580e-01 0.0000e+00
3.2370e-01 0.0000e+00
3.3190e-01 0.0000e+00
3.4070e-01 0.0000e+00
3.5000e-01 0.0000e+00
3.5990e-01 0.0000e+00
3.7030e-01 0.0000e+00
3.8130e-01 0.0000e+00
3.9280e-01 0.0000e+00
4.0500e-01 0.0000e+00
4.1770e-01 0.0000e+00
4.3090e-01 0.0000e+00
4.4470e-01 0.0000e+00
4.5900e-01 0.0000e+00
4.7370e-01 0.0000e+00
4.8890e-01 0.0000e+00
5.0430e-01 0.0000e+00
5.2010e-01 0.0000e+00
5.3600e-01 0.0000e+00
5.5220e-01 0.0000e+00
5.6850e-01 0.0000e+00
5.8480e-01 0.0000e+00
6.0110e-01 0.0000e+00
6.1730e-01 0.0000e+00
6.3340e-01 0.0000e+00
6.4930e-01 0.0000e+00
6.6500e-01 0.0000e+00
6.8040e-01 0.0000e+00
6.9550e-01 0.0000e+00
7.1020e-01 0.0000e+00
7.2460e-01 0.0000e+00
7.3830e-01 0.0000e+00
7.5200e-01 0.0000e+00
7.6510e-01 0.0000e+00
7.7790e-01 0.0000e+00
7.9020e-01 0.0000e+00
8.0210e-01 0.0000e+00
8.1380e-01 3.9287e-09
8.2490e-01 4.5424e-09
8.3550e-01 5.2416e-09
8.4570e-01 6.0382e-09
8.5550e-01 6.9643e-09
8.6490e-01 8.0609e-09
8.7340e-01 1.9414e-07
8.8210e-01 2.3837e-07
8.9050e-01 2.9594e-07
8.9850e-01 3.7242e-07
9.0630e-01 4.7149e-07
9.1370e-01 6.1102e-07
9.2210e-01 6.7517e-01
9.2890e-01 6.5879e-01
9.3540e-01 6.4263e-01
9.4170e-01 6.2560e-01
9.4770e-01 6.0881e-01
9.5350e-01 5.9154e-01
9.5910e-01 5.7419e-01
9.6450e-01 5.5654e-01
9.6970e-01 5.3936e-01
9.7460e-01 5.2201e-01
9.7950e-01 5.0433e-01
9.8410e-01 4.8748e-01
9.8860e-01 4.7030e-01
9.9300e-01 4.5328e-01
9.9720e-01 4.3631e-01
1.0010e+00 4.1990e-01
1.0050e+00 4.0384e-01
1.0090e+00 3.8768e-01
1.0130e+00 3.7181e-01
1.0160e+00 3.5559e-01
1.0190e+00 3.4085e-01
1.0230e+00 3.2598e-01
1.0260e+00 3.1176e-01
1.0300e+00 2.9805e-01
1.0330e+00 2.8478e-01
1.0360e+00 2.7185e-01
1.0390e+00 2.5971e-01
1.0430e+00 2.4810e-01
1.0460e+00 2.3712e-01
1.0490e+00 2.2711e-01
1.0520e+00 2.1817e-01
1.0550e+00 2.1096e-01
1.0580e+00 2.0526e-01
1.0610e+00 2.0221e-01
1.0650e+00 2.0236e-01
1.0680e+00 2.0700e-01
1.0730e+00 2.1452e-01
1.0760e+00 2.3146e-01
1.0800e+00 2.5790e-01
1.0840e+00 2.9684e-01
1.0880e+00 3.5143e-01
1.0920e+00 4.2627e-01
1.0970e+00 5.2632e-01
1.1020e+00 6.5794e-01
1.1070e+00 8.2852e-01
1.1130e+00 1.0461e+00
1.1190e+00 1.3207e+00
1.1220e+00 1.6707e+00
1.1290e+00 2.0955e+00
1.1380e+00 2.6125e+00
1.1470e+00 3.2394e+00
1.1580e+00 3.9890e+00
1.1700e+00 4.8837e+00
1.1840e+00 5.9332e+00
1.2000e+00 7.1581e+00
1.2190e+00 8.5805e+00
1.2400e+00 1.0218e+01
1.2630e+00 1.2068e+01
1.2900e+00 1.4173e+01
1.3200e+00 1.6525e+01
1.3530e+00 1.9140e+01
1.3910e+00 2.2025e+01
1.4330e+00 2.5179e+01
1.4790e+00 2.8604e+01
1.5300e+00 3.2293e+01
1.5860e+00 3.6234e+01
1.6460e+00 4.0406e+01
1.7120e+00 4.4790e+01
1.7840e+00 4.9359e+01
1.8600e+00 5.4079e+01
1.9410e+00 5.8922e+01
2.0280e+00 6.3887e+01
2.1190e+00 6.8843e+01
2.2150e+00 7.3809e+01
2.3150e+00 7.8714e+01
2.4180e+00 8.3559e+01
2.5250e+00 8.8250e+01
2.6360e+00 9.2794e+01
2.7500e+00 9.7184e+01
2.8650e+00 1.0130e+02
2.9830e+00 1.0516e+02
3.1020e+00 1.0869e+02
3.2230e+00 1.1196e+02
3.3450e+00 1.1493e+02
3.4680e+00 1.1760e+02
3.5920e+00 1.1996e+02
3.7190e+00 1.2190e+02
3.8430e+00 1.2366e+02
3.9670e+00 1.2495e+02
4.0910e+00 1.2607e+02
4.2150e+00 1.2677e+02
4.3400e+00 1.2718e+02
4.4630e+00 1.2742e+02
4.5880e+00 1.2734e+02
4.7120e+00 1.2701e+02
4.8370e+00 1.2649e+02
4.9620e+00 1.2571e+02
5.0870e+00 1.2469e+02
5.2140e+00 1.2365e+02
5.3410e+00 1.2236e+02
5.4680e+00 1.2099e+02
5.5970e+00 1.1931e+02
5.7260e+00 1.1767e+02
5.8570e+00 1.1591e+02
5.9910e+00 1.1404e+02
6.1250e+00 1.1211e+02
6.2610e+00 1.1011e+02
6.4000e+00 1.0799e+02
6.5400e+00 1.0588e+02
6.6840e+00 1.0373e+02
6.8300e+00 1.0152e+02
6.9790e+00 9.9339e+01
7.1310e+00 9.7092e+01
7.2870e+00 9.4859e+01
7.4460e+00 9.2597e+01
7.6090e+00 9.0381e+01
7.7730e+00 8.8129e+01
7.9440e+00 8.5948e+01
8.1190e+00 8.3720e+01
8.3000e+00 8.1569e+01
8.4850e+00 7.9421e+01
8.6770e+00 7.7294e+01
8.8720e+00 7.5188e+01
9.0730e+00 7.3139e+01
9.2800e+00 7.1090e+01
9.4920e+00 6.9095e+01
9.7100e+00 6.7145e+01
9.9350e+00 6.5228e+01
1.0170e+01 6.3353e+01
1.0410e+01 6.1517e+01
1.0650e+01 5.9715e+01
1.0900e+01 5.7958e+01
1.1160e+01 5.6247e+01
1.1430e+01 5.4580e+01
1.1710e+01 5.2942e+01
1.2000e+01 5.1361e+01
1.2290e+01 4.9830e+01
1.2590e+01 4.8331e+01
1.2910e+01 4.6875e+01
1.3230e+01 4.5458e+01
1.3570e+01 4.4085e+01
1.3910e+01 4.2753e+01
1.4270e+01 4.1464e+01
1.4640e+01 4.0220e+01
1.5010e+01 3.9012e+01
1.5400e+01 3.7849e+01
1.5810e+01 3.6729e+01
1.6230e+01 3.5635e+01
1.6660e+01 3.4587e+01
1.7110e+01 3.3575e+01
1.7570e+01 3.2580e+01
1.8040e+01 3.1658e+01
1.8540e+01 3.0745e+01
1.9050e+01 2.9870e+01
1.9580e+01 2.9020e+01
2.0130e+01 2.8223e+01
2.0690e+01 2.7443e+01
2.1280e+01 2.6685e+01
2.1890e+01 2.5967e+01
2.2510e+01 2.5283e+01
2.3170e+01 2.4621e+01
2.3840e+01 2.3995e+01
2.4550e+01 2.3384e+01
2.5270e+01 2.2797e+01
2.6030e+01 2.2229e+01
2.6810e+01 2.1698e+01
2.7620e+01 2.1181e+01
2.8470e+01 2.0688e+01
2.9350e+01 2.0220e+01
3.0260e+01 1.9762e+01
3.1210e+01 1.9335e+01
3.2190e+01 1.8920e+01
3.3220e+01 1.8526e+01
3.4290e+01 1.8139e+01
3.5400e+01 1.7776e+01
3.6550e+01 1.7433e+01
3.7760e+01 1.7106e+01
3.9010e+01 1.6788e+01
4.0320e+01 1.6488e+01
4.1690e+01 1.6199e+01
4.3110e+01 1.5922e+01
4.4600e+01 1.5657e+01
4.6150e+01 1.5406e+01
4.7780e+01 1.5163e+01
4.9470e+01 1.4932e+01
5.1250e+01 1.4712e+01
5.3110e+01 1.4503e+01
5.5050e+01 1.4296e+01
5.7080e+01 1.4105e+01
5.9220e+01 1.3921e+01
6.1450e+01 1.3743e+01
6.3800e+01 1.3570e+01
6.6260e+01 1.3406e+01
6.8850e+01 1.3250e+01
7.1560e+01 1.3100e+01
7.4430e+01 1.2952e+01
7.7430e+01 1.2816e+01
8.0610e+01 1.2682e+01
