4.9720e-02 4.3626e+06
5.0090e-02 4.3045e+06
5.0460e-02 4.2438e+06
5.0850e-02 4.1836e+06
5.1240e-02 4.1270e+06
5.1640e-02 4.0722e+06
5.2060e-02 4.0196e+06
5.2480e-02 3.9670e+06
5.2920e-02 3.9168e+06
5.3360e-02 3.8701e+06
5.3820e-02 3.8212e+06
5.4300e-02 3.7747e+06
5.4780e-02 3.7291e+06
5.5280e-02 3.6871e+06
5.5800e-02 3.6439e+06
5.6330e-02 3.6046e+06
5.6870e-02 3.5653e+06
5.7440e-02 3.5310e+06
5.8010e-02 3.4935e+06
5.8610e-02 3.4598e+06
5.9220e-02 3.4277e+06
5.9850e-02 3.3956e+06
6.0500e-02 3.3641e+06
6.1170e-02 3.3359e+06
6.1860e-02 3.3070e+06
6.2560e-02 3.2812e+06
6.3290e-02 3.2550e+06
6.4040e-02 3.2333e+06
6.4800e-02 3.2099e+06
6.5590e-02 3.1874e+06
6.6400e-02 3.1655e+06
6.7230e-02 3.1451e+06
6.8080e-02 3.1254e+06
6.8950e-02 3.1085e+06
6.9850e-02 3.0898e+06
7.0760e-02 3.0721e+06
7.1700e-02 3.0576e+06
7.2660e-02 3.0413e+06
7.3640e-02 3.0274e+06
7.4640e-02 3.0133e+06
7.5670e-02 2.9985e+06
7.6720e-02 2.9854e+06
7.7780e-02 2.9725e+06
7.8880e-02 2.9615e+06
7.9990e-02 2.9484e+06
8.1130e-02 2.9366e+06
8.2290e-02 2.9278e+06
8.3470e-02 2.9170e+06
8.4670e-02 2.9080e+06
8.5900e-02 2.8957e+06
8.7140e-02 2.8862e+06
8.8410e-02 2.8759e+06
8.9690e-02 2.8662e+06
9.0990e-02 2.8565e+06
9.2320e-02 2.8464e+06
9.3660e-02 2.8371e+06
9.5020e-02 2.8275e+06
9.6390e-02 2.8167e+06
9.7780e-02 2.8083e+06
9.9180e-02 2.7965e+06
1.0060e-01 2.7871e+06
1.0200e-01 2.7754e+06
1.0350e-01 2.7652e+06
1.0490e-01 2.7523e+06
1.0630e-01 2.7418e+06
1.0780e-01 2.7297e+06
1.0920e-01 2.7152e+06
1.1070e-01 2.7011e+06
1.1210e-01 2.6869e+06
1.1360e-01 2.6711e+06
1.1500e-01 2.6560e+06
1.1650e-01 2.6387e+06
1.1790e-01 2.6214e+06
1.1930e-01 2.6050e+06
1.2070e-01 2.5841e+06
1.2210e-01 2.5663e+06
1.2350e-01 2.5422e+06
1.2490e-01 2.5229e+06
1.2630e-01 2.5003e+06
1.2760e-01 2.4765e+06
1.2900e-01 2.4516e+06
1.3030e-01 2.4275e+06
1.3160e-01 2.4025e+06
1.3290e-01 2.3747e+06
1.3420e-01 2.3486e+06
1.3550e-01 2.3195e+06
1.3670e-01 2.2927e+06
1.3800e-01 2.2641e+06
1.3920e-01 2.2347e+06
1.4050e-01 2.2059e+06
1.4180e-01 2.1759e+06
1.4300e-01 2.1467e+06
1.4420e-01 2.1166e+06
1.4550e-01 2.0866e+06
1.4680e-01 2.0571e+06
1.4800e-01 2.0268e+06
1.4930e-01 1.9975e+06
1.5060e-01 1.9684e+06
1.5190e-01 1.9395e+06
1.5320e-01 1.9107e+06
1.5450e-01 1.8819e+06
1.5590e-01 1.8536e+06
1.5730e-01 1.8262e+06
1.5870e-01 1.7988e+06
1.6010e-01 1.7720e+06
1.6160e-01 1.7460e+06
1.6310e-01 1.7199e+06
1.6460e-01 1.6951e+06
1.6610e-01 1.6702e+06
1.6770e-01 1.6462e+06
1.6940e-01 1.6231e+06
1.7100e-01 1.6000e+06
1.7280e-01 1.5780e+06
1.7450e-01 1.5563e+06
1.7630e-01 1.5350e+06
1.7820e-01 1.5147e+06
1.8010e-01 1.4947e+06
1.8200e-01 1.4754e+06
1.8410e-01 1.4577e+06
1.8610e-01 1.4397e+06
1.8820e-01 1.4217e+06
1.9040e-01 1.4046e+06
1.9260e-01 1.3880e+06
1.9480e-01 1.3721e+06
1.9720e-01 1.3565e+06
1.9960e-01 1.3412e+06
2.0200e-01 1.3266e+06
2.0460e-01 1.3124e+06
2.0720e-01 1.2986e+06
2.0980e-01 1.2859e+06
2.1260e-01 1.2732e+06
2.1540e-01 1.2602e+06
2.1830e-01 1.2489e+06
2.2130e-01 1.2372e+06
2.2440e-01 1.2256e+06
2.2760e-01 1.2150e+06
2.3090e-01 1.2045e+06
2.3440e-01 1.1948e+06
2.3790e-01 1.1864e+06
2.4160e-01 1.1767e+06
2.4540e-01 1.1689e+06
2.4940e-01 1.1606e+06
2.5350e-01 1.1543e+06
2.5790e-01 1.1469e+06
2.6240e-01 1.1417e+06
2.6720e-01 1.1363e+06
2.7220e-01 1.1320e+06
2.7740e-01 1.1279e+06
2.8300e-01 1.1248e+06
2.8880e-01 1.1237e+06
2.9500e-01 1.1219e+06
3.0150e-01 1.1211e+06
3.0850e-01 1.1222e+06
3.1580e-01 1.1245e+06
3.2370e-01 1.1277e+06
3.3190e-01 1.1323e+06
3.4070e-01 1.1371e+06
3.5000e-01 1.1432e+06
3.5990e-01 1.1520e+06
3.7030e-01 1.1611e+06
3.8130e-01 1.1715e+06
3.9280e-01 1.1838e+06
4.0500e-01 1.1961e+06
4.1770e-01 1.2104e+06
4.3090e-01 1.2255e+06
4.4470e-01 1.2418e+06
4.5900e-01 1.2586e+06
4.7370e-01 1.2770e+06
4.8890e-01 1.2956e+06
5.0430e-01 1.3141e+06
5.2010e-01 1.3333e+06
5.3600e-01 1.3526e+06
5.5220e-01 1.3717e+06
5.6850e-01 1.3902e+06
5.8480e-01 1.4087e+06
6.0110e-01 1.4267e+06
6.1730e-01 1.4435e+06
6.3340e-01 1.4593e+06
6.4930e-01 1.4736e+06
6.6500e-01 1.4874e+06
6.8040e-01 1.4995e+06
6.9550e-01 1.5102e+06
7.1020e-01 1.5188e+06
7.2460e-01 1.5261e+06
7.3830e-01 1.5308e+06
7.5200e-01 1.5345e+06
7.6510e-01 1.5357e+06
7.7790e-01 1.5356e+06
7.9020e-01 1.5345e+06
8.0210e-01 1.5308e+06
8.1380e-01 1.5267e+06
8.2490e-01 1.5204e+06
8.3550e-01 1.5124e+06
8.4570e-01 1.5024e+06
8.5550e-01 1.4907e+06
8.6490e-01 1.4778e+06
8.7340e-01 1.4619e+06
8.8210e-01 1.4471e+06
8.9050e-01 1.4309e+06
8.9850e-01 1.4138e+06
9.0630e-01 1.3959e+06
9.1370e-01 1.3775e+06
9.2210e-01 1.3613e+06
9.2890e-01 1.3411e+06
9.3540e-01 1.3205e+06
9.4170e-01 1.2991e+06
9.4770e-01 1.2775e+06
9.5350e-01 1.2554e+06
9.5910e-01 1.2328e+06
9.6450e-01 1.2100e+06
9.6970e-01 1.1872e+06
9.7460e-01 1.1647e+06
9.7950e-01 1.1410e+06
9.8410e-01 1.1191e+06
9.8860e-01 1.0958e+06
9.9300e-01 1.0730e+06
9.9720e-01 1.0495e+06
1.0010e+00 1.0271e+06
1.0050e+00 1.0048e+06
1.0090e+00 9.8235e+05
1.0130e+00 9.5972e+05
1.0160e+00 9.3572e+05
1.0190e+00 9.1456e+05
1.0230e+00 8.9268e+05
1.0260e+00 8.7202e+05
1.0300e+00 8.5145e+05
1.0330e+00 8.3137e+05
1.0360e+00 8.1097e+05
1.0390e+00 7.9176e+05
1.0430e+00 7.7215e+05
1.0460e+00 7.5302e+05
1.0490e+00 7.3448e+05
1.0520e+00 7.1623e+05
1.0550e+00 6.9879e+05
1.0580e+00 6.8090e+05
1.0610e+00 6.6371e+05
1.0650e+00 6.4711e+05
1.0680e+00 6.3109e+05
1.0730e+00 6.1516e+05
1.0760e+00 5.9980e+05
1.0800e+00 5.8444e+05
1.0840e+00 5.6968e+05
1.0880e+00 5.5511e+05
1.0920e+00 5.4095e+05
1.0970e+00 5.2733e+05
1.1020e+00 5.1400e+05
1.1070e+00 5.0133e+05
1.1130e+00 4.8879e+05
1.1190e+00 4.7664e+05
1.1220e+00 4.6601e+05
1.1290e+00 4.5477e+05
1.1380e+00 4.4370e+05
1.1470e+00 4.3314e+05
1.1580e+00 4.2297e+05
1.1700e+00 4.1347e+05
1.1840e+00 4.0398e+05
1.2000e+00 3.9497e+05
1.2190e+00 3.8652e+05
1.2400e+00 3.7781e+05
1.2630e+00 3.7001e+05
1.2900e+00 3.6292e+05
1.3200e+00 3.5617e+05
1.3530e+00 3.4985e+05
1.3910e+00 3.4395e+05
1.4330e+00 3.3845e+05
1.4790e+00 3.3333e+05
1.5300e+00 3.2910e+05
1.5860e+00 3.2480e+05
1.6460e+00 3.2089e+05
1.7120e+00 3.1726e+05
1.7840e+00 3.1404e+05
1.8600e+00 3.1107e+05
1.9410e+00 3.0847e+05
2.0280e+00 3.0595e+05
2.1190e+00 3.0374e+05
2.2150e+00 3.0184e+05
2.3150e+00 3.0015e+05
2.4180e+00 2.9861e+05
2.5250e+00 2.9691e+05
2.6360e+00 2.9555e+05
2.7500e+00 2.9409e+05
2.8650e+00 2.9278e+05
2.9830e+00 2.9151e+05
3.1020e+00 2.9000e+05
3.2230e+00 2.8854e+05
3.3450e+00 2.8713e+05
3.4680e+00 2.8579e+05
3.5920e+00 2.8423e+05
3.7190e+00 2.8251e+05
3.8430e+00 2.8099e+05
3.9670e+00 2.7912e+05
4.0910e+00 2.7748e+05
4.2150e+00 2.7551e+05
4.3400e+00 2.7340e+05
4.4630e+00 2.7157e+05
4.5880e+00 2.6942e+05
4.7120e+00 2.6722e+05
4.8370e+00 2.6510e+05
4.9620e+00 2.6280e+05
5.0870e+00 2.6038e+05
5.2140e+00 2.5817e+05
5.3410e+00 2.5584e+05
5.4680e+00 2.5362e+05
5.5970e+00 2.5106e+05
5.7260e+00 2.4878e+05
5.8570e+00 2.4646e+05
5.9910e+00 2.4407e+05
6.1250e+00 2.4176e+05
6.2610e+00 2.3945e+05
6.4000e+00 2.3709e+05
6.5400e+00 2.3472e+05
6.6840e+00 2.3264e+05
6.8300e+00 2.3021e+05
6.9790e+00 2.2809e+05
7.1310e+00 2.2588e+05
7.2870e+00 2.2370e+05
7.4460e+00 2.2144e+05
7.6090e+00 2.1923e+05
7.7730e+00 2.1726e+05
7.9440e+00 2.1525e+05
8.1190e+00 2.1313e+05
8.3000e+00 2.1109e+05
8.4850e+00 2.0920e+05
8.6770e+00 2.0719e+05
8.8720e+00 2.0524e+05
9.0730e+00 2.0335e+05
9.2800e+00 2.0138e+05
9.4920e+00 1.9957e+05
9.7100e+00 1.9780e+05
9.9350e+00 1.9599e+05
1.0170e+01 1.9431e+05
1.0410e+01 1.9247e+05
1.0650e+01 1.9077e+05
1.0900e+01 1.8908e+05
1.1160e+01 1.8736e+05
1.1430e+01 1.8577e+05
1.1710e+01 1.8414e+05
1.2000e+01 1.8252e+05
1.2290e+01 1.8091e+05
1.2590e+01 1.7927e+05
1.2910e+01 1.7774e+05
1.3230e+01 1.7617e+05
1.3570e+01 1.7460e+05
1.3910e+01 1.7306e+05
1.4270e+01 1.7159e+05
1.4640e+01 1.7009e+05
1.5010e+01 1.6862e+05
1.5400e+01 1.6713e+05
1.5810e+01 1.6564e+05
1.6230e+01 1.6420e+05
1.6660e+01 1.6278e+05
1.7110e+01 1.6137e+05
1.7570e+01 1.5985e+05
1.8040e+01 1.5859e+05
1.8540e+01 1.5710e+05
1.9050e+01 1.5571e+05
1.9580e+01 1.5431e+05
2.0130e+01 1.5298e+05
2.0690e+01 1.5164e+05
2.1280e+01 1.5022e+05
2.1890e+01 1.4886e+05
2.2510e+01 1.4754e+05
2.3170e+01 1.4621e+05
2.3840e+01 1.4495e+05
2.4550e+01 1.4364e+05
2.5270e+01 1.4228e+05
2.6030e+01 1.4098e+05
2.6810e+01 1.3972e+05
2.7620e+01 1.3838e+05
2.8470e+01 1.3714e+05
2.9350e+01 1.3584e+05
3.0260e+01 1.3460e+05
3.1210e+01 1.3336e+05
3.2190e+01 1.3211e+05
3.3220e+01 1.3086e+05
3.4290e+01 1.2961e+05
3.5400e+01 1.2839e+05
3.6550e+01 1.2719e+05
3.7760e+01 1.2602e+05
3.9010e+01 1.2479e+05
4.0320e+01 1.2358e+05
4.1690e+01 1.2242e+05
4.3110e+01 1.2124e+05
4.4600e+01 1.2008e+05
4.6150e+01 1.1890e+05
4.7780e+01 1.1775e+05
4.9470e+01 1.1657e+05
5.1250e+01 1.1542e+05
5.3110e+01 1.1427e+05
5.5050e+01 1.1313e+05
5.7080e+01 1.1197e+05
5.9220e+01 1.1081e+05
6.1450e+01 1.0965e+05
6.3800e+01 1.0849e+05
6.6260e+01 1.0734e+05
6.8850e+01 1.0616e+05
7.1560e+01 1.0501e+05
7.4430e+01 1.0382e+05
7.7430e+01 1.0266e+05
8.0610e+01 1.0143e+05
