4.9720e-02 3.4356e+03
5.0090e-02 3.3761e+03
5.0460e-02 3.3171e+03
5.0850e-02 3.2571e+03
5.1240e-02 3.2010e+03
5.1640e-02 3.1467e+03
5.2060e-02 3.0933e+03
5.2480e-02 3.0422e+03
5.2920e-02 2.9904e+03
5.3360e-02 2.9422e+03
5.3820e-02 2.8914e+03
5.4300e-02 2.8433e+03
5.4780e-02 2.7964e+03
5.5280e-02 2.7532e+03
5.5800e-02 2.7071e+03
5.6330e-02 2.6647e+03
5.6870e-02 2.6229e+03
5.7440e-02 2.5833e+03
5.8010e-02 2.5421e+03
5.8610e-02 2.5054e+03
5.9220e-02 2.4685e+03
5.9850e-02 2.4313e+03
6.0500e-02 2.3951e+03
6.1170e-02 2.3613e+03
6.1860e-02 2.3264e+03
6.2560e-02 2.2938e+03
6.3290e-02 2.2625e+03
6.4040e-02 2.2324e+03
6.4800e-02 2.2026e+03
6.5590e-02 2.1733e+03
6.6400e-02 2.1436e+03
6.7230e-02 2.1154e+03
6.8080e-02 2.0879e+03
6.8950e-02 2.0629e+03
6.9850e-02 2.0359e+03
7.0760e-02 2.0100e+03
7.1700e-02 1.9866e+03
7.2660e-02 1.9619e+03
7.3640e-02 1.9387e+03
7.4640e-02 1.9154e+03
7.5670e-02 1.8925e+03
7.6720e-02 1.8698e+03
7.7780e-02 1.8480e+03
7.8880e-02 1.8269e+03
7.9990e-02 1.8059e+03
8.1130e-02 1.7849e+03
8.2290e-02 1.7660e+03
8.3470e-02 1.7460e+03
8.4670e-02 1.7271e+03
8.5900e-02 1.7074e+03
8.7140e-02 1.6883e+03
8.8410e-02 1.6696e+03
8.9690e-02 1.6513e+03
9.0990e-02 1.6334e+03
9.2320e-02 1.6149e+03
9.3660e-02 1.5970e+03
9.5020e-02 1.5795e+03
9.6390e-02 1.5619e+03
9.7780e-02 1.5452e+03
9.9180e-02 1.5273e+03
1.0060e-01 1.5111e+03
1.0200e-01 1.4941e+03
1.0350e-01 1.4777e+03
1.0490e-01 1.4599e+03
1.0630e-01 1.4441e+03
1.0780e-01 1.4278e+03
1.0920e-01 1.4107e+03
1.1070e-01 1.3935e+03
1.1210e-01 1.3773e+03
1.1360e-01 1.3600e+03
1.1500e-01 1.3439e+03
1.1650e-01 1.3268e+03
1.1790e-01 1.3100e+03
1.1930e-01 1.2940e+03
1.2070e-01 1.2758e+03
1.2210e-01 1.2598e+03
1.2350e-01 1.2408e+03
1.2490e-01 1.2247e+03
1.2630e-01 1.2072e+03
1.2760e-01 1.1892e+03
1.2900e-01 1.1714e+03
1.3030e-01 1.1539e+03
1.3160e-01 1.1365e+03
1.3290e-01 1.1178e+03
1.3420e-01 1.1003e+03
1.3550e-01 1.0816e+03
1.3670e-01 1.0642e+03
1.3800e-01 1.0461e+03
1.3920e-01 1.0279e+03
1.4050e-01 1.0100e+03
1.4180e-01 9.9181e+02
1.4300e-01 9.7446e+02
1.4420e-01 9.5657e+02
1.4550e-01 9.3889e+02
1.4680e-01 9.2154e+02
1.4800e-01 9.0413e+02
1.4930e-01 8.8710e+02
1.5060e-01 8.7073e+02
1.5190e-01 8.5412e+02
1.5320e-01 8.3768e+02
1.5450e-01 8.2137e+02
1.5590e-01 8.0556e+02
1.5730e-01 7.8996e+02
1.5870e-01 7.7469e+02
1.6010e-01 7.5964e+02
1.6160e-01 7.4500e+02
1.6310e-01 7.3037e+02
1.6460e-01 7.1648e+02
1.6610e-01 7.0266e+02
1.6770e-01 6.8909e+02
1.6940e-01 6.7600e+02
1.7100e-01 6.6312e+02
1.7280e-01 6.5064e+02
1.7450e-01 6.3840e+02
1.7630e-01 6.2643e+02
1.7820e-01 6.1481e+02
1.8010e-01 6.0341e+02
1.8200e-01 5.9241e+02
1.8410e-01 5.8193e+02
1.8610e-01 5.7158e+02
1.8820e-01 5.6131e+02
1.9040e-01 5.5132e+02
1.9260e-01 5.4151e+02
1.9480e-01 5.3215e+02
1.9720e-01 5.2305e+02
1.9960e-01 5.1408e+02
2.0200e-01 5.0527e+02
2.0460e-01 4.9683e+02
2.0720e-01 4.8850e+02
2.0980e-01 4.8048e+02
2.1260e-01 4.7266e+02
2.1540e-01 4.6496e+02
2.1830e-01 4.5762e+02
2.2130e-01 4.5036e+02
2.2440e-01 4.4328e+02
2.2760e-01 4.3638e+02
2.3090e-01 4.2979e+02
2.3440e-01 4.2323e+02
2.3790e-01 4.1695e+02
2.4160e-01 4.1088e+02
2.4540e-01 4.0496e+02
2.4940e-01 3.9912e+02
2.5350e-01 3.9374e+02
2.5790e-01 3.8833e+02
2.6240e-01 3.8324e+02
2.6720e-01 3.7835e+02
2.7220e-01 3.7380e+02
2.7740e-01 3.6918e+02
2.8300e-01 3.6500e+02
2.8880e-01 3.6115e+02
2.9500e-01 3.5737e+02
3.0150e-01 3.5369e+02
3.0850e-01 3.5042e+02
3.1580e-01 3.4757e+02
3.2370e-01 3.4482e+02
3.3190e-01 3.4241e+02
3.4070e-01 3.4021e+02
3.5000e-01 3.3822e+02
3.5990e-01 3.3671e+02
3.7030e-01 3.3549e+02
3.8130e-01 3.3434e+02
3.9280e-01 3.3367e+02
4.0500e-01 3.3315e+02
4.1770e-01 3.3297e+02
4.3090e-01 3.3301e+02
4.4470e-01 3.3325e+02
4.5900e-01 3.3365e+02
4.7370e-01 3.3443e+02
4.8890e-01 3.3526e+02
5.0430e-01 3.3625e+02
5.2010e-01 3.3726e+02
5.3600e-01 3.3829e+02
5.5220e-01 3.3951e+02
5.6850e-01 3.4058e+02
5.8480e-01 3.4169e+02
6.0110e-01 3.4268e+02
6.1730e-01 3.4355e+02
6.3340e-01 3.4436e+02
6.4930e-01 3.4487e+02
6.6500e-01 3.4539e+02
6.8040e-01 3.4564e+02
6.9550e-01 3.4559e+02
7.1020e-01 3.4525e+02
7.2460e-01 3.4476e+02
7.3830e-01 3.4379e+02
7.5200e-01 3.4272e+02
7.6510e-01 3.4123e+02
7.7790e-01 3.3960e+02
7.9020e-01 3.3781e+02
8.0210e-01 3.3550e+02
8.1380e-01 3.3325e+02
8.2490e-01 3.3057e+02
8.3550e-01 3.2769e+02
8.4570e-01 3.2445e+02
8.5550e-01 3.2098e+02
8.6490e-01 3.1728e+02
8.7340e-01 3.1305e+02
8.8210e-01 3.0910e+02
8.9050e-01 3.0495e+02
8.9850e-01 3.0067e+02
9.0630e-01 2.9621e+02
9.1370e-01 2.9174e+02
9.2210e-01 2.9050e+02
9.2890e-01 2.8566e+02
9.3540e-01 2.8080e+02
9.4170e-01 2.7585e+02
9.4770e-01 2.7082e+02
9.5350e-01 2.6577e+02
9.5910e-01 2.6064e+02
9.6450e-01 2.5551e+02
9.6970e-01 2.5043e+02
9.7460e-01 2.4539e+02
9.7950e-01 2.4016e+02
9.8410e-01 2.3528e+02
9.8860e-01 2.3020e+02
9.9300e-01 2.2518e+02
9.9720e-01 2.2012e+02
1.0010e+00 2.1527e+02
1.0050e+00 2.1044e+02
1.0090e+00 2.0559e+02
1.0130e+00 2.0074e+02
1.0160e+00 1.9563e+02
1.0190e+00 1.9112e+02
1.0230e+00 1.8644e+02
1.0260e+00 1.8205e+02
1.0300e+00 1.7765e+02
1.0330e+00 1.7343e+02
1.0360e+00 1.6910e+02
1.0390e+00 1.6504e+02
1.0430e+00 1.6093e+02
1.0460e+00 1.5689e+02
1.0490e+00 1.5300e+02
1.0520e+00 1.4921e+02
1.0550e+00 1.4555e+02
1.0580e+00 1.4185e+02
1.0610e+00 1.3831e+02
1.0650e+00 1.3490e+02
1.0680e+00 1.3166e+02
1.0730e+00 1.2843e+02
1.0760e+00 1.2541e+02
1.0800e+00 1.2246e+02
1.0840e+00 1.1970e+02
1.0880e+00 1.1710e+02
1.0920e+00 1.1471e+02
1.0970e+00 1.1257e+02
1.1020e+00 1.1072e+02
1.1070e+00 1.0920e+02
1.1130e+00 1.0802e+02
1.1190e+00 1.0723e+02
1.1220e+00 1.0720e+02
1.1290e+00 1.0744e+02
1.1380e+00 1.0828e+02
1.1470e+00 1.0972e+02
1.1580e+00 1.1198e+02
1.1700e+00 1.1512e+02
1.1840e+00 1.1906e+02
1.2000e+00 1.2400e+02
1.2190e+00 1.3003e+02
1.2400e+00 1.3708e+02
1.2630e+00 1.4534e+02
1.2900e+00 1.5486e+02
1.3200e+00 1.6565e+02
1.3530e+00 1.7775e+02
1.3910e+00 1.9105e+02
1.4330e+00 2.0559e+02
1.4790e+00 2.2140e+02
1.5300e+00 2.3840e+02
1.5860e+00 2.5629e+02
1.6460e+00 2.7512e+02
1.7120e+00 2.9472e+02
1.7840e+00 3.1488e+02
1.8600e+00 3.3549e+02
1.9410e+00 3.5636e+02
2.0280e+00 3.7738e+02
2.1190e+00 3.9806e+02
2.2150e+00 4.1846e+02
2.3150e+00 4.3835e+02
2.4180e+00 4.5750e+02
2.5250e+00 4.7530e+02
2.6360e+00 4.9248e+02
2.7500e+00 5.0808e+02
2.8650e+00 5.2279e+02
2.9830e+00 5.3601e+02
3.1020e+00 5.4692e+02
3.2230e+00 5.5663e+02
3.3450e+00 5.6478e+02
3.4680e+00 5.7191e+02
3.5920e+00 5.7723e+02
3.7190e+00 5.8040e+02
3.8430e+00 5.8296e+02
3.9670e+00 5.8316e+02
4.0910e+00 5.8297e+02
4.2150e+00 5.8067e+02
4.3400e+00 5.7692e+02
4.4630e+00 5.7309e+02
4.5880e+00 5.6748e+02
4.7120e+00 5.6109e+02
4.8370e+00 5.5398e+02
4.9620e+00 5.4562e+02
5.0870e+00 5.3683e+02
5.2140e+00 5.2775e+02
5.3410e+00 5.1770e+02
5.4680e+00 5.0786e+02
5.5970e+00 4.9671e+02
5.7260e+00 4.8583e+02
5.8570e+00 4.7456e+02
5.9910e+00 4.6317e+02
6.1250e+00 4.5178e+02
6.2610e+00 4.3989e+02
6.4000e+00 4.2800e+02
6.5400e+00 4.1623e+02
6.6840e+00 4.0450e+02
6.8300e+00 3.9270e+02
6.9790e+00 3.8102e+02
7.1310e+00 3.6935e+02
7.2870e+00 3.5771e+02
7.4460e+00 3.4633e+02
7.6090e+00 3.3522e+02
7.7730e+00 3.2397e+02
7.9440e+00 3.1324e+02
8.1190e+00 3.0255e+02
8.3000e+00 2.9197e+02
8.4850e+00 2.8190e+02
8.6770e+00 2.7167e+02
8.8720e+00 2.6189e+02
9.0730e+00 2.5237e+02
9.2800e+00 2.4292e+02
9.4920e+00 2.3381e+02
9.7100e+00 2.2507e+02
9.9350e+00 2.1645e+02
1.0170e+01 2.0797e+02
1.0410e+01 1.9991e+02
1.0650e+01 1.9187e+02
1.0900e+01 1.8426e+02
1.1160e+01 1.7688e+02
1.1430e+01 1.6965e+02
1.1710e+01 1.6264e+02
1.2000e+01 1.5589e+02
1.2290e+01 1.4938e+02
1.2590e+01 1.4309e+02
1.2910e+01 1.3701e+02
1.3230e+01 1.3112e+02
1.3570e+01 1.2544e+02
1.3910e+01 1.1999e+02
1.4270e+01 1.1481e+02
1.4640e+01 1.0969e+02
1.5010e+01 1.0487e+02
1.5400e+01 1.0022e+02
1.5810e+01 9.5729e+01
1.6230e+01 9.1359e+01
1.6660e+01 8.7209e+01
1.7110e+01 8.3243e+01
1.7570e+01 7.9384e+01
1.8040e+01 7.5764e+01
1.8540e+01 7.2247e+01
1.9050e+01 6.8875e+01
1.9580e+01 6.5616e+01
2.0130e+01 6.2557e+01
2.0690e+01 5.9604e+01
2.1280e+01 5.6752e+01
2.1890e+01 5.4060e+01
2.2510e+01 5.1495e+01
2.3170e+01 4.9025e+01
2.3840e+01 4.6682e+01
2.4550e+01 4.4438e+01
2.5270e+01 4.2278e+01
2.6030e+01 4.0223e+01
2.6810e+01 3.8279e+01
2.7620e+01 3.6399e+01
2.8470e+01 3.4624e+01
2.9350e+01 3.2929e+01
3.0260e+01 3.1309e+01
3.1210e+01 2.9776e+01
3.2190e+01 2.8309e+01
3.3220e+01 2.6910e+01
3.4290e+01 2.5570e+01
3.5400e+01 2.4304e+01
3.6550e+01 2.3100e+01
3.7760e+01 2.1960e+01
3.9010e+01 2.0865e+01
4.0320e+01 1.9831e+01
4.1690e+01 1.8847e+01
4.3110e+01 1.7902e+01
4.4600e+01 1.7011e+01
4.6150e+01 1.6161e+01
4.7780e+01 1.5353e+01
4.9470e+01 1.4585e+01
5.1250e+01 1.3857e+01
5.3110e+01 1.3162e+01
5.5050e+01 1.2504e+01
5.7080e+01 1.1875e+01
5.9220e+01 1.1284e+01
6.1450e+01 1.0717e+01
6.3800e+01 1.0174e+01
6.6260e+01 9.6656e+00
6.8850e+01 9.1766e+00
7.1560e+01 8.7182e+00
7.4430e+01 8.2760e+00
7.7430e+01 7.8596e+00
8.0610e+01 7.4619e+00
