4.9720e-02 2.3741e+06
5.0090e-02 2.3334e+06
5.0460e-02 2.2916e+06
5.0850e-02 2.2523e+06
5.1240e-02 2.2125e+06
5.1640e-02 2.1741e+06
5.2060e-02 2.1380e+06
5.2480e-02 2.1022e+06
5.2920e-02 2.0672e+06
5.3360e-02 2.0336e+06
5.3820e-02 1.9992e+06
5.4300e-02 1.9656e+06
5.4780e-02 1.9329e+06
5.5280e-02 1.9031e+06
5.5800e-02 1.8709e+06
5.6330e-02 1.8417e+06
5.6870e-02 1.8130e+06
5.7440e-02 1.7858e+06
5.8010e-02 1.7573e+06
5.8610e-02 1.7312e+06
5.9220e-02 1.7062e+06
5.9850e-02 1.6797e+06
6.0500e-02 1.6553e+06
6.1170e-02 1.6315e+06
6.1860e-02 1.6079e+06
6.2560e-02 1.5850e+06
6.3290e-02 1.5634e+06
6.4040e-02 1.5423e+06
6.4800e-02 1.5217e+06
6.5590e-02 1.5015e+06
6.6400e-02 1.4810e+06
6.7230e-02 1.4626e+06
6.8080e-02 1.4429e+06
6.8950e-02 1.4259e+06
6.9850e-02 1.4066e+06
7.0760e-02 1.3890e+06
7.1700e-02 1.3725e+06
7.2660e-02 1.3560e+06
7.3640e-02 1.3397e+06
7.4640e-02 1.3241e+06
7.5670e-02 1.3074e+06
7.6720e-02 1.2922e+06
7.7780e-02 1.2771e+06
7.8880e-02 1.2625e+06
7.9990e-02 1.2482e+06
8.1130e-02 1.2336e+06
8.2290e-02 1.2207e+06
8.3470e-02 1.2063e+06
8.4670e-02 1.1934e+06
8.5900e-02 1.1795e+06
8.7140e-02 1.1666e+06
8.8410e-02 1.1540e+06
8.9690e-02 1.1410e+06
9.0990e-02 1.1284e+06
9.2320e-02 1.1160e+06
9.3660e-02 1.1033e+06
9.5020e-02 1.0916e+06
9.6390e-02 1.0793e+06
9.7780e-02 1.0681e+06
9.9180e-02 1.0557e+06
1.0060e-01 1.0444e+06
1.0200e-01 1.0326e+06
1.0350e-01 1.0212e+06
1.0490e-01 1.0092e+06
1.0630e-01 9.9822e+05
1.0780e-01 9.8688e+05
1.0920e-01 9.7497e+05
1.1070e-01 9.6341e+05
1.1210e-01 9.5159e+05
1.1360e-01 9.3992e+05
1.1500e-01 9.2876e+05
1.1650e-01 9.1670e+05
1.1790e-01 9.0538e+05
1.1930e-01 8.9407e+05
1.2070e-01 8.8162e+05
1.2210e-01 8.7038e+05
1.2350e-01 8.5740e+05
1.2490e-01 8.4637e+05
1.2630e-01 8.3440e+05
1.2760e-01 8.2193e+05
1.2900e-01 8.0929e+05
1.3030e-01 7.9761e+05
1.3160e-01 7.8517e+05
1.3290e-01 7.7245e+05
1.3420e-01 7.6035e+05
1.3550e-01 7.4729e+05
1.3670e-01 7.3550e+05
1.3800e-01 7.2290e+05
1.3920e-01 7.1019e+05
1.4050e-01 6.9793e+05
1.4180e-01 6.8544e+05
1.4300e-01 6.7334e+05
1.4420e-01 6.6107e+05
1.4550e-01 6.4896e+05
1.4680e-01 6.3706e+05
1.4800e-01 6.2483e+05
1.4930e-01 6.1315e+05
1.5060e-01 6.0174e+05
1.5190e-01 5.9034e+05
1.5320e-01 5.7881e+05
1.5450e-01 5.6762e+05
1.5590e-01 5.5660e+05
1.5730e-01 5.4590e+05
1.5870e-01 5.3550e+05
1.6010e-01 5.2501e+05
1.6160e-01 5.1481e+05
1.6310e-01 5.0484e+05
1.6460e-01 4.9523e+05
1.6610e-01 4.8566e+05
1.6770e-01 4.7627e+05
1.6940e-01 4.6721e+05
1.7100e-01 4.5836e+05
1.7280e-01 4.4959e+05
1.7450e-01 4.4117e+05
1.7630e-01 4.3283e+05
1.7820e-01 4.2490e+05
1.8010e-01 4.1694e+05
1.8200e-01 4.0932e+05
1.8410e-01 4.0222e+05
1.8610e-01 3.9494e+05
1.8820e-01 3.8787e+05
1.9040e-01 3.8099e+05
1.9260e-01 3.7424e+05
1.9480e-01 3.6784e+05
1.9720e-01 3.6138e+05
1.9960e-01 3.5529e+05
2.0200e-01 3.4918e+05
2.0460e-01 3.4336e+05
2.0720e-01 3.3762e+05
2.0980e-01 3.3200e+05
2.1260e-01 3.2665e+05
2.1540e-01 3.2129e+05
2.1830e-01 3.1619e+05
2.2130e-01 3.1118e+05
2.2440e-01 3.0628e+05
2.2760e-01 3.0156e+05
2.3090e-01 2.9696e+05
2.3440e-01 2.9250e+05
2.3790e-01 2.8816e+05
2.4160e-01 2.8399e+05
2.4540e-01 2.7986e+05
2.4940e-01 2.7581e+05
2.5350e-01 2.7217e+05
2.5790e-01 2.6839e+05
2.6240e-01 2.6486e+05
2.6720e-01 2.6149e+05
2.7220e-01 2.5832e+05
2.7740e-01 2.5519e+05
2.8300e-01 2.5227e+05
2.8880e-01 2.4961e+05
2.9500e-01 2.4696e+05
3.0150e-01 2.4443e+05
3.0850e-01 2.4216e+05
3.1580e-01 2.4022e+05
3.2370e-01 2.3833e+05
3.3190e-01 2.3666e+05
3.4070e-01 2.3506e+05
3.5000e-01 2.3373e+05
3.5990e-01 2.3270e+05
3.7030e-01 2.3188e+05
3.8130e-01 2.3108e+05
3.9280e-01 2.3061e+05
4.0500e-01 2.3025e+05
4.1770e-01 2.3011e+05
4.3090e-01 2.3015e+05
4.4470e-01 2.3026e+05
4.5900e-01 2.3058e+05
4.7370e-01 2.3109e+05
4.8890e-01 2.3166e+05
5.0430e-01 2.3236e+05
5.2010e-01 2.3308e+05
5.3600e-01 2.3378e+05
5.5220e-01 2.3462e+05
5.6850e-01 2.3536e+05
5.8480e-01 2.3612e+05
6.0110e-01 2.3683e+05
6.1730e-01 2.3744e+05
6.3340e-01 2.3796e+05
6.4930e-01 2.3832e+05
6.6500e-01 2.3868e+05
6.8040e-01 2.3883e+05
6.9550e-01 2.3884e+05
7.1020e-01 2.3860e+05
7.2460e-01 2.3828e+05
7.3830e-01 2.3757e+05
7.5200e-01 2.3683e+05
7.6510e-01 2.3584e+05
7.7790e-01 2.3469e+05
7.9020e-01 2.3344e+05
8.0210e-01 2.3187e+05
8.1380e-01 2.3029e+05
8.2490e-01 2.2845e+05
8.3550e-01 2.2645e+05
8.4570e-01 2.2425e+05
8.5550e-01 2.2185e+05
8.6490e-01 2.1927e+05
8.7340e-01 2.1635e+05
8.8210e-01 2.1363e+05
8.9050e-01 2.1072e+05
8.9850e-01 2.0781e+05
9.0630e-01 2.0472e+05
9.1370e-01 2.0163e+05
9.2210e-01 1.9891e+05
9.2890e-01 1.9560e+05
9.3540e-01 1.9230e+05
9.4170e-01 1.8891e+05
9.4770e-01 1.8552e+05
9.5350e-01 1.8208e+05
9.5910e-01 1.7859e+05
9.6450e-01 1.7512e+05
9.6970e-01 1.7168e+05
9.7460e-01 1.6825e+05
9.7950e-01 1.6468e+05
9.8410e-01 1.6137e+05
9.8860e-01 1.5792e+05
9.9300e-01 1.5450e+05
9.9720e-01 1.5104e+05
1.0010e+00 1.4773e+05
1.0050e+00 1.4445e+05
1.0090e+00 1.4116e+05
1.0130e+00 1.3782e+05
1.0160e+00 1.3435e+05
1.0190e+00 1.3127e+05
1.0230e+00 1.2807e+05
1.0260e+00 1.2507e+05
1.0300e+00 1.2206e+05
1.0330e+00 1.1918e+05
1.0360e+00 1.1623e+05
1.0390e+00 1.1345e+05
1.0430e+00 1.1062e+05
1.0460e+00 1.0786e+05
1.0490e+00 1.0519e+05
1.0520e+00 1.0258e+05
1.0550e+00 1.0007e+05
1.0580e+00 9.7513e+04
1.0610e+00 9.5058e+04
1.0650e+00 9.2671e+04
1.0680e+00 9.0383e+04
1.0730e+00 8.8100e+04
1.0760e+00 8.5907e+04
1.0800e+00 8.3713e+04
1.0840e+00 8.1605e+04
1.0880e+00 7.9536e+04
1.0920e+00 7.7539e+04
1.0970e+00 7.5586e+04
1.1020e+00 7.3717e+04
1.1070e+00 7.1905e+04
1.1130e+00 7.0141e+04
1.1190e+00 6.8427e+04
1.1220e+00 6.6929e+04
1.1290e+00 6.5343e+04
1.1380e+00 6.3801e+04
1.1470e+00 6.2325e+04
1.1580e+00 6.0904e+04
1.1700e+00 5.9593e+04
1.1840e+00 5.8295e+04
1.2000e+00 5.7050e+04
1.2190e+00 5.5915e+04
1.2400e+00 5.4735e+04
1.2630e+00 5.3689e+04
1.2900e+00 5.2744e+04
1.3200e+00 5.1860e+04
1.3530e+00 5.1035e+04
1.3910e+00 5.0274e+04
1.4330e+00 4.9575e+04
1.4790e+00 4.8943e+04
1.5300e+00 4.8432e+04
1.5860e+00 4.7911e+04
1.6460e+00 4.7443e+04
1.7120e+00 4.7024e+04
1.7840e+00 4.6661e+04
1.8600e+00 4.6326e+04
1.9410e+00 4.6036e+04
2.0280e+00 4.5754e+04
2.1190e+00 4.5521e+04
2.2150e+00 4.5313e+04
2.3150e+00 4.5124e+04
2.4180e+00 4.4950e+04
2.5250e+00 4.4743e+04
2.6360e+00 4.4583e+04
2.7500e+00 4.4388e+04
2.8650e+00 4.4204e+04
2.9830e+00 4.4013e+04
3.1020e+00 4.3782e+04
3.2230e+00 4.3544e+04
3.3450e+00 4.3303e+04
3.4680e+00 4.3054e+04
3.5920e+00 4.2770e+04
3.7190e+00 4.2451e+04
3.8430e+00 4.2173e+04
3.9670e+00 4.1792e+04
4.0910e+00 4.1495e+04
4.2150e+00 4.1103e+04
4.3400e+00 4.0660e+04
4.4630e+00 4.0305e+04
4.5880e+00 3.9867e+04
4.7120e+00 3.9456e+04
4.8370e+00 3.9028e+04
4.9620e+00 3.8576e+04
5.0870e+00 3.8076e+04
5.2140e+00 3.7645e+04
5.3410e+00 3.7167e+04
5.4680e+00 3.6741e+04
5.5970e+00 3.6238e+04
5.7260e+00 3.5780e+04
5.8570e+00 3.5314e+04
5.9910e+00 3.4841e+04
6.1250e+00 3.4387e+04
6.2610e+00 3.3930e+04
6.4000e+00 3.3469e+04
6.5400e+00 3.3014e+04
6.6840e+00 3.2574e+04
6.8300e+00 3.2122e+04
6.9790e+00 3.1691e+04
7.1310e+00 3.1272e+04
7.2870e+00 3.0843e+04
7.4460e+00 3.0430e+04
7.6090e+00 3.0009e+04
7.7730e+00 2.9619e+04
7.9440e+00 2.9229e+04
8.1190e+00 2.8850e+04
8.3000e+00 2.8466e+04
8.4850e+00 2.8103e+04
8.6770e+00 2.7727e+04
8.8720e+00 2.7382e+04
9.0730e+00 2.7033e+04
9.2800e+00 2.6692e+04
9.4920e+00 2.6358e+04
9.7100e+00 2.6047e+04
9.9350e+00 2.5735e+04
1.0170e+01 2.5425e+04
1.0410e+01 2.5115e+04
1.0650e+01 2.4824e+04
1.0900e+01 2.4536e+04
1.1160e+01 2.4261e+04
1.1430e+01 2.3989e+04
1.1710e+01 2.3714e+04
1.2000e+01 2.3457e+04
1.2290e+01 2.3202e+04
1.2590e+01 2.2957e+04
1.2910e+01 2.2713e+04
1.3230e+01 2.2467e+04
1.3570e+01 2.2233e+04
1.3910e+01 2.2016e+04
1.4270e+01 2.1784e+04
1.4640e+01 2.1572e+04
1.5010e+01 2.1363e+04
1.5400e+01 2.1155e+04
1.5810e+01 2.0956e+04
1.6230e+01 2.0751e+04
1.6660e+01 2.0559e+04
1.7110e+01 2.0379e+04
1.7570e+01 2.0184e+04
1.8040e+01 2.0011e+04
1.8540e+01 1.9829e+04
1.9050e+01 1.9658e+04
1.9580e+01 1.9482e+04
2.0130e+01 1.9325e+04
2.0690e+01 1.9158e+04
2.1280e+01 1.8987e+04
2.1890e+01 1.8831e+04
2.2510e+01 1.8685e+04
2.3170e+01 1.8530e+04
2.3840e+01 1.8390e+04
2.4550e+01 1.8241e+04
2.5270e+01 1.8093e+04
2.6030e+01 1.7949e+04
2.6810e+01 1.7810e+04
2.7620e+01 1.7666e+04
2.8470e+01 1.7531e+04
2.9350e+01 1.7395e+04
3.0260e+01 1.7257e+04
3.1210e+01 1.7126e+04
3.2190e+01 1.6990e+04
3.3220e+01 1.6853e+04
3.4290e+01 1.6713e+04
3.5400e+01 1.6577e+04
3.6550e+01 1.6446e+04
3.7760e+01 1.6308e+04
3.9010e+01 1.6166e+04
4.0320e+01 1.6031e+04
4.1690e+01 1.5890e+04
4.3110e+01 1.5746e+04
4.4600e+01 1.5599e+04
4.6150e+01 1.5454e+04
4.7780e+01 1.5303e+04
4.9470e+01 1.5150e+04
5.1250e+01 1.4994e+04
5.3110e+01 1.4838e+04
5.5050e+01 1.4674e+04
5.7080e+01 1.4508e+04
5.9220e+01 1.4341e+04
6.1450e+01 1.4164e+04
6.3800e+01 1.3984e+04
6.6260e+01 1.3805e+04
6.8850e+01 1.3619e+04
7.1560e+01 1.3431e+04
7.4430e+01 1.3233e+04
7.7430e+01 1.3038e+04
8.0610e+01 1.2834e+04
