4.9720e-02 3.2856e+06
5.0090e-02 3.2313e+06
5.0460e-02 3.1754e+06
5.0850e-02 3.1222e+06
5.1240e-02 3.0689e+06
5.1640e-02 3.0192e+06
5.2060e-02 2.9703e+06
5.2480e-02 2.9217e+06
5.2920e-02 2.8758e+06
5.3360e-02 2.8317e+06
5.3820e-02 2.7863e+06
5.4300e-02 2.7420e+06
5.4780e-02 2.7003e+06
5.5280e-02 2.6605e+06
5.5800e-02 2.6193e+06
5.6330e-02 2.5815e+06
5.6870e-02 2.5443e+06
5.7440e-02 2.5090e+06
5.8010e-02 2.4733e+06
5.8610e-02 2.4405e+06
5.9220e-02 2.4075e+06
5.9850e-02 2.3753e+06
6.0500e-02 2.3451e+06
6.1170e-02 2.3147e+06
6.1860e-02 2.2866e+06
6.2560e-02 2.2582e+06
6.3290e-02 2.2322e+06
6.4040e-02 2.2070e+06
6.4800e-02 2.1832e+06
6.5590e-02 2.1585e+06
6.6400e-02 2.1342e+06
6.7230e-02 2.1123e+06
6.8080e-02 2.0899e+06
6.8950e-02 2.0707e+06
6.9850e-02 2.0493e+06
7.0760e-02 2.0298e+06
7.1700e-02 2.0125e+06
7.2660e-02 1.9937e+06
7.3640e-02 1.9761e+06
7.4640e-02 1.9591e+06
7.5670e-02 1.9422e+06
7.6720e-02 1.9261e+06
7.7780e-02 1.9107e+06
7.8880e-02 1.8958e+06
7.9990e-02 1.8806e+06
8.1130e-02 1.8667e+06
8.2290e-02 1.8541e+06
8.3470e-02 1.8399e+06
8.4670e-02 1.8282e+06
8.5900e-02 1.8139e+06
8.7140e-02 1.8021e+06
8.8410e-02 1.7889e+06
8.9690e-02 1.7773e+06
9.0990e-02 1.7658e+06
9.2320e-02 1.7535e+06
9.3660e-02 1.7422e+06
9.5020e-02 1.7309e+06
9.6390e-02 1.7186e+06
9.7780e-02 1.7083e+06
9.9180e-02 1.6963e+06
1.0060e-01 1.6854e+06
1.0200e-01 1.6738e+06
1.0350e-01 1.6632e+06
1.0490e-01 1.6509e+06
1.0630e-01 1.6405e+06
1.0780e-01 1.6286e+06
1.0920e-01 1.6162e+06
1.1070e-01 1.6039e+06
1.1210e-01 1.5914e+06
1.1360e-01 1.5785e+06
1.1500e-01 1.5662e+06
1.1650e-01 1.5525e+06
1.1790e-01 1.5389e+06
1.1930e-01 1.5260e+06
1.2070e-01 1.5109e+06
1.2210e-01 1.4976e+06
1.2350e-01 1.4806e+06
1.2490e-01 1.4668e+06
1.2630e-01 1.4512e+06
1.2760e-01 1.4348e+06
1.2900e-01 1.4179e+06
1.3030e-01 1.4017e+06
1.3160e-01 1.3850e+06
1.3290e-01 1.3670e+06
1.3420e-01 1.3498e+06
1.3550e-01 1.3310e+06
1.3670e-01 1.3141e+06
1.3800e-01 1.2958e+06
1.3920e-01 1.2767e+06
1.4050e-01 1.2587e+06
1.4180e-01 1.2400e+06
1.4300e-01 1.2215e+06
1.4420e-01 1.2030e+06
1.4550e-01 1.1845e+06
1.4680e-01 1.1659e+06
1.4800e-01 1.1474e+06
1.4930e-01 1.1293e+06
1.5060e-01 1.1117e+06
1.5190e-01 1.0937e+06
1.5320e-01 1.0761e+06
1.5450e-01 1.0585e+06
1.5590e-01 1.0413e+06
1.5730e-01 1.0245e+06
1.5870e-01 1.0079e+06
1.6010e-01 9.9148e+05
1.6160e-01 9.7564e+05
1.6310e-01 9.5988e+05
1.6460e-01 9.4465e+05
1.6610e-01 9.2957e+05
1.6770e-01 9.1488e+05
1.6940e-01 9.0086e+05
1.7100e-01 8.8691e+05
1.7280e-01 8.7333e+05
1.7450e-01 8.6029e+05
1.7630e-01 8.4723e+05
1.7820e-01 8.3466e+05
1.8010e-01 8.2258e+05
1.8200e-01 8.1066e+05
1.8410e-01 7.9980e+05
1.8610e-01 7.8874e+05
1.8820e-01 7.7779e+05
1.9040e-01 7.6724e+05
1.9260e-01 7.5694e+05
1.9480e-01 7.4705e+05
1.9720e-01 7.3745e+05
1.9960e-01 7.2804e+05
2.0200e-01 7.1898e+05
2.0460e-01 7.1024e+05
2.0720e-01 7.0163e+05
2.0980e-01 6.9339e+05
2.1260e-01 6.8553e+05
2.1540e-01 6.7764e+05
2.1830e-01 6.7037e+05
2.2130e-01 6.6312e+05
2.2440e-01 6.5621e+05
2.2760e-01 6.4948e+05
2.3090e-01 6.4310e+05
2.3440e-01 6.3693e+05
2.3790e-01 6.3109e+05
2.4160e-01 6.2554e+05
2.4540e-01 6.2021e+05
2.4940e-01 6.1499e+05
2.5350e-01 6.1069e+05
2.5790e-01 6.0617e+05
2.6240e-01 6.0231e+05
2.6720e-01 5.9879e+05
2.7220e-01 5.9579e+05
2.7740e-01 5.9303e+05
2.8300e-01 5.9080e+05
2.8880e-01 5.8936e+05
2.9500e-01 5.8806e+05
3.0150e-01 5.8710e+05
3.0850e-01 5.8699e+05
3.1580e-01 5.8779e+05
3.2370e-01 5.8891e+05
3.3190e-01 5.9081e+05
3.4070e-01 5.9313e+05
3.5000e-01 5.9619e+05
3.5990e-01 6.0032e+05
3.7030e-01 6.0508e+05
3.8130e-01 6.1020e+05
3.9280e-01 6.1640e+05
4.0500e-01 6.2301e+05
4.1770e-01 6.3042e+05
4.3090e-01 6.3828e+05
4.4470e-01 6.4698e+05
4.5900e-01 6.5626e+05
4.7370e-01 6.6571e+05
4.8890e-01 6.7613e+05
5.0430e-01 6.8653e+05
5.2010e-01 6.9663e+05
5.3600e-01 7.0704e+05
5.5220e-01 7.1823e+05
5.6850e-01 7.2821e+05
5.8480e-01 7.3878e+05
6.0110e-01 7.4847e+05
6.1730e-01 7.5784e+05
6.3340e-01 7.6692e+05
6.4930e-01 7.7550e+05
6.6500e-01 7.8354e+05
6.8040e-01 7.9093e+05
6.9550e-01 7.9733e+05
7.1020e-01 8.0259e+05
7.2460e-01 8.0724e+05
7.3830e-01 8.1046e+05
7.5200e-01 8.1342e+05
7.6510e-01 8.1507e+05
7.7790e-01 8.1603e+05
7.9020e-01 8.1621e+05
8.0210e-01 8.1498e+05
8.1380e-01 8.1378e+05
8.2490e-01 8.1095e+05
8.3550e-01 8.0771e+05
8.4570e-01 8.0337e+05
8.5550e-01 7.9810e+05
8.6490e-01 7.9194e+05
8.7340e-01 7.8406e+05
8.8210e-01 7.7666e+05
8.9050e-01 7.6877e+05
8.9850e-01 7.6074e+05
9.0630e-01 7.5151e+05
9.1370e-01 7.4235e+05
9.2210e-01 7.3489e+05
9.2890e-01 7.2441e+05
9.3540e-01 7.1387e+05
9.4170e-01 7.0321e+05
9.4770e-01 6.9211e+05
9.5350e-01 6.8087e+05
9.5910e-01 6.6920e+05
9.6450e-01 6.5753e+05
9.6970e-01 6.4571e+05
9.7460e-01 6.3400e+05
9.7950e-01 6.2182e+05
9.8410e-01 6.1028e+05
9.8860e-01 5.9824e+05
9.9300e-01 5.8628e+05
9.9720e-01 5.7398e+05
1.0010e+00 5.6228e+05
1.0050e+00 5.5056e+05
1.0090e+00 5.3887e+05
1.0130e+00 5.2681e+05
1.0160e+00 5.1415e+05
1.0190e+00 5.0298e+05
1.0230e+00 4.9141e+05
1.0260e+00 4.8038e+05
1.0300e+00 4.6948e+05
1.0330e+00 4.5905e+05
1.0360e+00 4.4810e+05
1.0390e+00 4.3790e+05
1.0430e+00 4.2765e+05
1.0460e+00 4.1744e+05
1.0490e+00 4.0754e+05
1.0520e+00 3.9789e+05
1.0550e+00 3.8856e+05
1.0580e+00 3.7905e+05
1.0610e+00 3.6991e+05
1.0650e+00 3.6108e+05
1.0680e+00 3.5254e+05
1.0730e+00 3.4410e+05
1.0760e+00 3.3589e+05
1.0800e+00 3.2781e+05
1.0840e+00 3.2003e+05
1.0880e+00 3.1233e+05
1.0920e+00 3.0483e+05
1.0970e+00 2.9767e+05
1.1020e+00 2.9083e+05
1.1070e+00 2.8420e+05
1.1130e+00 2.7767e+05
1.1190e+00 2.7151e+05
1.1220e+00 2.6617e+05
1.1290e+00 2.6053e+05
1.1380e+00 2.5516e+05
1.1470e+00 2.4997e+05
1.1580e+00 2.4515e+05
1.1700e+00 2.4080e+05
1.1840e+00 2.3661e+05
1.2000e+00 2.3266e+05
1.2190e+00 2.2928e+05
1.2400e+00 2.2585e+05
1.2630e+00 2.2297e+05
1.2900e+00 2.2069e+05
1.3200e+00 2.1869e+05
1.3530e+00 2.1713e+05
1.3910e+00 2.1589e+05
1.4330e+00 2.1505e+05
1.4790e+00 2.1457e+05
1.5300e+00 2.1472e+05
1.5860e+00 2.1494e+05
1.6460e+00 2.1548e+05
1.7120e+00 2.1626e+05
1.7840e+00 2.1735e+05
1.8600e+00 2.1866e+05
1.9410e+00 2.2019e+05
2.0280e+00 2.2176e+05
2.1190e+00 2.2355e+05
2.2150e+00 2.2544e+05
2.3150e+00 2.2733e+05
2.4180e+00 2.2929e+05
2.5250e+00 2.3097e+05
2.6360e+00 2.3285e+05
2.7500e+00 2.3442e+05
2.8650e+00 2.3599e+05
2.9830e+00 2.3739e+05
3.1020e+00 2.3840e+05
3.2230e+00 2.3932e+05
3.3450e+00 2.4010e+05
3.4680e+00 2.4072e+05
3.5920e+00 2.4100e+05
3.7190e+00 2.4095e+05
3.8430e+00 2.4097e+05
3.9670e+00 2.4046e+05
4.0910e+00 2.4006e+05
4.2150e+00 2.3919e+05
4.3400e+00 2.3808e+05
4.4630e+00 2.3707e+05
4.5880e+00 2.3569e+05
4.7120e+00 2.3414e+05
4.8370e+00 2.3258e+05
4.9620e+00 2.3073e+05
5.0870e+00 2.2870e+05
5.2140e+00 2.2680e+05
5.3410e+00 2.2470e+05
5.4680e+00 2.2262e+05
5.5970e+00 2.2018e+05
5.7260e+00 2.1793e+05
5.8570e+00 2.1559e+05
5.9910e+00 2.1315e+05
6.1250e+00 2.1075e+05
6.2610e+00 2.0829e+05
6.4000e+00 2.0577e+05
6.5400e+00 2.0324e+05
6.6840e+00 2.0075e+05
6.8300e+00 1.9819e+05
6.9790e+00 1.9571e+05
7.1310e+00 1.9317e+05
7.2870e+00 1.9067e+05
7.4460e+00 1.8811e+05
7.6090e+00 1.8563e+05
7.7730e+00 1.8315e+05
7.9440e+00 1.8072e+05
8.1190e+00 1.7824e+05
8.3000e+00 1.7584e+05
8.4850e+00 1.7345e+05
8.6770e+00 1.7105e+05
8.8720e+00 1.6863e+05
9.0730e+00 1.6631e+05
9.2800e+00 1.6394e+05
9.4920e+00 1.6163e+05
9.7100e+00 1.5939e+05
9.9350e+00 1.5715e+05
1.0170e+01 1.5493e+05
1.0410e+01 1.5274e+05
1.0650e+01 1.5045e+05
1.0900e+01 1.4834e+05
1.1160e+01 1.4612e+05
1.1430e+01 1.4406e+05
1.1710e+01 1.4189e+05
1.2000e+01 1.3976e+05
1.2290e+01 1.3768e+05
1.2590e+01 1.3562e+05
1.2910e+01 1.3359e+05
1.3230e+01 1.3146e+05
1.3570e+01 1.2948e+05
1.3910e+01 1.2745e+05
1.4270e+01 1.2543e+05
1.4640e+01 1.2344e+05
1.5010e+01 1.2151e+05
1.5400e+01 1.1951e+05
1.5810e+01 1.1764e+05
1.6230e+01 1.1568e+05
1.6660e+01 1.1377e+05
1.7110e+01 1.1192e+05
1.7570e+01 1.0993e+05
1.8040e+01 1.0811e+05
1.8540e+01 1.0624e+05
1.9050e+01 1.0441e+05
1.9580e+01 1.0255e+05
2.0130e+01 1.0076e+05
2.0690e+01 9.8959e+04
2.1280e+01 9.7138e+04
2.1890e+01 9.5323e+04
2.2510e+01 9.3569e+04
2.3170e+01 9.1812e+04
2.3840e+01 9.0135e+04
2.4550e+01 8.8394e+04
2.5270e+01 8.6666e+04
2.6030e+01 8.4970e+04
2.6810e+01 8.3281e+04
2.7620e+01 8.1583e+04
2.8470e+01 7.9942e+04
2.9350e+01 7.8285e+04
3.0260e+01 7.6692e+04
3.1210e+01 7.5059e+04
3.2190e+01 7.3481e+04
3.3220e+01 7.1888e+04
3.4290e+01 7.0305e+04
3.5400e+01 6.8779e+04
3.6550e+01 6.7246e+04
3.7760e+01 6.5743e+04
3.9010e+01 6.4249e+04
4.0320e+01 6.2757e+04
4.1690e+01 6.1302e+04
4.3110e+01 5.9852e+04
4.4600e+01 5.8409e+04
4.6150e+01 5.7035e+04
4.7780e+01 5.5608e+04
4.9470e+01 5.4241e+04
5.1250e+01 5.2870e+04
5.3110e+01 5.1537e+04
5.5050e+01 5.0224e+04
5.7080e+01 4.8902e+04
5.9220e+01 4.7618e+04
6.1450e+01 4.6351e+04
6.3800e+01 4.5103e+04
6.6260e+01 4.3863e+04
6.8850e+01 4.2645e+04
7.1560e+01 4.1428e+04
7.4430e+01 4.0260e+04
7.7430e+01 3.9095e+04
8.0610e+01 3.7950e+04
