4.9720e-02 3.0714e+06
5.0090e-02 3.0197e+06
5.0460e-02 2.9685e+06
5.0850e-02 2.9179e+06
5.1240e-02 2.8691e+06
5.1640e-02 2.8237e+06
5.2060e-02 2.7771e+06
5.2480e-02 2.7328e+06
5.2920e-02 2.6892e+06
5.3360e-02 2.6490e+06
5.3820e-02 2.6060e+06
5.4300e-02 2.5656e+06
5.4780e-02 2.5261e+06
5.5280e-02 2.4899e+06
5.5800e-02 2.4509e+06
5.6330e-02 2.4167e+06
5.6870e-02 2.3815e+06
5.7440e-02 2.3495e+06
5.8010e-02 2.3158e+06
5.8610e-02 2.2862e+06
5.9220e-02 2.2563e+06
5.9850e-02 2.2260e+06
6.0500e-02 2.1977e+06
6.1170e-02 2.1702e+06
6.1860e-02 2.1438e+06
6.2560e-02 2.1183e+06
6.3290e-02 2.0939e+06
6.4040e-02 2.0714e+06
6.4800e-02 2.0492e+06
6.5590e-02 2.0271e+06
6.6400e-02 2.0054e+06
6.7230e-02 1.9850e+06
6.8080e-02 1.9641e+06
6.8950e-02 1.9472e+06
6.9850e-02 1.9283e+06
7.0760e-02 1.9101e+06
7.1700e-02 1.8941e+06
7.2660e-02 1.8767e+06
7.3640e-02 1.8613e+06
7.4640e-02 1.8464e+06
7.5670e-02 1.8308e+06
7.6720e-02 1.8168e+06
7.7780e-02 1.8026e+06
7.8880e-02 1.7897e+06
7.9990e-02 1.7765e+06
8.1130e-02 1.7638e+06
8.2290e-02 1.7530e+06
8.3470e-02 1.7407e+06
8.4670e-02 1.7300e+06
8.5900e-02 1.7183e+06
8.7140e-02 1.7075e+06
8.8410e-02 1.6961e+06
8.9690e-02 1.6855e+06
9.0990e-02 1.6757e+06
9.2320e-02 1.6651e+06
9.3660e-02 1.6553e+06
9.5020e-02 1.6456e+06
9.6390e-02 1.6356e+06
9.7780e-02 1.6267e+06
9.9180e-02 1.6157e+06
1.0060e-01 1.6068e+06
1.0200e-01 1.5967e+06
1.0350e-01 1.5870e+06
1.0490e-01 1.5766e+06
1.0630e-01 1.5670e+06
1.0780e-01 1.5570e+06
1.0920e-01 1.5459e+06
1.1070e-01 1.5350e+06
1.1210e-01 1.5243e+06
1.1360e-01 1.5127e+06
1.1500e-01 1.5016e+06
1.1650e-01 1.4896e+06
1.1790e-01 1.4777e+06
1.1930e-01 1.4659e+06
1.2070e-01 1.4520e+06
1.2210e-01 1.4398e+06
1.2350e-01 1.4245e+06
1.2490e-01 1.4122e+06
1.2630e-01 1.3976e+06
1.2760e-01 1.3827e+06
1.2900e-01 1.3673e+06
1.3030e-01 1.3522e+06
1.3160e-01 1.3369e+06
1.3290e-01 1.3202e+06
1.3420e-01 1.3040e+06
1.3550e-01 1.2870e+06
1.3670e-01 1.2710e+06
1.3800e-01 1.2539e+06
1.3920e-01 1.2365e+06
1.4050e-01 1.2196e+06
1.4180e-01 1.2019e+06
1.4300e-01 1.1849e+06
1.4420e-01 1.1675e+06
1.4550e-01 1.1501e+06
1.4680e-01 1.1329e+06
1.4800e-01 1.1155e+06
1.4930e-01 1.0986e+06
1.5060e-01 1.0820e+06
1.5190e-01 1.0653e+06
1.5320e-01 1.0489e+06
1.5450e-01 1.0324e+06
1.5590e-01 1.0163e+06
1.5730e-01 1.0006e+06
1.5870e-01 9.8509e+05
1.6010e-01 9.6988e+05
1.6160e-01 9.5523e+05
1.6310e-01 9.4040e+05
1.6460e-01 9.2629e+05
1.6610e-01 9.1228e+05
1.6770e-01 8.9862e+05
1.6940e-01 8.8559e+05
1.7100e-01 8.7259e+05
1.7280e-01 8.6012e+05
1.7450e-01 8.4814e+05
1.7630e-01 8.3610e+05
1.7820e-01 8.2450e+05
1.8010e-01 8.1336e+05
1.8200e-01 8.0251e+05
1.8410e-01 7.9266e+05
1.8610e-01 7.8258e+05
1.8820e-01 7.7257e+05
1.9040e-01 7.6291e+05
1.9260e-01 7.5362e+05
1.9480e-01 7.4483e+05
1.9720e-01 7.3616e+05
1.9960e-01 7.2776e+05
2.0200e-01 7.1953e+05
2.0460e-01 7.1172e+05
2.0720e-01 7.0425e+05
2.0980e-01 6.9698e+05
2.1260e-01 6.9004e+05
2.1540e-01 6.8316e+05
2.1830e-01 6.7684e+05
2.2130e-01 6.7050e+05
2.2440e-01 6.6468e+05
2.2760e-01 6.5899e+05
2.3090e-01 6.5361e+05
2.3440e-01 6.4849e+05
2.3790e-01 6.4376e+05
2.4160e-01 6.3937e+05
2.4540e-01 6.3514e+05
2.4940e-01 6.3105e+05
2.5350e-01 6.2795e+05
2.5790e-01 6.2474e+05
2.6240e-01 6.2213e+05
2.6720e-01 6.1999e+05
2.7220e-01 6.1840e+05
2.7740e-01 6.1714e+05
2.8300e-01 6.1643e+05
2.8880e-01 6.1662e+05
2.9500e-01 6.1712e+05
3.0150e-01 6.1794e+05
3.0850e-01 6.1979e+05
3.1580e-01 6.2256e+05
3.2370e-01 6.2593e+05
3.3190e-01 6.3007e+05
3.4070e-01 6.3482e+05
3.5000e-01 6.4038e+05
3.5990e-01 6.4722e+05
3.7030e-01 6.5480e+05
3.8130e-01 6.6290e+05
3.9280e-01 6.7249e+05
4.0500e-01 6.8191e+05
4.1770e-01 6.9258e+05
4.3090e-01 7.0450e+05
4.4470e-01 7.1659e+05
4.5900e-01 7.2979e+05
4.7370e-01 7.4310e+05
4.8890e-01 7.5669e+05
5.0430e-01 7.7139e+05
5.2010e-01 7.8567e+05
5.3600e-01 8.0016e+05
5.5220e-01 8.1483e+05
5.6850e-01 8.2871e+05
5.8480e-01 8.4313e+05
6.0110e-01 8.5657e+05
6.1730e-01 8.7013e+05
6.3340e-01 8.8276e+05
6.4930e-01 8.9424e+05
6.6500e-01 9.0566e+05
6.8040e-01 9.1576e+05
6.9550e-01 9.2475e+05
7.1020e-01 9.3248e+05
7.2460e-01 9.4003e+05
7.3830e-01 9.4497e+05
7.5200e-01 9.5004e+05
7.6510e-01 9.5315e+05
7.7790e-01 9.5550e+05
7.9020e-01 9.5698e+05
8.0210e-01 9.5686e+05
8.1380e-01 9.5627e+05
8.2490e-01 9.5434e+05
8.3550e-01 9.5103e+05
8.4570e-01 9.4646e+05
8.5550e-01 9.4129e+05
8.6490e-01 9.3469e+05
8.7340e-01 9.2617e+05
8.8210e-01 9.1820e+05
8.9050e-01 9.0962e+05
8.9850e-01 9.0046e+05
9.0630e-01 8.9038e+05
9.1370e-01 8.7998e+05
9.2210e-01 8.7109e+05
9.2890e-01 8.5960e+05
9.3540e-01 8.4729e+05
9.4170e-01 8.3482e+05
9.4770e-01 8.2223e+05
9.5350e-01 8.0912e+05
9.5910e-01 7.9555e+05
9.6450e-01 7.8197e+05
9.6970e-01 7.6825e+05
9.7460e-01 7.5434e+05
9.7950e-01 7.4017e+05
9.8410e-01 7.2653e+05
9.8860e-01 7.1255e+05
9.9300e-01 6.9838e+05
9.9720e-01 6.8386e+05
1.0010e+00 6.7029e+05
1.0050e+00 6.5643e+05
1.0090e+00 6.4236e+05
1.0130e+00 6.2839e+05
1.0160e+00 6.1324e+05
1.0190e+00 6.0008e+05
1.0230e+00 5.8619e+05
1.0260e+00 5.7343e+05
1.0300e+00 5.6034e+05
1.0330e+00 5.4803e+05
1.0360e+00 5.3512e+05
1.0390e+00 5.2311e+05
1.0430e+00 5.1060e+05
1.0460e+00 4.9857e+05
1.0490e+00 4.8690e+05
1.0520e+00 4.7533e+05
1.0550e+00 4.6433e+05
1.0580e+00 4.5294e+05
1.0610e+00 4.4215e+05
1.0650e+00 4.3172e+05
1.0680e+00 4.2149e+05
1.0730e+00 4.1149e+05
1.0760e+00 4.0180e+05
1.0800e+00 3.9207e+05
1.0840e+00 3.8272e+05
1.0880e+00 3.7359e+05
1.0920e+00 3.6470e+05
1.0970e+00 3.5619e+05
1.1020e+00 3.4792e+05
1.1070e+00 3.4001e+05
1.1130e+00 3.3235e+05
1.1190e+00 3.2495e+05
1.1220e+00 3.1865e+05
1.1290e+00 3.1184e+05
1.1380e+00 3.0531e+05
1.1470e+00 2.9921e+05
1.1580e+00 2.9338e+05
1.1700e+00 2.8808e+05
1.1840e+00 2.8293e+05
1.2000e+00 2.7822e+05
1.2190e+00 2.7402e+05
1.2400e+00 2.6980e+05
1.2630e+00 2.6628e+05
1.2900e+00 2.6331e+05
1.3200e+00 2.6079e+05
1.3530e+00 2.5870e+05
1.3910e+00 2.5703e+05
1.4330e+00 2.5581e+05
1.4790e+00 2.5503e+05
1.5300e+00 2.5492e+05
1.5860e+00 2.5490e+05
1.6460e+00 2.5517e+05
1.7120e+00 2.5582e+05
1.7840e+00 2.5682e+05
1.8600e+00 2.5802e+05
1.9410e+00 2.5948e+05
2.0280e+00 2.6107e+05
2.1190e+00 2.6287e+05
2.2150e+00 2.6480e+05
2.3150e+00 2.6677e+05
2.4180e+00 2.6884e+05
2.5250e+00 2.7067e+05
2.6360e+00 2.7266e+05
2.7500e+00 2.7437e+05
2.8650e+00 2.7612e+05
2.9830e+00 2.7772e+05
3.1020e+00 2.7896e+05
3.2230e+00 2.8007e+05
3.3450e+00 2.8107e+05
3.4680e+00 2.8197e+05
3.5920e+00 2.8256e+05
3.7190e+00 2.8283e+05
3.8430e+00 2.8318e+05
3.9670e+00 2.8306e+05
4.0910e+00 2.8310e+05
4.2150e+00 2.8268e+05
4.3400e+00 2.8204e+05
4.4630e+00 2.8161e+05
4.5880e+00 2.8084e+05
4.7120e+00 2.7998e+05
4.8370e+00 2.7916e+05
4.9620e+00 2.7812e+05
5.0870e+00 2.7691e+05
5.2140e+00 2.7600e+05
5.3410e+00 2.7495e+05
5.4680e+00 2.7403e+05
5.5970e+00 2.7278e+05
5.7260e+00 2.7181e+05
5.8570e+00 2.7087e+05
5.9910e+00 2.7001e+05
6.1250e+00 2.6916e+05
6.2610e+00 2.6840e+05
6.4000e+00 2.6771e+05
6.5400e+00 2.6715e+05
6.6840e+00 2.6678e+05
6.8300e+00 2.6639e+05
6.9790e+00 2.6600e+05
7.1310e+00 2.6581e+05
7.2870e+00 2.6575e+05
7.4460e+00 2.6568e+05
7.6090e+00 2.6594e+05
7.7730e+00 2.6611e+05
7.9440e+00 2.6649e+05
8.1190e+00 2.6696e+05
8.3000e+00 2.6739e+05
8.4850e+00 2.6816e+05
8.6770e+00 2.6879e+05
8.8720e+00 2.6951e+05
9.0730e+00 2.7033e+05
9.2800e+00 2.7119e+05
9.4920e+00 2.7206e+05
9.7100e+00 2.7313e+05
9.9350e+00 2.7413e+05
1.0170e+01 2.7509e+05
1.0410e+01 2.7614e+05
1.0650e+01 2.7718e+05
1.0900e+01 2.7820e+05
1.1160e+01 2.7927e+05
1.1430e+01 2.8032e+05
1.1710e+01 2.8115e+05
1.2000e+01 2.8209e+05
1.2290e+01 2.8300e+05
1.2590e+01 2.8385e+05
1.2910e+01 2.8463e+05
1.3230e+01 2.8532e+05
1.3570e+01 2.8587e+05
1.3910e+01 2.8644e+05
1.4270e+01 2.8692e+05
1.4640e+01 2.8722e+05
1.5010e+01 2.8743e+05
1.5400e+01 2.8761e+05
1.5810e+01 2.8766e+05
1.6230e+01 2.8752e+05
1.6660e+01 2.8730e+05
1.7110e+01 2.8701e+05
1.7570e+01 2.8642e+05
1.8040e+01 2.8605e+05
1.8540e+01 2.8527e+05
1.9050e+01 2.8442e+05
1.9580e+01 2.8326e+05
2.0130e+01 2.8231e+05
2.0690e+01 2.8107e+05
2.1280e+01 2.7954e+05
2.1890e+01 2.7808e+05
2.2510e+01 2.7649e+05
2.3170e+01 2.7467e+05
2.3840e+01 2.7294e+05
2.4550e+01 2.7094e+05
2.5270e+01 2.6871e+05
2.6030e+01 2.6645e+05
2.6810e+01 2.6414e+05
2.7620e+01 2.6155e+05
2.8470e+01 2.5897e+05
2.9350e+01 2.5629e+05
3.0260e+01 2.5346e+05
3.1210e+01 2.5064e+05
3.2190e+01 2.4761e+05
3.3220e+01 2.4451e+05
3.4290e+01 2.4128e+05
3.5400e+01 2.3800e+05
3.6550e+01 2.3473e+05
3.7760e+01 2.3138e+05
3.9010e+01 2.2788e+05
4.0320e+01 2.2434e+05
4.1690e+01 2.2081e+05
4.3110e+01 2.1713e+05
4.4600e+01 2.1343e+05
4.6150e+01 2.0972e+05
4.7780e+01 2.0593e+05
4.9470e+01 2.0212e+05
5.1250e+01 1.9825e+05
5.3110e+01 1.9440e+05
5.5050e+01 1.9053e+05
5.7080e+01 1.8660e+05
5.9220e+01 1.8270e+05
6.1450e+01 1.7875e+05
6.3800e+01 1.7475e+05
6.6260e+01 1.7081e+05
6.8850e+01 1.6686e+05
7.1560e+01 1.6293e+05
7.4430e+01 1.5896e+05
7.7430e+01 1.5504e+05
8.0610e+01 1.5110e+05
