4.9720e-02 0.0000e+00
5.0090e-02 0.0000e+00
5.0460e-02 0.0000e+00
5.0850e-02 0.0000e+00
5.1240e-02 0.0000e+00
5.1640e-02 0.0000e+00
5.2060e-02 0.0000e+00
5.2480e-02 0.0000e+00
5.2920e-02 0.0000e+00
5.3360e-02 0.0000e+00
5.3820e-02 0.0000e+00
5.4300e-02 0.0000e+00
5.4780e-02 0.0000e+00
5.5280e-02 0.0000e+00
5.5800e-02 0.0000e+00
5.6330e-02 0.0000e+00
5.6870e-02 0.0000e+00
5.7440e-02 0.0000e+00
5.8010e-02 0.0000e+00
5.8610e-02 0.0000e+00
5.9220e-02 0.0000e+00
5.9850e-02 0.0000e+00
6.0500e-02 0.0000e+00
6.1170e-02 0.0000e+00
6.1860e-02 0.0000e+00
6.2560e-02 0.0000e+00
6.3290e-02 0.0000e+00
6.4040e-02 0.0000e+00
6.4800e-02 0.0000e+00
6.5590e-02 0.0000e+00
6.6400e-02 0.0000e+00
6.7230e-02 0.0000e+00
6.8080e-02 0.0000e+00
6.8950e-02 0.0000e+00
6.9850e-02 0.0000e+00
7.0760e-02 0.0000e+00
7.1700e-02 0.0000e+00
7.2660e-02 0.0000e+00
7.3640e-02 0.0000e+00
7.4640e-02 0.0000e+00
7.5670e-02 0.0000e+00
7.6720e-02 0.0000e+00
7.7780e-02 0.0000e+00
7.8880e-02 0.0000e+00
7.9990e-02 0.0000e+00
8.1130e-02 0.0000e+00
8.2290e-02 0.0000e+00
8.3470e-02 0.0000e+00
8.4670e-02 0.0000e+00
8.5900e-02 0.0000e+00
8.7140e-02 0.0000e+00
8.8410e-02 0.0000e+00
8.9690e-02 0.0000e+00
9.0990e-02 0.0000e+00
9.2320e-02 0.0000e+00
9.3660e-02 0.0000e+00
9.5020e-02 0.0000e+00
9.6390e-02 0.0000e+00
9.7780e-02 0.0000e+00
9.9180e-02 0.0000e+00
1.0060e-01 0.0000e+00
1.0200e-01 0.0000e+00
1.0350e-01 0.0000e+00
1.0490e-01 0.0000e+00
1.0630e-01 0.0000e+00
1.0780e-01 0.0000e+00
1.0920e-01 0.0000e+00
1.1070e-01 0.0000e+00
1.1210e-01 0.0000e+00
1.1360e-01 0.0000e+00
1.1500e-01 0.0000e+00
1.1650e-01 0.0000e+00
1.1790e-01 0.0000e+00
1.1930e-01 0.0000e+00
1.2070e-01 0.0000e+00
1.2210e-01 0.0000e+00
1.2350e-01 0.0000e+00
1.2490e-01 0.0000e+00
1.2630e-01 0.0000e+00
1.2760e-01 0.0000e+00
1.2900e-01 0.0000e+00
1.3030e-01 0.0000e+00
1.3160e-01 0.0000e+00
1.3290e-01 0.0000e+00
1.3420e-01 0.0000e+00
1.3550e-01 0.0000e+00
1.3670e-01 0.0000e+00
1.3800e-01 0.0000e+00
1.3920e-01 0.0000e+00
1.4050e-01 0.0000e+00
1.4180e-01 0.0000e+00
1.4300e-01 0.0000e+00
1.4420e-01 0.0000e+00
1.4550e-01 0.0000e+00
1.4680e-01 0.0000e+00
1.4800e-01 0.0000e+00
1.4930e-01 0.0000e+00
1.5060e-01 0.0000e+00
1.5190e-01 0.0000e+00
1.5320e-01 0.0000e+00
1.5450e-01 0.0000e+00
1.5590e-01 0.0000e+00
1.5730e-01 0.0000e+00
1.5870e-01 0.0000e+00
1.6010e-01 0.0000e+00
1.6160e-01 0.0000e+00
1.6310e-01 0.0000e+00
1.6460e-01 0.0000e+00
1.6610e-01 0.0000e+00
1.6770e-01 0.0000e+00
1.6940e-01 0.0000e+00
1.7100e-01 0.0000e+00
1.7280e-01 0.0000e+00
1.7450e-01 0.0000e+00
1.7630e-01 0.0000e+00
1.7820e-01 0.0000e+00
1.8010e-01 0.0000e+00
1.8200e-01 0.0000e+00
1.8410e-01 0.0000e+00
1.8610e-01 0.0000e+00
1.8820e-01 0.0000e+00
1.9040e-01 0.0000e+00
1.9260e-01 0.0000e+00
1.9480e-01 0.0000e+00
1.9720e-01 0.0000e+00
1.9960e-01 0.0000e+00
2.0200e-01 0.0000e+00
2.0460e-01 0.0000e+00
2.0720e-01 0.0000e+00
2.0980e-01 0.0000e+00
2.1260e-01 0.0000e+00
2.1540e-01 0.0000e+00
2.1830e-01 0.0000e+00
2.2130e-01 0.0000e+00
2.2440e-01 0.0000e+00
2.2760e-01 0.0000e+00
2.3090e-01 0.0000e+00
2.3440e-01 0.0000e+00
2.3790e-01 0.0000e+00
2.4160e-01 0.0000e+00
2.4540e-01 0.0000e+00
2.4940e-01 0.0000e+00
2.5350e-01 0.0000e+00
2.5790e-01 0.0000e+00
2.6240e-01 0.0000e+00
2.6720e-01 0.0000e+00
2.7220e-01 0.0000e+00
2.7740e-01 0.0000e+00
2.8300e-01 0.0000e+00
2.8880e-01 0.0000e+00
2.9500e-01 0.0000e+00
3.0150e-01 0.0000e+00
3.0850e-01 0.0000e+00
3.1580e-01 0.0000e+00
3.2370e-01 0.0000e+00
3.3190e-01 0.0000e+00
3.4070e-01 0.0000e+00
3.5000e-01 0.0000e+00
3.5990e-01 0.0000e+00
3.7030e-01 0.0000e+00
3.8130e-01 0.0000e+00
3.9280e-01 0.0000e+00
4.0500e-01 0.0000e+00
4.1770e-01 0.0000e+00
4.3090e-01 0.0000e+00
4.4470e-01 0.0000e+00
4.5900e-01 0.0000e+00
4.7370e-01 0.0000e+00
4.8890e-01 0.0000e+00
5.0430e-01 0.0000e+00
5.2010e-01 0.0000e+00
5.3600e-01 0.0000e+00
5.5220e-01 0.0000e+00
5.6850e-01 0.0000e+00
5.8480e-01 0.0000e+00
6.0110e-01 0.0000e+00
6.1730e-01 0.0000e+00
6.3340e-01 0.0000e+00
6.4930e-01 0.0000e+00
6.6500e-01 0.0000e+00
6.8040e-01 0.0000e+00
6.9550e-01 0.0000e+00
7.1020e-01 0.0000e+00
7.2460e-01 0.0000e+00
7.3830e-01 0.0000e+00
7.5200e-01 0.0000e+00
7.6510e-01 0.0000e+00
7.7790e-01 0.0000e+00
7.9020e-01 0.0000e+00
8.0210e-01 0.0000e+00
8.1380e-01 0.0000e+00
8.2490e-01 0.0000e+00
8.3550e-01 0.0000e+00
8.4570e-01 0.0000e+00
8.5550e-01 0.0000e+00
8.6490e-01 0.0000e+00
8.7340e-01 0.0000e+00
8.8210e-01 0.0000e+00
8.9050e-01 0.0000e+00
8.9850e-01 0.0000e+00
9.0630e-01 0.0000e+00
9.1370e-01 0.0000e+00
9.2210e-01 1.5896e-01
9.2890e-01 1.5812e-01
9.3540e-01 1.5709e-01
9.4170e-01 1.5585e-01
9.4770e-01 1.5448e-01
9.5350e-01 1.5289e-01
9.5910e-01 1.5115e-01
9.6450e-01 1.4923e-01
9.6970e-01 1.4723e-01
9.7460e-01 1.4511e-01
9.7950e-01 1.4276e-01
9.8410e-01 1.4049e-01
9.8860e-01 1.3798e-01
9.9300e-01 1.3536e-01
9.9720e-01 1.3261e-01
1.0010e+00 1.2992e-01
1.0050e+00 1.2710e-01
1.0090e+00 1.2419e-01
1.0130e+00 1.2117e-01
1.0160e+00 1.1787e-01
1.0190e+00 1.1492e-01
1.0230e+00 1.1179e-01
1.0260e+00 1.0879e-01
1.0300e+00 1.0572e-01
1.0330e+00 1.0270e-01
1.0360e+00 9.9599e-02
1.0390e+00 9.6665e-02
1.0430e+00 9.3673e-02
1.0460e+00 9.0790e-02
1.0490e+00 8.8062e-02
1.0520e+00 8.5521e-02
1.0550e+00 8.3279e-02
1.0580e+00 8.1344e-02
1.0610e+00 7.9997e-02
1.0650e+00 7.9437e-02
1.0680e+00 7.9987e-02
1.0730e+00 8.1391e-02
1.0760e+00 8.5270e-02
1.0800e+00 9.1817e-02
1.0840e+00 1.0204e-01
1.0880e+00 1.1707e-01
1.0920e+00 1.3845e-01
1.0970e+00 1.6811e-01
1.1020e+00 2.0828e-01
1.1070e+00 2.6192e-01
1.1130e+00 3.3235e-01
1.1190e+00 4.2354e-01
1.1220e+00 5.4307e-01
1.1290e+00 6.9159e-01
1.1380e+00 8.7722e-01
1.1470e+00 1.1074e+00
1.1580e+00 1.3893e+00
1.1700e+00 1.7345e+00
1.1840e+00 2.1472e+00
1.2000e+00 2.6398e+00
1.2190e+00 3.2253e+00
1.2400e+00 3.9130e+00
1.2630e+00 4.7078e+00
1.2900e+00 5.6288e+00
1.3200e+00 6.6807e+00
1.3530e+00 7.8756e+00
1.3910e+00 9.2122e+00
1.4330e+00 1.0715e+01
1.4790e+00 1.2370e+01
1.5300e+00 1.4189e+01
1.5860e+00 1.6178e+01
1.6460e+00 1.8312e+01
1.7120e+00 2.0608e+01
1.7840e+00 2.3049e+01
1.8600e+00 2.5615e+01
1.9410e+00 2.8300e+01
2.0280e+00 3.1100e+01
2.1190e+00 3.3970e+01
2.2150e+00 3.6904e+01
2.3150e+00 3.9875e+01
2.4180e+00 4.2870e+01
2.5250e+00 4.5817e+01
2.6360e+00 4.8773e+01
2.7500e+00 5.1655e+01
2.8650e+00 5.4466e+01
2.9830e+00 5.7202e+01
3.1020e+00 5.9774e+01
3.2230e+00 6.2238e+01
3.3450e+00 6.4559e+01
3.4680e+00 6.6745e+01
3.5920e+00 6.8750e+01
3.7190e+00 7.0535e+01
3.8430e+00 7.2234e+01
3.9670e+00 7.3678e+01
4.0910e+00 7.5023e+01
4.2150e+00 7.6098e+01
4.3400e+00 7.6982e+01
4.4630e+00 7.7776e+01
4.5880e+00 7.8336e+01
4.7120e+00 7.8745e+01
4.8370e+00 7.9029e+01
4.9620e+00 7.9110e+01
5.0870e+00 7.9016e+01
5.2140e+00 7.8892e+01
5.3410e+00 7.8577e+01
5.4680e+00 7.8192e+01
5.5970e+00 7.7594e+01
5.7260e+00 7.6958e+01
5.8570e+00 7.6236e+01
5.9910e+00 7.5382e+01
6.1250e+00 7.4483e+01
6.2610e+00 7.3502e+01
6.4000e+00 7.2417e+01
6.5400e+00 7.1278e+01
6.6840e+00 7.0110e+01
6.8300e+00 6.8884e+01
6.9790e+00 6.7605e+01
7.1310e+00 6.6284e+01
7.2870e+00 6.4944e+01
7.4460e+00 6.3555e+01
7.6090e+00 6.2157e+01
7.7730e+00 6.0713e+01
7.9440e+00 5.9300e+01
8.1190e+00 5.7827e+01
8.3000e+00 5.6381e+01
8.4850e+00 5.4918e+01
8.6770e+00 5.3452e+01
8.8720e+00 5.1980e+01
9.0730e+00 5.0523e+01
9.2800e+00 4.9057e+01
9.4920e+00 4.7611e+01
9.7100e+00 4.6189e+01
9.9350e+00 4.4775e+01
1.0170e+01 4.3361e+01
1.0410e+01 4.1975e+01
1.0650e+01 4.0596e+01
1.0900e+01 3.9250e+01
1.1160e+01 3.7917e+01
1.1430e+01 3.6604e+01
1.1710e+01 3.5315e+01
1.2000e+01 3.4061e+01
1.2290e+01 3.2814e+01
1.2590e+01 3.1606e+01
1.2910e+01 3.0414e+01
1.3230e+01 2.9257e+01
1.3570e+01 2.8119e+01
1.3910e+01 2.7024e+01
1.4270e+01 2.5941e+01
1.4640e+01 2.4892e+01
1.5010e+01 2.3873e+01
1.5400e+01 2.2879e+01
1.5810e+01 2.1918e+01
1.6230e+01 2.0975e+01
1.6660e+01 2.0067e+01
1.7110e+01 1.9194e+01
1.7570e+01 1.8337e+01
1.8040e+01 1.7521e+01
1.8540e+01 1.6719e+01
1.9050e+01 1.5954e+01
1.9580e+01 1.5208e+01
2.0130e+01 1.4494e+01
2.0690e+01 1.3805e+01
2.1280e+01 1.3133e+01
2.1890e+01 1.2498e+01
2.2510e+01 1.1887e+01
2.3170e+01 1.1300e+01
2.3840e+01 1.0738e+01
2.4550e+01 1.0192e+01
2.5270e+01 9.6689e+00
2.6030e+01 9.1699e+00
2.6810e+01 8.6918e+00
2.7620e+01 8.2319e+00
2.8470e+01 7.7961e+00
2.9350e+01 7.3763e+00
3.0260e+01 6.9741e+00
3.1210e+01 6.5950e+00
3.2190e+01 6.2316e+00
3.3220e+01 5.8867e+00
3.4290e+01 5.5518e+00
3.5400e+01 5.2408e+00
3.6550e+01 4.9404e+00
3.7760e+01 4.6562e+00
3.9010e+01 4.3846e+00
4.0320e+01 4.1289e+00
4.1690e+01 3.8852e+00
4.3110e+01 3.6529e+00
4.4600e+01 3.4331e+00
4.6150e+01 3.2249e+00
4.7780e+01 3.0276e+00
4.9470e+01 2.8407e+00
5.1250e+01 2.6641e+00
5.3110e+01 2.4972e+00
5.5050e+01 2.3389e+00
5.7080e+01 2.1896e+00
5.9220e+01 2.0491e+00
6.1450e+01 1.9159e+00
6.3800e+01 1.7897e+00
6.6260e+01 1.6717e+00
6.8850e+01 1.5598e+00
7.1560e+01 1.4552e+00
7.4430e+01 1.3560e+00
7.7430e+01 1.2632e+00
8.0610e+01 1.1754e+00
