4.9720e-02 1.0955e+07
5.0090e-02 1.0704e+07
5.0460e-02 1.0453e+07
5.0850e-02 1.0207e+07
5.1240e-02 9.9704e+06
5.1640e-02 9.7440e+06
5.2060e-02 9.5243e+06
5.2480e-02 9.3071e+06
5.2920e-02 9.0971e+06
5.3360e-02 8.8972e+06
5.3820e-02 8.6961e+06
5.4300e-02 8.5023e+06
5.4780e-02 8.3141e+06
5.5280e-02 8.1345e+06
5.5800e-02 7.9542e+06
5.6330e-02 7.7841e+06
5.6870e-02 7.6176e+06
5.7440e-02 7.4607e+06
5.8010e-02 7.3020e+06
5.8610e-02 7.1543e+06
5.9220e-02 7.0090e+06
5.9850e-02 6.8645e+06
6.0500e-02 6.7271e+06
6.1170e-02 6.5942e+06
6.1860e-02 6.4643e+06
6.2560e-02 6.3400e+06
6.3290e-02 6.2177e+06
6.4040e-02 6.1051e+06
6.4800e-02 5.9929e+06
6.5590e-02 5.8831e+06
6.6400e-02 5.7754e+06
6.7230e-02 5.6740e+06
6.8080e-02 5.5728e+06
6.8950e-02 5.4811e+06
6.9850e-02 5.3861e+06
7.0760e-02 5.2970e+06
7.1700e-02 5.2126e+06
7.2660e-02 5.1275e+06
7.3640e-02 5.0480e+06
7.4640e-02 4.9698e+06
7.5670e-02 4.8927e+06
7.6720e-02 4.8199e+06
7.7780e-02 4.7487e+06
7.8880e-02 4.6815e+06
7.9990e-02 4.6137e+06
8.1130e-02 4.5499e+06
8.2290e-02 4.4916e+06
8.3470e-02 4.4314e+06
8.4670e-02 4.3752e+06
8.5900e-02 4.3170e+06
8.7140e-02 4.2631e+06
8.8410e-02 4.2099e+06
8.9690e-02 4.1586e+06
9.0990e-02 4.1100e+06
9.2320e-02 4.0607e+06
9.3660e-02 4.0143e+06
9.5020e-02 3.9694e+06
9.6390e-02 3.9235e+06
9.7780e-02 3.8826e+06
9.9180e-02 3.8377e+06
1.0060e-01 3.7979e+06
1.0200e-01 3.7570e+06
1.0350e-01 3.7175e+06
1.0490e-01 3.6766e+06
1.0630e-01 3.6402e+06
1.0780e-01 3.6024e+06
1.0920e-01 3.5629e+06
1.1070e-01 3.5245e+06
1.1210e-01 3.4875e+06
1.1360e-01 3.4494e+06
1.1500e-01 3.4130e+06
1.1650e-01 3.3748e+06
1.1790e-01 3.3375e+06
1.1930e-01 3.3021e+06
1.2070e-01 3.2623e+06
1.2210e-01 3.2268e+06
1.2350e-01 3.1846e+06
1.2490e-01 3.1489e+06
1.2630e-01 3.1100e+06
1.2760e-01 3.0705e+06
1.2900e-01 3.0300e+06
1.3030e-01 2.9910e+06
1.3160e-01 2.9523e+06
1.3290e-01 2.9107e+06
1.3420e-01 2.8713e+06
1.3550e-01 2.8289e+06
1.3670e-01 2.7900e+06
1.3800e-01 2.7491e+06
1.3920e-01 2.7079e+06
1.4050e-01 2.6677e+06
1.4180e-01 2.6270e+06
1.4300e-01 2.5872e+06
1.4420e-01 2.5467e+06
1.4550e-01 2.5068e+06
1.4680e-01 2.4678e+06
1.4800e-01 2.4285e+06
1.4930e-01 2.3899e+06
1.5060e-01 2.3525e+06
1.5190e-01 2.3149e+06
1.5320e-01 2.2780e+06
1.5450e-01 2.2416e+06
1.5590e-01 2.2057e+06
1.5730e-01 2.1709e+06
1.5870e-01 2.1365e+06
1.6010e-01 2.1028e+06
1.6160e-01 2.0701e+06
1.6310e-01 2.0377e+06
1.6460e-01 2.0066e+06
1.6610e-01 1.9758e+06
1.6770e-01 1.9458e+06
1.6940e-01 1.9171e+06
1.7100e-01 1.8886e+06
1.7280e-01 1.8612e+06
1.7450e-01 1.8342e+06
1.7630e-01 1.8080e+06
1.7820e-01 1.7833e+06
1.8010e-01 1.7568e+06
1.8200e-01 1.7341e+06
1.8410e-01 1.7108e+06
1.8610e-01 1.6887e+06
1.8820e-01 1.6664e+06
1.9040e-01 1.6445e+06
1.9260e-01 1.6244e+06
1.9480e-01 1.6032e+06
1.9720e-01 1.5836e+06
1.9960e-01 1.5639e+06
2.0200e-01 1.5458e+06
2.0460e-01 1.5280e+06
2.0720e-01 1.5101e+06
2.0980e-01 1.4925e+06
2.1260e-01 1.4764e+06
2.1540e-01 1.4600e+06
2.1830e-01 1.4443e+06
2.2130e-01 1.4282e+06
2.2440e-01 1.4146e+06
2.2760e-01 1.3997e+06
2.3090e-01 1.3863e+06
2.3440e-01 1.3726e+06
2.3790e-01 1.3612e+06
2.4160e-01 1.3488e+06
2.4540e-01 1.3382e+06
2.4940e-01 1.3271e+06
2.5350e-01 1.3182e+06
2.5790e-01 1.3091e+06
2.6240e-01 1.3013e+06
2.6720e-01 1.2953e+06
2.7220e-01 1.2894e+06
2.7740e-01 1.2854e+06
2.8300e-01 1.2824e+06
2.8880e-01 1.2815e+06
2.9500e-01 1.2813e+06
3.0150e-01 1.2828e+06
3.0850e-01 1.2862e+06
3.1580e-01 1.2922e+06
3.2370e-01 1.3005e+06
3.3190e-01 1.3099e+06
3.4070e-01 1.3215e+06
3.5000e-01 1.3355e+06
3.5990e-01 1.3528e+06
3.7030e-01 1.3729e+06
3.8130e-01 1.3937e+06
3.9280e-01 1.4183e+06
4.0500e-01 1.4444e+06
4.1770e-01 1.4735e+06
4.3090e-01 1.5049e+06
4.4470e-01 1.5376e+06
4.5900e-01 1.5729e+06
4.7370e-01 1.6102e+06
4.8890e-01 1.6488e+06
5.0430e-01 1.6883e+06
5.2010e-01 1.7285e+06
5.3600e-01 1.7693e+06
5.5220e-01 1.8109e+06
5.6850e-01 1.8511e+06
5.8480e-01 1.8922e+06
6.0110e-01 1.9321e+06
6.1730e-01 1.9703e+06
6.3340e-01 2.0079e+06
6.4930e-01 2.0429e+06
6.6500e-01 2.0770e+06
6.8040e-01 2.1086e+06
6.9550e-01 2.1371e+06
7.1020e-01 2.1632e+06
7.2460e-01 2.1871e+06
7.3830e-01 2.2057e+06
7.5200e-01 2.2234e+06
7.6510e-01 2.2371e+06
7.7790e-01 2.2486e+06
7.9020e-01 2.2575e+06
8.0210e-01 2.2622e+06
8.1380e-01 2.2658e+06
8.2490e-01 2.2654e+06
8.3550e-01 2.2623e+06
8.4570e-01 2.2554e+06
8.5550e-01 2.2460e+06
8.6490e-01 2.2339e+06
8.7340e-01 2.2166e+06
8.8210e-01 2.2009e+06
8.9050e-01 2.1824e+06
8.9850e-01 2.1626e+06
9.0630e-01 2.1406e+06
9.1370e-01 2.1176e+06
9.2210e-01 2.0983e+06
9.2890e-01 2.0719e+06
9.3540e-01 2.0442e+06
9.4170e-01 2.0156e+06
9.4770e-01 1.9860e+06
9.5350e-01 1.9552e+06
9.5910e-01 1.9238e+06
9.6450e-01 1.8916e+06
9.6970e-01 1.8592e+06
9.7460e-01 1.8267e+06
9.7950e-01 1.7926e+06
9.8410e-01 1.7605e+06
9.8860e-01 1.7266e+06
9.9300e-01 1.6926e+06
9.9720e-01 1.6581e+06
1.0010e+00 1.6251e+06
1.0050e+00 1.5917e+06
1.0090e+00 1.5581e+06
1.0130e+00 1.5239e+06
1.0160e+00 1.4872e+06
1.0190e+00 1.4553e+06
1.0230e+00 1.4220e+06
1.0260e+00 1.3906e+06
1.0300e+00 1.3590e+06
1.0330e+00 1.3286e+06
1.0360e+00 1.2972e+06
1.0390e+00 1.2678e+06
1.0430e+00 1.2377e+06
1.0460e+00 1.2081e+06
1.0490e+00 1.1795e+06
1.0520e+00 1.1514e+06
1.0550e+00 1.1243e+06
1.0580e+00 1.0966e+06
1.0610e+00 1.0699e+06
1.0650e+00 1.0441e+06
1.0680e+00 1.0193e+06
1.0730e+00 9.9422e+05
1.0760e+00 9.7031e+05
1.0800e+00 9.4635e+05
1.0840e+00 9.2318e+05
1.0880e+00 9.0040e+05
1.0920e+00 8.7812e+05
1.0970e+00 8.5685e+05
1.1020e+00 8.3695e+05
1.1070e+00 8.1690e+05
1.1130e+00 7.9689e+05
1.1190e+00 7.7958e+05
1.1220e+00 7.6163e+05
1.1290e+00 7.4387e+05
1.1380e+00 7.2656e+05
1.1470e+00 7.1008e+05
1.1580e+00 6.9397e+05
1.1700e+00 6.7907e+05
1.1840e+00 6.6427e+05
1.2000e+00 6.4995e+05
1.2190e+00 6.3674e+05
1.2400e+00 6.2289e+05
1.2630e+00 6.1045e+05
1.2900e+00 5.9905e+05
1.3200e+00 5.8823e+05
1.3530e+00 5.7804e+05
1.3910e+00 5.6833e+05
1.4330e+00 5.5923e+05
1.4790e+00 5.5066e+05
1.5300e+00 5.4339e+05
1.5860e+00 5.3594e+05
1.6460e+00 5.2888e+05
1.7120e+00 5.2222e+05
1.7840e+00 5.1608e+05
1.8600e+00 5.1024e+05
1.9410e+00 5.0477e+05
2.0280e+00 4.9934e+05
2.1190e+00 4.9435e+05
2.2150e+00 4.8967e+05
2.3150e+00 4.8518e+05
2.4180e+00 4.8082e+05
2.5250e+00 4.7619e+05
2.6360e+00 4.7204e+05
2.7500e+00 4.6754e+05
2.8650e+00 4.6327e+05
2.9830e+00 4.5899e+05
3.1020e+00 4.5431e+05
3.2230e+00 4.4967e+05
3.3450e+00 4.4532e+05
3.4680e+00 4.4040e+05
3.5920e+00 4.3564e+05
3.7190e+00 4.3062e+05
3.8430e+00 4.2610e+05
3.9670e+00 4.2063e+05
4.0910e+00 4.1571e+05
4.2150e+00 4.1030e+05
4.3400e+00 4.0481e+05
4.4630e+00 3.9990e+05
4.5880e+00 3.9424e+05
4.7120e+00 3.8857e+05
4.8370e+00 3.8315e+05
4.9620e+00 3.7754e+05
5.0870e+00 3.7184e+05
5.2140e+00 3.6654e+05
5.3410e+00 3.6113e+05
5.4680e+00 3.5570e+05
5.5970e+00 3.4987e+05
5.7260e+00 3.4478e+05
5.8570e+00 3.3938e+05
5.9910e+00 3.3423e+05
6.1250e+00 3.2902e+05
6.2610e+00 3.2384e+05
6.4000e+00 3.1867e+05
6.5400e+00 3.1381e+05
6.6840e+00 3.0889e+05
6.8300e+00 3.0413e+05
6.9790e+00 2.9936e+05
7.1310e+00 2.9476e+05
7.2870e+00 2.9008e+05
7.4460e+00 2.8559e+05
7.6090e+00 2.8125e+05
7.7730e+00 2.7684e+05
7.9440e+00 2.7266e+05
8.1190e+00 2.6842e+05
8.3000e+00 2.6436e+05
8.4850e+00 2.6033e+05
8.6770e+00 2.5640e+05
8.8720e+00 2.5245e+05
9.0730e+00 2.4881e+05
9.2800e+00 2.4497e+05
9.4920e+00 2.4137e+05
9.7100e+00 2.3788e+05
9.9350e+00 2.3425e+05
1.0170e+01 2.3082e+05
1.0410e+01 2.2742e+05
1.0650e+01 2.2396e+05
1.0900e+01 2.2071e+05
1.1160e+01 2.1747e+05
1.1430e+01 2.1430e+05
1.1710e+01 2.1102e+05
1.2000e+01 2.0793e+05
1.2290e+01 2.0491e+05
1.2590e+01 2.0180e+05
1.2910e+01 1.9873e+05
1.3230e+01 1.9579e+05
1.3570e+01 1.9280e+05
1.3910e+01 1.8989e+05
1.4270e+01 1.8690e+05
1.4640e+01 1.8404e+05
1.5010e+01 1.8116e+05
1.5400e+01 1.7833e+05
1.5810e+01 1.7555e+05
1.6230e+01 1.7277e+05
1.6660e+01 1.6997e+05
1.7110e+01 1.6725e+05
1.7570e+01 1.6438e+05
1.8040e+01 1.6183e+05
1.8540e+01 1.5902e+05
1.9050e+01 1.5636e+05
1.9580e+01 1.5359e+05
2.0130e+01 1.5095e+05
2.0690e+01 1.4829e+05
2.1280e+01 1.4560e+05
2.1890e+01 1.4295e+05
2.2510e+01 1.4039e+05
2.3170e+01 1.3775e+05
2.3840e+01 1.3517e+05
2.4550e+01 1.3259e+05
2.5270e+01 1.3003e+05
2.6030e+01 1.2739e+05
2.6810e+01 1.2492e+05
2.7620e+01 1.2231e+05
2.8470e+01 1.1979e+05
2.9350e+01 1.1728e+05
3.0260e+01 1.1478e+05
3.1210e+01 1.1233e+05
3.2190e+01 1.0984e+05
3.3220e+01 1.0740e+05
3.4290e+01 1.0493e+05
3.5400e+01 1.0250e+05
3.6550e+01 1.0014e+05
3.7760e+01 9.7777e+04
3.9010e+01 9.5385e+04
4.0320e+01 9.3074e+04
4.1690e+01 9.0730e+04
4.3110e+01 8.8403e+04
4.4600e+01 8.6158e+04
4.6150e+01 8.3869e+04
4.7780e+01 8.1639e+04
4.9470e+01 7.9444e+04
5.1250e+01 7.7229e+04
5.3110e+01 7.5078e+04
5.5050e+01 7.2927e+04
5.7080e+01 7.0790e+04
5.9220e+01 6.8720e+04
6.1450e+01 6.6647e+04
6.3800e+01 6.4614e+04
6.6260e+01 6.2583e+04
6.8850e+01 6.0595e+04
7.1560e+01 5.8668e+04
7.4430e+01 5.6709e+04
7.7430e+01 5.4814e+04
8.0610e+01 5.2959e+04
