4.9720e-02 7.8859e+03
5.0090e-02 7.7512e+03
5.0460e-02 7.6132e+03
5.0850e-02 7.4790e+03
5.1240e-02 7.3493e+03
5.1640e-02 7.2241e+03
5.2060e-02 7.1027e+03
5.2480e-02 6.9824e+03
5.2920e-02 6.8662e+03
5.3360e-02 6.7546e+03
5.3820e-02 6.6404e+03
5.4300e-02 6.5305e+03
5.4780e-02 6.4233e+03
5.5280e-02 6.3225e+03
5.5800e-02 6.2200e+03
5.6330e-02 6.1227e+03
5.6870e-02 6.0268e+03
5.7440e-02 5.9372e+03
5.8010e-02 5.8450e+03
5.8610e-02 5.7602e+03
5.9220e-02 5.6763e+03
5.9850e-02 5.5929e+03
6.0500e-02 5.5118e+03
6.1170e-02 5.4344e+03
6.1860e-02 5.3572e+03
6.2560e-02 5.2837e+03
6.3290e-02 5.2118e+03
6.4040e-02 5.1449e+03
6.4800e-02 5.0775e+03
6.5590e-02 5.0121e+03
6.6400e-02 4.9456e+03
6.7230e-02 4.8837e+03
6.8080e-02 4.8209e+03
6.8950e-02 4.7647e+03
6.9850e-02 4.7039e+03
7.0760e-02 4.6467e+03
7.1700e-02 4.5939e+03
7.2660e-02 4.5379e+03
7.3640e-02 4.4863e+03
7.4640e-02 4.4344e+03
7.5670e-02 4.3821e+03
7.6720e-02 4.3323e+03
7.7780e-02 4.2826e+03
7.8880e-02 4.2353e+03
7.9990e-02 4.1871e+03
8.1130e-02 4.1405e+03
8.2290e-02 4.0995e+03
8.3470e-02 4.0541e+03
8.4670e-02 4.0114e+03
8.5900e-02 3.9651e+03
8.7140e-02 3.9226e+03
8.8410e-02 3.8792e+03
8.9690e-02 3.8367e+03
9.0990e-02 3.7959e+03
9.2320e-02 3.7532e+03
9.3660e-02 3.7124e+03
9.5020e-02 3.6723e+03
9.6390e-02 3.6307e+03
9.7780e-02 3.5926e+03
9.9180e-02 3.5502e+03
1.0060e-01 3.5114e+03
1.0200e-01 3.4711e+03
1.0350e-01 3.4318e+03
1.0490e-01 3.3912e+03
1.0630e-01 3.3533e+03
1.0780e-01 3.3138e+03
1.0920e-01 3.2724e+03
1.1070e-01 3.2323e+03
1.1210e-01 3.1925e+03
1.1360e-01 3.1515e+03
1.1500e-01 3.1119e+03
1.1650e-01 3.0709e+03
1.1790e-01 3.0303e+03
1.1930e-01 2.9910e+03
1.2070e-01 2.9479e+03
1.2210e-01 2.9085e+03
1.2350e-01 2.8629e+03
1.2490e-01 2.8239e+03
1.2630e-01 2.7815e+03
1.2760e-01 2.7388e+03
1.2900e-01 2.6952e+03
1.3030e-01 2.6532e+03
1.3160e-01 2.6113e+03
1.3290e-01 2.5669e+03
1.3420e-01 2.5250e+03
1.3550e-01 2.4809e+03
1.3670e-01 2.4394e+03
1.3800e-01 2.3969e+03
1.3920e-01 2.3537e+03
1.4050e-01 2.3123e+03
1.4180e-01 2.2699e+03
1.4300e-01 2.2292e+03
1.4420e-01 2.1879e+03
1.4550e-01 2.1475e+03
1.4680e-01 2.1078e+03
1.4800e-01 2.0683e+03
1.4930e-01 2.0299e+03
1.5060e-01 1.9923e+03
1.5190e-01 1.9554e+03
1.5320e-01 1.9190e+03
1.5450e-01 1.8832e+03
1.5590e-01 1.8481e+03
1.5730e-01 1.8145e+03
1.5870e-01 1.7814e+03
1.6010e-01 1.7490e+03
1.6160e-01 1.7181e+03
1.6310e-01 1.6876e+03
1.6460e-01 1.6585e+03
1.6610e-01 1.6301e+03
1.6770e-01 1.6025e+03
1.6940e-01 1.5767e+03
1.7100e-01 1.5512e+03
1.7280e-01 1.5272e+03
1.7450e-01 1.5041e+03
1.7630e-01 1.4819e+03
1.7820e-01 1.4609e+03
1.8010e-01 1.4411e+03
1.8200e-01 1.4224e+03
1.8410e-01 1.4060e+03
1.8610e-01 1.3898e+03
1.8820e-01 1.3747e+03
1.9040e-01 1.3609e+03
1.9260e-01 1.3486e+03
1.9480e-01 1.3380e+03
1.9720e-01 1.3288e+03
1.9960e-01 1.3209e+03
2.0200e-01 1.3149e+03
2.0460e-01 1.3108e+03
2.0720e-01 1.3087e+03
2.0980e-01 1.3090e+03
2.1260e-01 1.3121e+03
2.1540e-01 1.3166e+03
2.1830e-01 1.3244e+03
2.2130e-01 1.3356e+03
2.2440e-01 1.3504e+03
2.2760e-01 1.3684e+03
2.3090e-01 1.3928e+03
2.3440e-01 1.4208e+03
2.3790e-01 1.4544e+03
2.4160e-01 1.4952e+03
2.4540e-01 1.5425e+03
2.4940e-01 1.5965e+03
2.5350e-01 1.6614e+03
2.5790e-01 1.7358e+03
2.6240e-01 1.8208e+03
2.6720e-01 1.9187e+03
2.7220e-01 2.0300e+03
2.7740e-01 2.1559e+03
2.8300e-01 2.2993e+03
2.8880e-01 2.4605e+03
2.9500e-01 2.6412e+03
3.0150e-01 2.8408e+03
3.0850e-01 3.0651e+03
3.1580e-01 3.3140e+03
3.2370e-01 3.5873e+03
3.3190e-01 3.8871e+03
3.4070e-01 4.2130e+03
3.5000e-01 4.5663e+03
3.5990e-01 4.9520e+03
3.7030e-01 5.3650e+03
3.8130e-01 5.8039e+03
3.9280e-01 6.2737e+03
4.0500e-01 6.7671e+03
4.1770e-01 7.2906e+03
4.3090e-01 7.8334e+03
4.4470e-01 8.4026e+03
4.5900e-01 8.9953e+03
4.7370e-01 9.6017e+03
4.8890e-01 1.0216e+04
5.0430e-01 1.0837e+04
5.2010e-01 1.1465e+04
5.3600e-01 1.2094e+04
5.5220e-01 1.2722e+04
5.6850e-01 1.3335e+04
5.8480e-01 1.3938e+04
6.0110e-01 1.4530e+04
6.1730e-01 1.5097e+04
6.3340e-01 1.5644e+04
6.4930e-01 1.6157e+04
6.6500e-01 1.6651e+04
6.8040e-01 1.7108e+04
6.9550e-01 1.7528e+04
7.1020e-01 1.7912e+04
7.2460e-01 1.8261e+04
7.3830e-01 1.8554e+04
7.5200e-01 1.8821e+04
7.6510e-01 1.9044e+04
7.7790e-01 1.9238e+04
7.9020e-01 1.9391e+04
8.0210e-01 1.9500e+04
8.1380e-01 1.9596e+04
8.2490e-01 1.9635e+04
8.3550e-01 1.9643e+04
8.4570e-01 1.9615e+04
8.5550e-01 1.9554e+04
8.6490e-01 1.9459e+04
8.7340e-01 1.9307e+04
8.8210e-01 1.9170e+04
8.9050e-01 1.9007e+04
8.9850e-01 1.8820e+04
9.0630e-01 1.8614e+04
9.1370e-01 1.8394e+04
9.2210e-01 1.8198e+04
9.2890e-01 1.7941e+04
9.3540e-01 1.7672e+04
9.4170e-01 1.7394e+04
9.4770e-01 1.7107e+04
9.5350e-01 1.6807e+04
9.5910e-01 1.6500e+04
9.6450e-01 1.6190e+04
9.6970e-01 1.5875e+04
9.7460e-01 1.5559e+04
9.7950e-01 1.5229e+04
9.8410e-01 1.4918e+04
9.8860e-01 1.4590e+04
9.9300e-01 1.4263e+04
9.9720e-01 1.3934e+04
1.0010e+00 1.3615e+04
1.0050e+00 1.3295e+04
1.0090e+00 1.2975e+04
1.0130e+00 1.2652e+04
1.0160e+00 1.2307e+04
1.0190e+00 1.2004e+04
1.0230e+00 1.1691e+04
1.0260e+00 1.1397e+04
1.0300e+00 1.1100e+04
1.0330e+00 1.0815e+04
1.0360e+00 1.0523e+04
1.0390e+00 1.0248e+04
1.0430e+00 9.9677e+03
1.0460e+00 9.6930e+03
1.0490e+00 9.4274e+03
1.0520e+00 9.1675e+03
1.0550e+00 8.9170e+03
1.0580e+00 8.6629e+03
1.0610e+00 8.4173e+03
1.0650e+00 8.1792e+03
1.0680e+00 7.9498e+03
1.0730e+00 7.7196e+03
1.0760e+00 7.4986e+03
1.0800e+00 7.2791e+03
1.0840e+00 7.0672e+03
1.0880e+00 6.8591e+03
1.0920e+00 6.6551e+03
1.0970e+00 6.4577e+03
1.1020e+00 6.2657e+03
1.1070e+00 6.0791e+03
1.1130e+00 5.8950e+03
1.1190e+00 5.7161e+03
1.1220e+00 5.5547e+03
1.1290e+00 5.3842e+03
1.1380e+00 5.2165e+03
1.1470e+00 5.0526e+03
1.1580e+00 4.8920e+03
1.1700e+00 4.7384e+03
1.1840e+00 4.5841e+03
1.2000e+00 4.4319e+03
1.2190e+00 4.2849e+03
1.2400e+00 4.1323e+03
1.2630e+00 3.9874e+03
1.2900e+00 3.8472e+03
1.3200e+00 3.7090e+03
1.3530e+00 3.5731e+03
1.3910e+00 3.4380e+03
1.4330e+00 3.3047e+03
1.4790e+00 3.1735e+03
1.5300e+00 3.0491e+03
1.5860e+00 2.9217e+03
1.6460e+00 2.7951e+03
1.7120e+00 2.6712e+03
1.7840e+00 2.5490e+03
1.8600e+00 2.4291e+03
1.9410e+00 2.3121e+03
2.0280e+00 2.1957e+03
2.1190e+00 2.0838e+03
2.2150e+00 1.9759e+03
2.3150e+00 1.8706e+03
2.4180e+00 1.7695e+03
2.5250e+00 1.6702e+03
2.6360e+00 1.5764e+03
2.7500e+00 1.4849e+03
2.8650e+00 1.3988e+03
2.9830e+00 1.3161e+03
3.1020e+00 1.2366e+03
3.2230e+00 1.1614e+03
3.3450e+00 1.0905e+03
3.4680e+00 1.0239e+03
3.5920e+00 9.6024e+02
3.7190e+00 8.9990e+02
3.8430e+00 8.4425e+02
3.9670e+00 7.9096e+02
4.0910e+00 7.4231e+02
4.2150e+00 6.9548e+02
4.3400e+00 6.5186e+02
4.4630e+00 6.1192e+02
4.5880e+00 5.7396e+02
4.7120e+00 5.3849e+02
4.8370e+00 5.0536e+02
4.9620e+00 4.7454e+02
5.0870e+00 4.4540e+02
5.2140e+00 4.1848e+02
5.3410e+00 3.9332e+02
5.4680e+00 3.7026e+02
5.5970e+00 3.4820e+02
5.7260e+00 3.2796e+02
5.8570e+00 3.0896e+02
5.9910e+00 2.9116e+02
6.1250e+00 2.7469e+02
6.2610e+00 2.5932e+02
6.4000e+00 2.4474e+02
6.5400e+00 2.3122e+02
6.6840e+00 2.1862e+02
6.8300e+00 2.0672e+02
6.9790e+00 1.9565e+02
7.1310e+00 1.8520e+02
7.2870e+00 1.7543e+02
7.4460e+00 1.6621e+02
7.6090e+00 1.5758e+02
7.7730e+00 1.4976e+02
7.9440e+00 1.4213e+02
8.1190e+00 1.3487e+02
8.3000e+00 1.2810e+02
8.4850e+00 1.2170e+02
8.6770e+00 1.1541e+02
8.8720e+00 1.0971e+02
9.0730e+00 1.0438e+02
9.2800e+00 9.9283e+01
9.4920e+00 9.4496e+01
9.7100e+00 8.9983e+01
9.9350e+00 8.5696e+01
1.0170e+01 8.1635e+01
1.0410e+01 7.7801e+01
1.0650e+01 7.4156e+01
1.0900e+01 7.0769e+01
1.1160e+01 6.7493e+01
1.1430e+01 6.4393e+01
1.1710e+01 6.1455e+01
1.2000e+01 5.8654e+01
1.2290e+01 5.6016e+01
1.2590e+01 5.3501e+01
1.2910e+01 5.1119e+01
1.3230e+01 4.8803e+01
1.3570e+01 4.6647e+01
1.3910e+01 4.4607e+01
1.4270e+01 4.2662e+01
1.4640e+01 4.0811e+01
1.5010e+01 3.9062e+01
1.5400e+01 3.7391e+01
1.5810e+01 3.5805e+01
1.6230e+01 3.4294e+01
1.6660e+01 3.2847e+01
1.7110e+01 3.1481e+01
1.7570e+01 3.0158e+01
1.8040e+01 2.8938e+01
1.8540e+01 2.7743e+01
1.9050e+01 2.6607e+01
1.9580e+01 2.5511e+01
2.0130e+01 2.4492e+01
2.0690e+01 2.3510e+01
2.1280e+01 2.2556e+01
2.1890e+01 2.1658e+01
2.2510e+01 2.0801e+01
2.3170e+01 1.9978e+01
2.3840e+01 1.9204e+01
2.4550e+01 1.8449e+01
2.5270e+01 1.7726e+01
2.6030e+01 1.7039e+01
2.6810e+01 1.6386e+01
2.7620e+01 1.5752e+01
2.8470e+01 1.5154e+01
2.9350e+01 1.4576e+01
3.0260e+01 1.4023e+01
3.1210e+01 1.3499e+01
3.2190e+01 1.2991e+01
3.3220e+01 1.2505e+01
3.4290e+01 1.2035e+01
3.5400e+01 1.1588e+01
3.6550e+01 1.1157e+01
3.7760e+01 1.0749e+01
3.9010e+01 1.0348e+01
4.0320e+01 9.9675e+00
4.1690e+01 9.6035e+00
4.3110e+01 9.2507e+00
4.4600e+01 8.9158e+00
4.6150e+01 8.5897e+00
4.7780e+01 8.2736e+00
4.9470e+01 7.9732e+00
5.1250e+01 7.6825e+00
5.3110e+01 7.4013e+00
5.5050e+01 7.1308e+00
5.7080e+01 6.8718e+00
5.9220e+01 6.6216e+00
6.1450e+01 6.3804e+00
6.3800e+01 6.1450e+00
6.6260e+01 5.9182e+00
6.8850e+01 5.7005e+00
7.1560e+01 5.4898e+00
7.4430e+01 5.2869e+00
7.7430e+01 5.0908e+00
8.0610e+01 4.8994e+00
