4.9720e-02 3.5933e+04
5.0090e-02 3.5420e+04
5.0460e-02 3.4887e+04
5.0850e-02 3.4377e+04
5.1240e-02 3.3883e+04
5.1640e-02 3.3405e+04
5.2060e-02 3.2950e+04
5.2480e-02 3.2495e+04
5.2920e-02 3.2048e+04
5.3360e-02 3.1634e+04
5.3820e-02 3.1219e+04
5.4300e-02 3.0811e+04
5.4780e-02 3.0427e+04
5.5280e-02 3.0061e+04
5.5800e-02 2.9690e+04
5.6330e-02 2.9338e+04
5.6870e-02 2.9002e+04
5.7440e-02 2.8699e+04
5.8010e-02 2.8372e+04
5.8610e-02 2.8101e+04
5.9220e-02 2.7810e+04
5.9850e-02 2.7535e+04
6.0500e-02 2.7279e+04
6.1170e-02 2.7029e+04
6.1860e-02 2.6786e+04
6.2560e-02 2.6562e+04
6.3290e-02 2.6346e+04
6.4040e-02 2.6160e+04
6.4800e-02 2.5971e+04
6.5590e-02 2.5781e+04
6.6400e-02 2.5600e+04
6.7230e-02 2.5432e+04
6.8080e-02 2.5273e+04
6.8950e-02 2.5137e+04
6.9850e-02 2.4990e+04
7.0760e-02 2.4859e+04
7.1700e-02 2.4740e+04
7.2660e-02 2.4617e+04
7.3640e-02 2.4515e+04
7.4640e-02 2.4412e+04
7.5670e-02 2.4305e+04
7.6720e-02 2.4213e+04
7.7780e-02 2.4123e+04
7.8880e-02 2.4043e+04
7.9990e-02 2.3962e+04
8.1130e-02 2.3884e+04
8.2290e-02 2.3841e+04
8.3470e-02 2.3773e+04
8.4670e-02 2.3721e+04
8.5900e-02 2.3649e+04
8.7140e-02 2.3601e+04
8.8410e-02 2.3541e+04
8.9690e-02 2.3492e+04
9.0990e-02 2.3448e+04
9.2320e-02 2.3389e+04
9.3660e-02 2.3343e+04
9.5020e-02 2.3301e+04
9.6390e-02 2.3241e+04
9.7780e-02 2.3208e+04
9.9180e-02 2.3140e+04
1.0060e-01 2.3098e+04
1.0200e-01 2.3040e+04
1.0350e-01 2.2985e+04
1.0490e-01 2.2915e+04
1.0630e-01 2.2866e+04
1.0780e-01 2.2801e+04
1.0920e-01 2.2716e+04
1.1070e-01 2.2631e+04
1.1210e-01 2.2551e+04
1.1360e-01 2.2450e+04
1.1500e-01 2.2360e+04
1.1650e-01 2.2248e+04
1.1790e-01 2.2140e+04
1.1930e-01 2.2033e+04
1.2070e-01 2.1891e+04
1.2210e-01 2.1768e+04
1.2350e-01 2.1600e+04
1.2490e-01 2.1471e+04
1.2630e-01 2.1312e+04
1.2760e-01 2.1141e+04
1.2900e-01 2.0959e+04
1.3030e-01 2.0786e+04
1.3160e-01 2.0608e+04
1.3290e-01 2.0403e+04
1.3420e-01 2.0212e+04
1.3550e-01 1.9996e+04
1.3670e-01 1.9799e+04
1.3800e-01 1.9588e+04
1.3920e-01 1.9369e+04
1.4050e-01 1.9153e+04
1.4180e-01 1.8931e+04
1.4300e-01 1.8715e+04
1.4420e-01 1.8489e+04
1.4550e-01 1.8268e+04
1.4680e-01 1.8048e+04
1.4800e-01 1.7826e+04
1.4930e-01 1.7607e+04
1.5060e-01 1.7395e+04
1.5190e-01 1.7184e+04
1.5320e-01 1.6974e+04
1.5450e-01 1.6765e+04
1.5590e-01 1.6561e+04
1.5730e-01 1.6362e+04
1.5870e-01 1.6170e+04
1.6010e-01 1.5978e+04
1.6160e-01 1.5796e+04
1.6310e-01 1.5614e+04
1.6460e-01 1.5445e+04
1.6610e-01 1.5274e+04
1.6770e-01 1.5112e+04
1.6940e-01 1.4959e+04
1.7100e-01 1.4808e+04
1.7280e-01 1.4665e+04
1.7450e-01 1.4529e+04
1.7630e-01 1.4395e+04
1.7820e-01 1.4270e+04
1.8010e-01 1.4150e+04
1.8200e-01 1.4036e+04
1.8410e-01 1.3942e+04
1.8610e-01 1.3841e+04
1.8820e-01 1.3746e+04
1.9040e-01 1.3655e+04
1.9260e-01 1.3572e+04
1.9480e-01 1.3497e+04
1.9720e-01 1.3426e+04
1.9960e-01 1.3360e+04
2.0200e-01 1.3299e+04
2.0460e-01 1.3247e+04
2.0720e-01 1.3197e+04
2.0980e-01 1.3154e+04
2.1260e-01 1.3121e+04
2.1540e-01 1.3092e+04
2.1830e-01 1.3077e+04
2.2130e-01 1.3063e+04
2.2440e-01 1.3046e+04
2.2760e-01 1.3046e+04
2.3090e-01 1.3063e+04
2.3440e-01 1.3073e+04
2.3790e-01 1.3099e+04
2.4160e-01 1.3140e+04
2.4540e-01 1.3181e+04
2.4940e-01 1.3242e+04
2.5350e-01 1.3316e+04
2.5790e-01 1.3401e+04
2.6240e-01 1.3500e+04
2.6720e-01 1.3618e+04
2.7220e-01 1.3765e+04
2.7740e-01 1.3913e+04
2.8300e-01 1.4098e+04
2.8880e-01 1.4302e+04
2.9500e-01 1.4538e+04
3.0150e-01 1.4787e+04
3.0850e-01 1.5077e+04
3.1580e-01 1.5400e+04
3.2370e-01 1.5757e+04
3.3190e-01 1.6152e+04
3.4070e-01 1.6578e+04
3.5000e-01 1.7038e+04
3.5990e-01 1.7558e+04
3.7030e-01 1.8113e+04
3.8130e-01 1.8697e+04
3.9280e-01 1.9336e+04
4.0500e-01 2.0009e+04
4.1770e-01 2.0720e+04
4.3090e-01 2.1469e+04
4.4470e-01 2.2250e+04
4.5900e-01 2.3070e+04
4.7370e-01 2.3913e+04
4.8890e-01 2.4777e+04
5.0430e-01 2.5658e+04
5.2010e-01 2.6550e+04
5.3600e-01 2.7437e+04
5.5220e-01 2.8337e+04
5.6850e-01 2.9212e+04
5.8480e-01 3.0084e+04
6.0110e-01 3.0938e+04
6.1730e-01 3.1762e+04
6.3340e-01 3.2554e+04
6.4930e-01 3.3305e+04
6.6500e-01 3.4025e+04
6.8040e-01 3.4693e+04
6.9550e-01 3.5306e+04
7.1020e-01 3.5864e+04
7.2460e-01 3.6378e+04
7.3830e-01 3.6799e+04
7.5200e-01 3.7185e+04
7.6510e-01 3.7498e+04
7.7790e-01 3.7766e+04
7.9020e-01 3.7981e+04
8.0210e-01 3.8114e+04
8.1380e-01 3.8233e+04
8.2490e-01 3.8267e+04
8.3550e-01 3.8247e+04
8.4570e-01 3.8164e+04
8.5550e-01 3.8029e+04
8.6490e-01 3.7837e+04
8.7340e-01 3.7549e+04
8.8210e-01 3.7289e+04
8.9050e-01 3.6983e+04
8.9850e-01 3.6644e+04
9.0630e-01 3.6262e+04
9.1370e-01 3.5867e+04
9.2210e-01 3.5521e+04
9.2890e-01 3.5058e+04
9.3540e-01 3.4576e+04
9.4170e-01 3.4070e+04
9.4770e-01 3.3552e+04
9.5350e-01 3.3013e+04
9.5910e-01 3.2436e+04
9.6450e-01 3.1892e+04
9.6970e-01 3.1323e+04
9.7460e-01 3.0729e+04
9.7950e-01 3.0114e+04
9.8410e-01 2.9545e+04
9.8860e-01 2.8952e+04
9.9300e-01 2.8364e+04
9.9720e-01 2.7746e+04
1.0010e+00 2.7158e+04
1.0050e+00 2.6570e+04
1.0090e+00 2.5985e+04
1.0130e+00 2.5370e+04
1.0160e+00 2.4716e+04
1.0190e+00 2.4149e+04
1.0230e+00 2.3563e+04
1.0260e+00 2.3015e+04
1.0300e+00 2.2464e+04
1.0330e+00 2.1917e+04
1.0360e+00 2.1377e+04
1.0390e+00 2.0854e+04
1.0430e+00 2.0322e+04
1.0460e+00 1.9803e+04
1.0490e+00 1.9282e+04
1.0520e+00 1.8793e+04
1.0550e+00 1.8304e+04
1.0580e+00 1.7826e+04
1.0610e+00 1.7351e+04
1.0650e+00 1.6892e+04
1.0680e+00 1.6450e+04
1.0730e+00 1.6007e+04
1.0760e+00 1.5585e+04
1.0800e+00 1.5164e+04
1.0840e+00 1.4746e+04
1.0880e+00 1.4348e+04
1.0920e+00 1.3949e+04
1.0970e+00 1.3563e+04
1.1020e+00 1.3188e+04
1.1070e+00 1.2827e+04
1.1130e+00 1.2462e+04
1.1190e+00 1.2117e+04
1.1220e+00 1.1803e+04
1.1290e+00 1.1469e+04
1.1380e+00 1.1132e+04
1.1470e+00 1.0808e+04
1.1580e+00 1.0492e+04
1.1700e+00 1.0184e+04
1.1840e+00 9.8777e+03
1.2000e+00 9.5710e+03
1.2190e+00 9.2803e+03
1.2400e+00 8.9731e+03
1.2630e+00 8.6783e+03
1.2900e+00 8.3998e+03
1.3200e+00 8.1215e+03
1.3530e+00 7.8395e+03
1.3910e+00 7.5640e+03
1.4330e+00 7.2898e+03
1.4790e+00 7.0189e+03
1.5300e+00 6.7613e+03
1.5860e+00 6.4953e+03
1.6460e+00 6.2304e+03
1.7120e+00 5.9687e+03
1.7840e+00 5.7106e+03
1.8600e+00 5.4554e+03
1.9410e+00 5.2055e+03
2.0280e+00 4.9542e+03
2.1190e+00 4.7136e+03
2.2150e+00 4.4788e+03
2.3150e+00 4.2508e+03
2.4180e+00 4.0291e+03
2.5250e+00 3.8113e+03
2.6360e+00 3.6039e+03
2.7500e+00 3.4012e+03
2.8650e+00 3.2092e+03
2.9830e+00 3.0246e+03
3.1020e+00 2.8464e+03
3.2230e+00 2.6773e+03
3.3450e+00 2.5169e+03
3.4680e+00 2.3656e+03
3.5920e+00 2.2208e+03
3.7190e+00 2.0839e+03
3.8430e+00 1.9566e+03
3.9670e+00 1.8342e+03
4.0910e+00 1.7217e+03
4.2150e+00 1.6140e+03
4.3400e+00 1.5124e+03
4.4630e+00 1.4205e+03
4.5880e+00 1.3317e+03
4.7120e+00 1.2488e+03
4.8370e+00 1.1718e+03
4.9620e+00 1.0991e+03
5.0870e+00 1.0309e+03
5.2140e+00 9.6754e+02
5.3410e+00 9.0839e+02
5.4680e+00 8.5358e+02
5.5970e+00 8.0153e+02
5.7260e+00 7.5357e+02
5.8570e+00 7.0866e+02
5.9910e+00 6.6614e+02
6.1250e+00 6.2686e+02
6.2610e+00 5.9028e+02
6.4000e+00 5.5575e+02
6.5400e+00 5.2333e+02
6.6840e+00 4.9327e+02
6.8300e+00 4.6485e+02
6.9790e+00 4.3843e+02
7.1310e+00 4.1330e+02
7.2870e+00 3.9008e+02
7.4460e+00 3.6805e+02
7.6090e+00 3.4739e+02
7.7730e+00 3.2876e+02
7.9440e+00 3.1043e+02
8.1190e+00 2.9324e+02
8.3000e+00 2.7700e+02
8.4850e+00 2.6172e+02
8.6770e+00 2.4673e+02
8.8720e+00 2.3323e+02
9.0730e+00 2.2050e+02
9.2800e+00 2.0848e+02
9.4920e+00 1.9710e+02
9.7100e+00 1.8650e+02
9.9350e+00 1.7642e+02
1.0170e+01 1.6686e+02
1.0410e+01 1.5779e+02
1.0650e+01 1.4936e+02
1.0900e+01 1.4138e+02
1.1160e+01 1.3381e+02
1.1430e+01 1.2659e+02
1.1710e+01 1.1978e+02
1.2000e+01 1.1334e+02
1.2290e+01 1.0728e+02
1.2590e+01 1.0154e+02
1.2910e+01 9.6112e+01
1.3230e+01 9.0837e+01
1.3570e+01 8.5991e+01
1.3910e+01 8.1424e+01
1.4270e+01 7.7084e+01
1.4640e+01 7.2975e+01
1.5010e+01 6.9100e+01
1.5400e+01 6.5432e+01
1.5810e+01 6.1971e+01
1.6230e+01 5.8686e+01
1.6660e+01 5.5583e+01
1.7110e+01 5.2644e+01
1.7570e+01 4.9836e+01
1.8040e+01 4.7261e+01
1.8540e+01 4.4754e+01
1.9050e+01 4.2390e+01
1.9580e+01 4.0137e+01
2.0130e+01 3.8057e+01
2.0690e+01 3.6056e+01
2.1280e+01 3.4144e+01
2.1890e+01 3.2351e+01
2.2510e+01 3.0658e+01
2.3170e+01 2.9047e+01
2.3840e+01 2.7533e+01
2.4550e+01 2.6076e+01
2.5270e+01 2.4709e+01
2.6030e+01 2.3421e+01
2.6810e+01 2.2206e+01
2.7620e+01 2.1046e+01
2.8470e+01 1.9949e+01
2.9350e+01 1.8916e+01
3.0260e+01 1.7929e+01
3.1210e+01 1.7008e+01
3.2190e+01 1.6126e+01
3.3220e+01 1.5292e+01
3.4290e+01 1.4503e+01
3.5400e+01 1.3751e+01
3.6550e+01 1.3046e+01
3.7760e+01 1.2380e+01
3.9010e+01 1.1741e+01
4.0320e+01 1.1142e+01
4.1690e+01 1.0572e+01
4.3110e+01 1.0031e+01
4.4600e+01 9.5202e+00
4.6150e+01 9.0341e+00
4.7780e+01 8.5732e+00
4.9470e+01 8.1382e+00
5.1250e+01 7.7229e+00
5.3110e+01 7.3303e+00
5.5050e+01 6.9612e+00
5.7080e+01 6.6081e+00
5.9220e+01 6.2754e+00
6.1450e+01 5.9558e+00
6.3800e+01 5.6528e+00
6.6260e+01 5.3686e+00
6.8850e+01 5.0966e+00
7.1560e+01 4.8409e+00
7.4430e+01 4.5956e+00
7.7430e+01 4.3658e+00
8.0610e+01 4.1428e+00
