4.9720e-02 7.0932e+07
5.0090e-02 6.9715e+07
5.0460e-02 6.8487e+07
5.0850e-02 6.7277e+07
5.1240e-02 6.6107e+07
5.1640e-02 6.4977e+07
5.2060e-02 6.3883e+07
5.2480e-02 6.2800e+07
5.2920e-02 6.1738e+07
5.3360e-02 6.0736e+07
5.3820e-02 5.9709e+07
5.4300e-02 5.8707e+07
5.4780e-02 5.7745e+07
5.5280e-02 5.6828e+07
5.5800e-02 5.5897e+07
5.6330e-02 5.5013e+07
5.6870e-02 5.4141e+07
5.7440e-02 5.3330e+07
5.8010e-02 5.2482e+07
5.8610e-02 5.1715e+07
5.9220e-02 5.0945e+07
5.9850e-02 5.0181e+07
6.0500e-02 4.9438e+07
6.1170e-02 4.8731e+07
6.1860e-02 4.8026e+07
6.2560e-02 4.7355e+07
6.3290e-02 4.6689e+07
6.4040e-02 4.6069e+07
6.4800e-02 4.5447e+07
6.5590e-02 4.4844e+07
6.6400e-02 4.4232e+07
6.7230e-02 4.3663e+07
6.8080e-02 4.3087e+07
6.8950e-02 4.2561e+07
6.9850e-02 4.2005e+07
7.0760e-02 4.1482e+07
7.1700e-02 4.0991e+07
7.2660e-02 4.0472e+07
7.3640e-02 3.9994e+07
7.4640e-02 3.9514e+07
7.5670e-02 3.9032e+07
7.6720e-02 3.8572e+07
7.7780e-02 3.8124e+07
7.8880e-02 3.7689e+07
7.9990e-02 3.7247e+07
8.1130e-02 3.6812e+07
8.2290e-02 3.6423e+07
8.3470e-02 3.6009e+07
8.4670e-02 3.5619e+07
8.5900e-02 3.5198e+07
8.7140e-02 3.4812e+07
8.8410e-02 3.4418e+07
8.9690e-02 3.4039e+07
9.0990e-02 3.3662e+07
9.2320e-02 3.3288e+07
9.3660e-02 3.2919e+07
9.5020e-02 3.2563e+07
9.6390e-02 3.2193e+07
9.7780e-02 3.1854e+07
9.9180e-02 3.1477e+07
1.0060e-01 3.1138e+07
1.0200e-01 3.0786e+07
1.0350e-01 3.0442e+07
1.0490e-01 3.0086e+07
1.0630e-01 2.9755e+07
1.0780e-01 2.9412e+07
1.0920e-01 2.9059e+07
1.1070e-01 2.8710e+07
1.1210e-01 2.8370e+07
1.1360e-01 2.8018e+07
1.1500e-01 2.7677e+07
1.1650e-01 2.7323e+07
1.1790e-01 2.6978e+07
1.1930e-01 2.6646e+07
1.2070e-01 2.6276e+07
1.2210e-01 2.5938e+07
1.2350e-01 2.5552e+07
1.2490e-01 2.5216e+07
1.2630e-01 2.4856e+07
1.2760e-01 2.4486e+07
1.2900e-01 2.4114e+07
1.3030e-01 2.3755e+07
1.3160e-01 2.3393e+07
1.3290e-01 2.3012e+07
1.3420e-01 2.2645e+07
1.3550e-01 2.2260e+07
1.3670e-01 2.1902e+07
1.3800e-01 2.1528e+07
1.3920e-01 2.1150e+07
1.4050e-01 2.0783e+07
1.4180e-01 2.0411e+07
1.4300e-01 2.0048e+07
1.4420e-01 1.9678e+07
1.4550e-01 1.9315e+07
1.4680e-01 1.8959e+07
1.4800e-01 1.8598e+07
1.4930e-01 1.8246e+07
1.5060e-01 1.7904e+07
1.5190e-01 1.7560e+07
1.5320e-01 1.7223e+07
1.5450e-01 1.6885e+07
1.5590e-01 1.6556e+07
1.5730e-01 1.6236e+07
1.5870e-01 1.5920e+07
1.6010e-01 1.5606e+07
1.6160e-01 1.5304e+07
1.6310e-01 1.5001e+07
1.6460e-01 1.4712e+07
1.6610e-01 1.4424e+07
1.6770e-01 1.4142e+07
1.6940e-01 1.3872e+07
1.7100e-01 1.3602e+07
1.7280e-01 1.3342e+07
1.7450e-01 1.3088e+07
1.7630e-01 1.2837e+07
1.7820e-01 1.2594e+07
1.8010e-01 1.2357e+07
1.8200e-01 1.2125e+07
1.8410e-01 1.1907e+07
1.8610e-01 1.1688e+07
1.8820e-01 1.1471e+07
1.9040e-01 1.1261e+07
1.9260e-01 1.1057e+07
1.9480e-01 1.0858e+07
1.9720e-01 1.0663e+07
1.9960e-01 1.0472e+07
2.0200e-01 1.0286e+07
2.0460e-01 1.0105e+07
2.0720e-01 9.9262e+06
2.0980e-01 9.7534e+06
2.1260e-01 9.5861e+06
2.1540e-01 9.4181e+06
2.1830e-01 9.2591e+06
2.2130e-01 9.1010e+06
2.2440e-01 8.9468e+06
2.2760e-01 8.7948e+06
2.3090e-01 8.6483e+06
2.3440e-01 8.5031e+06
2.3790e-01 8.3621e+06
2.4160e-01 8.2248e+06
2.4540e-01 8.0902e+06
2.4940e-01 7.9560e+06
2.5350e-01 7.8316e+06
2.5790e-01 7.7047e+06
2.6240e-01 7.5841e+06
2.6720e-01 7.4664e+06
2.7220e-01 7.3529e+06
2.7740e-01 7.2407e+06
2.8300e-01 7.1331e+06
2.8880e-01 7.0329e+06
2.9500e-01 6.9321e+06
3.0150e-01 6.8319e+06
3.0850e-01 6.7388e+06
3.1580e-01 6.6525e+06
3.2370e-01 6.5681e+06
3.3190e-01 6.4879e+06
3.4070e-01 6.4095e+06
3.5000e-01 6.3345e+06
3.5990e-01 6.2687e+06
3.7030e-01 6.2058e+06
3.8130e-01 6.1436e+06
3.9280e-01 6.0887e+06
4.0500e-01 6.0351e+06
4.1770e-01 5.9868e+06
4.3090e-01 5.9432e+06
4.4470e-01 5.9005e+06
4.5900e-01 5.8616e+06
4.7370e-01 5.8281e+06
4.8890e-01 5.7957e+06
5.0430e-01 5.7668e+06
5.2010e-01 5.7383e+06
5.3600e-01 5.7098e+06
5.5220e-01 5.6879e+06
5.6850e-01 5.6595e+06
5.8480e-01 5.6339e+06
6.0110e-01 5.6081e+06
6.1730e-01 5.5821e+06
6.3340e-01 5.5561e+06
6.4930e-01 5.5287e+06
6.6500e-01 5.4979e+06
6.8040e-01 5.4697e+06
6.9550e-01 5.4349e+06
7.1020e-01 5.3978e+06
7.2460e-01 5.3616e+06
7.3830e-01 5.3161e+06
7.5200e-01 5.2753e+06
7.6510e-01 5.2260e+06
7.7790e-01 5.1770e+06
7.9020e-01 5.1275e+06
8.0210e-01 5.0689e+06
8.1380e-01 5.0166e+06
8.2490e-01 4.9565e+06
8.3550e-01 4.8954e+06
8.4570e-01 4.8314e+06
8.5550e-01 4.7615e+06
8.6490e-01 4.6942e+06
8.7340e-01 4.6186e+06
8.8210e-01 4.5469e+06
8.9050e-01 4.4733e+06
8.9850e-01 4.4000e+06
9.0630e-01 4.3252e+06
9.1370e-01 4.2515e+06
9.2210e-01 4.1843e+06
9.2890e-01 4.1054e+06
9.3540e-01 4.0304e+06
9.4170e-01 3.9519e+06
9.4770e-01 3.8737e+06
9.5350e-01 3.7953e+06
9.5910e-01 3.7171e+06
9.6450e-01 3.6394e+06
9.6970e-01 3.5631e+06
9.7460e-01 3.4850e+06
9.7950e-01 3.4079e+06
9.8410e-01 3.3363e+06
9.8860e-01 3.2596e+06
9.9300e-01 3.1866e+06
9.9720e-01 3.1108e+06
1.0010e+00 3.0388e+06
1.0050e+00 2.9696e+06
1.0090e+00 2.8984e+06
1.0130e+00 2.8269e+06
1.0160e+00 2.7538e+06
1.0190e+00 2.6877e+06
1.0230e+00 2.6220e+06
1.0260e+00 2.5584e+06
1.0300e+00 2.4946e+06
1.0330e+00 2.4336e+06
1.0360e+00 2.3712e+06
1.0390e+00 2.3130e+06
1.0430e+00 2.2538e+06
1.0460e+00 2.1960e+06
1.0490e+00 2.1401e+06
1.0520e+00 2.0856e+06
1.0550e+00 2.0330e+06
1.0580e+00 1.9798e+06
1.0610e+00 1.9286e+06
1.0650e+00 1.8792e+06
1.0680e+00 1.8315e+06
1.0730e+00 1.7837e+06
1.0760e+00 1.7381e+06
1.0800e+00 1.6926e+06
1.0840e+00 1.6488e+06
1.0880e+00 1.6057e+06
1.0920e+00 1.5638e+06
1.0970e+00 1.5231e+06
1.1020e+00 1.4849e+06
1.1070e+00 1.4467e+06
1.1130e+00 1.4105e+06
1.1190e+00 1.3740e+06
1.1220e+00 1.3430e+06
1.1290e+00 1.3097e+06
1.1380e+00 1.2769e+06
1.1470e+00 1.2453e+06
1.1580e+00 1.2153e+06
1.1700e+00 1.1870e+06
1.1840e+00 1.1585e+06
1.2000e+00 1.1316e+06
1.2190e+00 1.1061e+06
1.2400e+00 1.0801e+06
1.2630e+00 1.0560e+06
1.2900e+00 1.0341e+06
1.3200e+00 1.0134e+06
1.3530e+00 9.9308e+05
1.3910e+00 9.7474e+05
1.4330e+00 9.5677e+05
1.4790e+00 9.3992e+05
1.5300e+00 9.2538e+05
1.5860e+00 9.1121e+05
1.6460e+00 8.9709e+05
1.7120e+00 8.8384e+05
1.7840e+00 8.7210e+05
1.8600e+00 8.6029e+05
1.9410e+00 8.4992e+05
2.0280e+00 8.3896e+05
2.1190e+00 8.2970e+05
2.2150e+00 8.2054e+05
2.3150e+00 8.1193e+05
2.4180e+00 8.0388e+05
2.5250e+00 7.9556e+05
2.6360e+00 7.8793e+05
2.7500e+00 7.8006e+05
2.8650e+00 7.7253e+05
2.9830e+00 7.6491e+05
3.1020e+00 7.5710e+05
3.2230e+00 7.4938e+05
3.3450e+00 7.4177e+05
3.4680e+00 7.3428e+05
3.5920e+00 7.2634e+05
3.7190e+00 7.1797e+05
3.8430e+00 7.1003e+05
3.9670e+00 7.0157e+05
4.0910e+00 6.9360e+05
4.2150e+00 6.8481e+05
4.3400e+00 6.7588e+05
4.4630e+00 6.6755e+05
4.5880e+00 6.5888e+05
4.7120e+00 6.4984e+05
4.8370e+00 6.4086e+05
4.9620e+00 6.3187e+05
5.0870e+00 6.2240e+05
5.2140e+00 6.1361e+05
5.3410e+00 6.0462e+05
5.4680e+00 5.9608e+05
5.5970e+00 5.8655e+05
5.7260e+00 5.7779e+05
5.8570e+00 5.6899e+05
5.9910e+00 5.6014e+05
6.1250e+00 5.5164e+05
6.2610e+00 5.4293e+05
6.4000e+00 5.3446e+05
6.5400e+00 5.2589e+05
6.6840e+00 5.1786e+05
6.8300e+00 5.0947e+05
6.9790e+00 5.0146e+05
7.1310e+00 4.9359e+05
7.2870e+00 4.8574e+05
7.4460e+00 4.7807e+05
7.6090e+00 4.7045e+05
7.7730e+00 4.6325e+05
7.9440e+00 4.5592e+05
8.1190e+00 4.4871e+05
8.3000e+00 4.4178e+05
8.4850e+00 4.3510e+05
8.6770e+00 4.2830e+05
8.8720e+00 4.2158e+05
9.0730e+00 4.1528e+05
9.2800e+00 4.0891e+05
9.4920e+00 4.0285e+05
9.7100e+00 3.9696e+05
9.9350e+00 3.9110e+05
1.0170e+01 3.8532e+05
1.0410e+01 3.7974e+05
1.0650e+01 3.7428e+05
1.0900e+01 3.6905e+05
1.1160e+01 3.6385e+05
1.1430e+01 3.5875e+05
1.1710e+01 3.5378e+05
1.2000e+01 3.4892e+05
1.2290e+01 3.4426e+05
1.2590e+01 3.3975e+05
1.2910e+01 3.3528e+05
1.3230e+01 3.3081e+05
1.3570e+01 3.2663e+05
1.3910e+01 3.2246e+05
1.4270e+01 3.1848e+05
1.4640e+01 3.1451e+05
1.5010e+01 3.1064e+05
1.5400e+01 3.0700e+05
1.5810e+01 3.0338e+05
1.6230e+01 2.9981e+05
1.6660e+01 2.9631e+05
1.7110e+01 2.9307e+05
1.7570e+01 2.8964e+05
1.8040e+01 2.8665e+05
1.8540e+01 2.8352e+05
1.9050e+01 2.8051e+05
1.9580e+01 2.7744e+05
2.0130e+01 2.7473e+05
2.0690e+01 2.7198e+05
2.1280e+01 2.6909e+05
2.1890e+01 2.6647e+05
2.2510e+01 2.6398e+05
2.3170e+01 2.6138e+05
2.3840e+01 2.5904e+05
2.4550e+01 2.5668e+05
2.5270e+01 2.5430e+05
2.6030e+01 2.5190e+05
2.6810e+01 2.4972e+05
2.7620e+01 2.4745e+05
2.8470e+01 2.4529e+05
2.9350e+01 2.4313e+05
3.0260e+01 2.4099e+05
3.1210e+01 2.3901e+05
3.2190e+01 2.3689e+05
3.3220e+01 2.3487e+05
3.4290e+01 2.3275e+05
3.5400e+01 2.3069e+05
3.6550e+01 2.2874e+05
3.7760e+01 2.2675e+05
3.9010e+01 2.2470e+05
4.0320e+01 2.2269e+05
4.1690e+01 2.2071e+05
4.3110e+01 2.1862e+05
4.4600e+01 2.1656e+05
4.6150e+01 2.1446e+05
4.7780e+01 2.1235e+05
4.9470e+01 2.1016e+05
5.1250e+01 2.0797e+05
5.3110e+01 2.0579e+05
5.5050e+01 2.0352e+05
5.7080e+01 2.0122e+05
5.9220e+01 1.9890e+05
6.1450e+01 1.9649e+05
6.3800e+01 1.9398e+05
6.6260e+01 1.9149e+05
6.8850e+01 1.8893e+05
7.1560e+01 1.8633e+05
7.4430e+01 1.8363e+05
7.7430e+01 1.8094e+05
8.0610e+01 1.7813e+05
