4.9720e-02 1.4993e+01
5.0090e-02 1.4742e+01
5.0460e-02 1.4486e+01
5.0850e-02 1.4236e+01
5.1240e-02 1.3994e+01
5.1640e-02 1.3764e+01
5.2060e-02 1.3537e+01
5.2480e-02 1.3313e+01
5.2920e-02 1.3096e+01
5.3360e-02 1.2889e+01
5.3820e-02 1.2679e+01
5.4300e-02 1.2475e+01
5.4780e-02 1.2277e+01
5.5280e-02 1.2092e+01
5.5800e-02 1.1902e+01
5.6330e-02 1.1724e+01
5.6870e-02 1.1550e+01
5.7440e-02 1.1388e+01
5.8010e-02 1.1220e+01
5.8610e-02 1.1069e+01
5.9220e-02 1.0918e+01
5.9850e-02 1.0769e+01
6.0500e-02 1.0626e+01
6.1170e-02 1.0490e+01
6.1860e-02 1.0356e+01
6.2560e-02 1.0230e+01
6.3290e-02 1.0107e+01
6.4040e-02 9.9954e+00
6.4800e-02 9.8826e+00
6.5590e-02 9.7741e+00
6.6400e-02 9.6658e+00
6.7230e-02 9.5657e+00
6.8080e-02 9.4661e+00
6.8950e-02 9.3795e+00
6.9850e-02 9.2858e+00
7.0760e-02 9.1992e+00
7.1700e-02 9.1211e+00
7.2660e-02 9.0386e+00
7.3640e-02 8.9638e+00
7.4640e-02 8.8915e+00
7.5670e-02 8.8157e+00
7.6720e-02 8.7520e+00
7.7780e-02 8.6873e+00
7.8880e-02 8.6245e+00
7.9990e-02 8.5569e+00
8.1130e-02 8.4994e+00
8.2290e-02 8.5085e+00
8.3470e-02 8.4480e+00
8.4670e-02 8.3992e+00
8.5900e-02 8.3416e+00
8.7140e-02 8.2960e+00
8.8410e-02 8.2399e+00
8.9690e-02 8.1912e+00
9.0990e-02 8.1500e+00
9.2320e-02 8.0977e+00
9.3660e-02 8.0532e+00
9.5020e-02 8.0024e+00
9.6390e-02 7.9531e+00
9.7780e-02 7.9099e+00
9.9180e-02 7.8558e+00
1.0060e-01 7.8097e+00
1.0200e-01 7.7575e+00
1.0350e-01 7.7072e+00
1.0490e-01 7.6514e+00
1.0630e-01 7.6018e+00
1.0780e-01 7.5483e+00
1.0920e-01 7.4840e+00
1.1070e-01 7.4264e+00
1.1210e-01 7.3645e+00
1.1360e-01 7.2988e+00
1.1500e-01 7.2362e+00
1.1650e-01 7.1646e+00
1.1790e-01 7.0989e+00
1.1930e-01 7.0314e+00
1.2070e-01 6.9542e+00
1.2210e-01 6.8902e+00
1.2350e-01 6.8069e+00
1.2490e-01 6.7427e+00
1.2630e-01 6.6702e+00
1.2760e-01 6.6000e+00
1.2900e-01 6.5273e+00
1.3030e-01 6.4580e+00
1.3160e-01 6.3954e+00
1.3290e-01 6.3297e+00
1.3420e-01 6.2711e+00
1.3550e-01 6.2130e+00
1.3670e-01 6.1675e+00
1.3800e-01 6.1227e+00
1.3920e-01 6.0811e+00
1.4050e-01 6.0470e+00
1.4180e-01 6.0207e+00
1.4300e-01 6.0035e+00
1.4420e-01 5.9932e+00
1.4550e-01 5.9918e+00
1.4680e-01 5.9992e+00
1.4800e-01 6.0151e+00
1.4930e-01 6.0443e+00
1.5060e-01 6.0861e+00
1.5190e-01 6.1369e+00
1.5320e-01 6.2021e+00
1.5450e-01 6.2773e+00
1.5590e-01 6.3676e+00
1.5730e-01 6.4733e+00
1.5870e-01 6.5926e+00
1.6010e-01 6.7276e+00
1.6160e-01 6.8807e+00
1.6310e-01 7.0492e+00
1.6460e-01 7.2383e+00
1.6610e-01 7.4441e+00
1.6770e-01 7.6690e+00
1.6940e-01 7.9174e+00
1.7100e-01 8.1846e+00
1.7280e-01 8.4767e+00
1.7450e-01 8.7899e+00
1.7630e-01 9.1273e+00
1.7820e-01 9.4886e+00
1.8010e-01 9.8783e+00
1.8200e-01 1.0294e+01
1.8410e-01 1.0756e+01
1.8610e-01 1.1231e+01
1.8820e-01 1.1733e+01
1.9040e-01 1.2267e+01
1.9260e-01 1.2834e+01
1.9480e-01 1.3437e+01
1.9720e-01 1.4070e+01
1.9960e-01 1.4738e+01
2.0200e-01 1.5444e+01
2.0460e-01 1.6194e+01
2.0720e-01 1.6966e+01
2.0980e-01 1.7787e+01
2.1260e-01 1.8653e+01
2.1540e-01 1.9564e+01
2.1830e-01 2.0496e+01
2.2130e-01 2.1487e+01
2.2440e-01 2.2530e+01
2.2760e-01 2.3628e+01
2.3090e-01 2.4769e+01
2.3440e-01 2.5963e+01
2.3790e-01 2.7214e+01
2.4160e-01 2.8522e+01
2.4540e-01 2.9899e+01
2.4940e-01 3.1322e+01
2.5350e-01 3.2845e+01
2.5790e-01 3.4416e+01
2.6240e-01 3.6076e+01
2.6720e-01 3.7817e+01
2.7220e-01 3.9667e+01
2.7740e-01 4.1585e+01
2.8300e-01 4.3625e+01
2.8880e-01 4.5790e+01
2.9500e-01 4.8049e+01
3.0150e-01 5.0417e+01
3.0850e-01 5.2933e+01
3.1580e-01 5.5615e+01
3.2370e-01 5.8427e+01
3.3190e-01 6.1400e+01
3.4070e-01 6.4512e+01
3.5000e-01 6.7778e+01
3.5990e-01 7.1289e+01
3.7030e-01 7.4926e+01
3.8130e-01 7.8683e+01
3.9280e-01 8.2641e+01
4.0500e-01 8.6782e+01
4.1770e-01 9.1021e+01
4.3090e-01 9.5489e+01
4.4470e-01 1.0006e+02
4.5900e-01 1.0478e+02
4.7370e-01 1.0962e+02
4.8890e-01 1.1446e+02
5.0430e-01 1.1945e+02
5.2010e-01 1.2443e+02
5.3600e-01 1.2939e+02
5.5220e-01 1.3438e+02
5.6850e-01 1.3930e+02
5.8480e-01 1.4420e+02
6.0110e-01 1.4898e+02
6.1730e-01 1.5363e+02
6.3340e-01 1.5810e+02
6.4930e-01 1.6242e+02
6.6500e-01 1.6661e+02
6.8040e-01 1.7056e+02
6.9550e-01 1.7426e+02
7.1020e-01 1.7765e+02
7.2460e-01 1.8087e+02
7.3830e-01 1.8362e+02
7.5200e-01 1.8626e+02
7.6510e-01 1.8857e+02
7.7790e-01 1.9063e+02
7.9020e-01 1.9247e+02
8.0210e-01 1.9390e+02
8.1380e-01 1.9528e+02
8.2490e-01 1.9621e+02
8.3550e-01 1.9691e+02
8.4570e-01 1.9731e+02
8.5550e-01 1.9741e+02
8.6490e-01 1.9726e+02
8.7340e-01 1.9655e+02
8.8210e-01 1.9603e+02
8.9050e-01 1.9526e+02
8.9850e-01 1.9434e+02
9.0630e-01 1.9317e+02
9.1370e-01 1.9195e+02
9.2210e-01 1.9090e+02
9.2890e-01 1.8929e+02
9.3540e-01 1.8755e+02
9.4170e-01 1.8570e+02
9.4770e-01 1.8371e+02
9.5350e-01 1.8162e+02
9.5910e-01 1.7942e+02
9.6450e-01 1.7712e+02
9.6970e-01 1.7483e+02
9.7460e-01 1.7246e+02
9.7950e-01 1.6990e+02
9.8410e-01 1.6756e+02
9.8860e-01 1.6501e+02
9.9300e-01 1.6242e+02
9.9720e-01 1.5975e+02
1.0010e+00 1.5721e+02
1.0050e+00 1.5460e+02
1.0090e+00 1.5197e+02
1.0130e+00 1.4925e+02
1.0160e+00 1.4622e+02
1.0190e+00 1.4371e+02
1.0230e+00 1.4102e+02
1.0260e+00 1.3850e+02
1.0300e+00 1.3594e+02
1.0330e+00 1.3349e+02
1.0360e+00 1.3092e+02
1.0390e+00 1.2853e+02
1.0430e+00 1.2604e+02
1.0460e+00 1.2361e+02
1.0490e+00 1.2124e+02
1.0520e+00 1.1893e+02
1.0550e+00 1.1669e+02
1.0580e+00 1.1438e+02
1.0610e+00 1.1217e+02
1.0650e+00 1.1003e+02
1.0680e+00 1.0796e+02
1.0730e+00 1.0592e+02
1.0760e+00 1.0393e+02
1.0800e+00 1.0192e+02
1.0840e+00 1.0000e+02
1.0880e+00 9.8089e+01
1.0920e+00 9.6228e+01
1.0970e+00 9.4432e+01
1.1020e+00 9.2688e+01
1.1070e+00 9.0996e+01
1.1130e+00 8.9341e+01
1.1190e+00 8.7704e+01
1.1220e+00 8.6349e+01
1.1290e+00 8.4799e+01
1.1380e+00 8.3273e+01
1.1470e+00 8.1796e+01
1.1580e+00 8.0337e+01
1.1700e+00 7.8954e+01
1.1840e+00 7.7541e+01
1.2000e+00 7.6146e+01
1.2190e+00 7.4806e+01
1.2400e+00 7.3351e+01
1.2630e+00 7.1994e+01
1.2900e+00 7.0700e+01
1.3200e+00 6.9407e+01
1.3530e+00 6.8104e+01
1.3910e+00 6.6802e+01
1.4330e+00 6.5491e+01
1.4790e+00 6.4182e+01
1.5300e+00 6.2947e+01
1.5860e+00 6.1628e+01
1.6460e+00 6.0289e+01
1.7120e+00 5.8938e+01
1.7840e+00 5.7593e+01
1.8600e+00 5.6228e+01
1.9410e+00 5.4864e+01
2.0280e+00 5.3472e+01
2.1190e+00 5.2098e+01
2.2150e+00 5.0734e+01
2.3150e+00 4.9377e+01
2.4180e+00 4.8034e+01
2.5250e+00 4.6655e+01
2.6360e+00 4.5334e+01
2.7500e+00 4.3989e+01
2.8650e+00 4.2688e+01
2.9830e+00 4.1416e+01
3.1020e+00 4.0132e+01
3.2230e+00 3.8883e+01
3.3450e+00 3.7677e+01
3.4680e+00 3.6508e+01
3.5920e+00 3.5344e+01
3.7190e+00 3.4201e+01
3.8430e+00 3.3131e+01
3.9670e+00 3.2048e+01
4.0910e+00 3.1040e+01
4.2150e+00 3.0023e+01
4.3400e+00 2.9036e+01
4.4630e+00 2.8122e+01
4.5880e+00 2.7204e+01
4.7120e+00 2.6313e+01
4.8370e+00 2.5463e+01
4.9620e+00 2.4627e+01
5.0870e+00 2.3809e+01
5.2140e+00 2.3037e+01
5.3410e+00 2.2283e+01
5.4680e+00 2.1565e+01
5.5970e+00 2.0842e+01
5.7260e+00 2.0163e+01
5.8570e+00 1.9501e+01
5.9910e+00 1.8852e+01
6.1250e+00 1.8235e+01
6.2610e+00 1.7630e+01
6.4000e+00 1.7041e+01
6.5400e+00 1.6472e+01
6.6840e+00 1.5923e+01
6.8300e+00 1.5380e+01
6.9790e+00 1.4864e+01
7.1310e+00 1.4356e+01
7.2870e+00 1.3865e+01
7.4460e+00 1.3385e+01
7.6090e+00 1.2922e+01
7.7730e+00 1.2480e+01
7.9440e+00 1.2045e+01
8.1190e+00 1.1615e+01
8.3000e+00 1.1203e+01
8.4850e+00 1.0801e+01
8.6770e+00 1.0404e+01
8.8720e+00 1.0022e+01
9.0730e+00 9.6564e+00
9.2800e+00 9.2965e+00
9.4920e+00 8.9499e+00
9.7100e+00 8.6141e+00
9.9350e+00 8.2871e+00
1.0170e+01 7.9695e+00
1.0410e+01 7.6608e+00
1.0650e+01 7.3621e+00
1.0900e+01 7.0742e+00
1.1160e+01 6.7926e+00
1.1430e+01 6.5212e+00
1.1710e+01 6.2555e+00
1.2000e+01 6.0010e+00
1.2290e+01 5.7544e+00
1.2590e+01 5.5147e+00
1.2910e+01 5.2830e+00
1.3230e+01 5.0564e+00
1.3570e+01 4.8401e+00
1.3910e+01 4.6323e+00
1.4270e+01 4.4298e+00
1.4640e+01 4.2349e+00
1.5010e+01 4.0466e+00
1.5400e+01 3.8657e+00
1.5810e+01 3.6910e+00
1.6230e+01 3.5225e+00
1.6660e+01 3.3603e+00
1.7110e+01 3.2052e+00
1.7570e+01 3.0532e+00
1.8040e+01 2.9117e+00
1.8540e+01 2.7718e+00
1.9050e+01 2.6387e+00
1.9580e+01 2.5088e+00
2.0130e+01 2.3868e+00
2.0690e+01 2.2693e+00
2.1280e+01 2.1548e+00
2.1890e+01 2.0467e+00
2.2510e+01 1.9436e+00
2.3170e+01 1.8432e+00
2.3840e+01 1.7493e+00
2.4550e+01 1.6581e+00
2.5270e+01 1.5709e+00
2.6030e+01 1.4873e+00
2.6810e+01 1.4085e+00
2.7620e+01 1.3323e+00
2.8470e+01 1.2597e+00
2.9350e+01 1.1910e+00
3.0260e+01 1.1254e+00
3.1210e+01 1.0632e+00
3.2190e+01 1.0032e+00
3.3220e+01 9.4703e-01
3.4290e+01 8.9249e-01
3.5400e+01 8.4120e-01
3.6550e+01 7.9284e-01
3.7760e+01 7.4664e-01
3.9010e+01 7.0273e-01
4.0320e+01 6.6104e-01
4.1690e+01 6.2178e-01
4.3110e+01 5.8409e-01
4.4600e+01 5.4880e-01
4.6150e+01 5.1512e-01
4.7780e+01 4.8351e-01
4.9470e+01 4.5332e-01
5.1250e+01 4.2506e-01
5.3110e+01 3.9826e-01
5.5050e+01 3.7292e-01
5.7080e+01 3.4898e-01
5.9220e+01 3.2651e-01
6.1450e+01 3.0517e-01
6.3800e+01 2.8500e-01
6.6260e+01 2.6610e-01
6.8850e+01 2.4829e-01
7.1560e+01 2.3152e-01
7.4430e+01 2.1573e-01
7.7430e+01 2.0091e-01
8.0610e+01 1.8694e-01
