4.9720e-02 5.0443e+07
5.0090e-02 4.9317e+07
5.0460e-02 4.8200e+07
5.0850e-02 4.7088e+07
5.1240e-02 4.6034e+07
5.1640e-02 4.5000e+07
5.2060e-02 4.4007e+07
5.2480e-02 4.3015e+07
5.2920e-02 4.2065e+07
5.3360e-02 4.1137e+07
5.3820e-02 4.0203e+07
5.4300e-02 3.9312e+07
5.4780e-02 3.8432e+07
5.5280e-02 3.7591e+07
5.5800e-02 3.6742e+07
5.6330e-02 3.5933e+07
5.6870e-02 3.5142e+07
5.7440e-02 3.4391e+07
5.8010e-02 3.3625e+07
5.8610e-02 3.2912e+07
5.9220e-02 3.2193e+07
5.9850e-02 3.1492e+07
6.0500e-02 3.0814e+07
6.1170e-02 3.0146e+07
6.1860e-02 2.9489e+07
6.2560e-02 2.8867e+07
6.3290e-02 2.8245e+07
6.4040e-02 2.7659e+07
6.4800e-02 2.7074e+07
6.5590e-02 2.6502e+07
6.6400e-02 2.5933e+07
6.7230e-02 2.5391e+07
6.8080e-02 2.4844e+07
6.8950e-02 2.4343e+07
6.9850e-02 2.3817e+07
7.0760e-02 2.3323e+07
7.1700e-02 2.2844e+07
7.2660e-02 2.2359e+07
7.3640e-02 2.1898e+07
7.4640e-02 2.1443e+07
7.5670e-02 2.0981e+07
7.6720e-02 2.0547e+07
7.7780e-02 2.0114e+07
7.8880e-02 1.9703e+07
7.9990e-02 1.9283e+07
8.1130e-02 1.8878e+07
8.2290e-02 1.8495e+07
8.3470e-02 1.8106e+07
8.4670e-02 1.7728e+07
8.5900e-02 1.7349e+07
8.7140e-02 1.6983e+07
8.8410e-02 1.6619e+07
8.9690e-02 1.6273e+07
9.0990e-02 1.5930e+07
9.2320e-02 1.5582e+07
9.3660e-02 1.5251e+07
9.5020e-02 1.4930e+07
9.6390e-02 1.4601e+07
9.7780e-02 1.4299e+07
9.9180e-02 1.3979e+07
1.0060e-01 1.3682e+07
1.0200e-01 1.3381e+07
1.0350e-01 1.3092e+07
1.0490e-01 1.2801e+07
1.0630e-01 1.2527e+07
1.0780e-01 1.2254e+07
1.0920e-01 1.1979e+07
1.1070e-01 1.1712e+07
1.1210e-01 1.1454e+07
1.1360e-01 1.1195e+07
1.1500e-01 1.0947e+07
1.1650e-01 1.0699e+07
1.1790e-01 1.0453e+07
1.1930e-01 1.0221e+07
1.2070e-01 9.9805e+06
1.2210e-01 9.7618e+06
1.2350e-01 9.5228e+06
1.2490e-01 9.3092e+06
1.2630e-01 9.0889e+06
1.2760e-01 8.8711e+06
1.2900e-01 8.6589e+06
1.3030e-01 8.4520e+06
1.3160e-01 8.2524e+06
1.3290e-01 8.0488e+06
1.3420e-01 7.8508e+06
1.3550e-01 7.6534e+06
1.3670e-01 7.4681e+06
1.3800e-01 7.2808e+06
1.3920e-01 7.0952e+06
1.4050e-01 6.9165e+06
1.4180e-01 6.7381e+06
1.4300e-01 6.5659e+06
1.4420e-01 6.3977e+06
1.4550e-01 6.2301e+06
1.4680e-01 6.0670e+06
1.4800e-01 5.9057e+06
1.4930e-01 5.7490e+06
1.5060e-01 5.5970e+06
1.5190e-01 5.4499e+06
1.5320e-01 5.3033e+06
1.5450e-01 5.1595e+06
1.5590e-01 5.0192e+06
1.5730e-01 4.8836e+06
1.5870e-01 4.7481e+06
1.6010e-01 4.6183e+06
1.6160e-01 4.4927e+06
1.6310e-01 4.3667e+06
1.6460e-01 4.2479e+06
1.6610e-01 4.1291e+06
1.6770e-01 4.0156e+06
1.6940e-01 3.9045e+06
1.7100e-01 3.7952e+06
1.7280e-01 3.6898e+06
1.7450e-01 3.5874e+06
1.7630e-01 3.4871e+06
1.7820e-01 3.3885e+06
1.8010e-01 3.2945e+06
1.8200e-01 3.2015e+06
1.8410e-01 3.1129e+06
1.8610e-01 3.0273e+06
1.8820e-01 2.9418e+06
1.9040e-01 2.8594e+06
1.9260e-01 2.7793e+06
1.9480e-01 2.7021e+06
1.9720e-01 2.6253e+06
1.9960e-01 2.5521e+06
2.0200e-01 2.4810e+06
2.0460e-01 2.4123e+06
2.0720e-01 2.3440e+06
2.0980e-01 2.2792e+06
2.1260e-01 2.2165e+06
2.1540e-01 2.1538e+06
2.1830e-01 2.0951e+06
2.2130e-01 2.0374e+06
2.2440e-01 1.9816e+06
2.2760e-01 1.9260e+06
2.3090e-01 1.8736e+06
2.3440e-01 1.8222e+06
2.3790e-01 1.7738e+06
2.4160e-01 1.7257e+06
2.4540e-01 1.6797e+06
2.4940e-01 1.6337e+06
2.5350e-01 1.5924e+06
2.5790e-01 1.5501e+06
2.6240e-01 1.5106e+06
2.6720e-01 1.4723e+06
2.7220e-01 1.4363e+06
2.7740e-01 1.4008e+06
2.8300e-01 1.3684e+06
2.8880e-01 1.3377e+06
2.9500e-01 1.3073e+06
3.0150e-01 1.2789e+06
3.0850e-01 1.2528e+06
3.1580e-01 1.2289e+06
3.2370e-01 1.2070e+06
3.3190e-01 1.1866e+06
3.4070e-01 1.1674e+06
3.5000e-01 1.1510e+06
3.5990e-01 1.1367e+06
3.7030e-01 1.1242e+06
3.8130e-01 1.1131e+06
3.9280e-01 1.1045e+06
4.0500e-01 1.0973e+06
4.1770e-01 1.0926e+06
4.3090e-01 1.0899e+06
4.4470e-01 1.0882e+06
4.5900e-01 1.0889e+06
4.7370e-01 1.0908e+06
4.8890e-01 1.0939e+06
5.0430e-01 1.0984e+06
5.2010e-01 1.1040e+06
5.3600e-01 1.1106e+06
5.5220e-01 1.1183e+06
5.6850e-01 1.1257e+06
5.8480e-01 1.1345e+06
6.0110e-01 1.1430e+06
6.1730e-01 1.1517e+06
6.3340e-01 1.1600e+06
6.4930e-01 1.1683e+06
6.6500e-01 1.1766e+06
6.8040e-01 1.1835e+06
6.9550e-01 1.1904e+06
7.1020e-01 1.1958e+06
7.2460e-01 1.2011e+06
7.3830e-01 1.2041e+06
7.5200e-01 1.2072e+06
7.6510e-01 1.2087e+06
7.7790e-01 1.2094e+06
7.9020e-01 1.2092e+06
8.0210e-01 1.2071e+06
8.1380e-01 1.2051e+06
8.2490e-01 1.2015e+06
8.3550e-01 1.1965e+06
8.4570e-01 1.1904e+06
8.5550e-01 1.1828e+06
8.6490e-01 1.1744e+06
8.7340e-01 1.1634e+06
8.8210e-01 1.1536e+06
8.9050e-01 1.1421e+06
8.9850e-01 1.1305e+06
9.0630e-01 1.1182e+06
9.1370e-01 1.1052e+06
9.2210e-01 1.0947e+06
9.2890e-01 1.0800e+06
9.3540e-01 1.0652e+06
9.4170e-01 1.0499e+06
9.4770e-01 1.0343e+06
9.5350e-01 1.0182e+06
9.5910e-01 1.0016e+06
9.6450e-01 9.8458e+05
9.6970e-01 9.6810e+05
9.7460e-01 9.5114e+05
9.7950e-01 9.3345e+05
9.8410e-01 9.1713e+05
9.8860e-01 8.9972e+05
9.9300e-01 8.8214e+05
9.9720e-01 8.6468e+05
1.0010e+00 8.4756e+05
1.0050e+00 8.3063e+05
1.0090e+00 8.1346e+05
1.0130e+00 7.9609e+05
1.0160e+00 7.7716e+05
1.0190e+00 7.6107e+05
1.0230e+00 7.4409e+05
1.0260e+00 7.2823e+05
1.0300e+00 7.1221e+05
1.0330e+00 6.9667e+05
1.0360e+00 6.8083e+05
1.0390e+00 6.6590e+05
1.0430e+00 6.5056e+05
1.0460e+00 6.3557e+05
1.0490e+00 6.2119e+05
1.0520e+00 6.0697e+05
1.0550e+00 5.9322e+05
1.0580e+00 5.7918e+05
1.0610e+00 5.6567e+05
1.0650e+00 5.5276e+05
1.0680e+00 5.4013e+05
1.0730e+00 5.2783e+05
1.0760e+00 5.1550e+05
1.0800e+00 5.0453e+05
1.0840e+00 4.9300e+05
1.0880e+00 4.8157e+05
1.0920e+00 4.6809e+05
1.0970e+00 4.5895e+05
1.1020e+00 4.4818e+05
1.1070e+00 4.3426e+05
1.1130e+00 4.2910e+05
1.1190e+00 4.1220e+05
1.1220e+00 4.1209e+05
1.1290e+00 4.0368e+05
1.1380e+00 3.9544e+05
1.1470e+00 3.8768e+05
1.1580e+00 3.8030e+05
1.1700e+00 3.7364e+05
1.1840e+00 3.6709e+05
1.2000e+00 3.6089e+05
1.2190e+00 3.5546e+05
1.2400e+00 3.4979e+05
1.2630e+00 3.4501e+05
1.2900e+00 3.4103e+05
1.3200e+00 3.3742e+05
1.3530e+00 3.3432e+05
1.3910e+00 3.3164e+05
1.4330e+00 3.2943e+05
1.4790e+00 3.2774e+05
1.5300e+00 3.2690e+05
1.5860e+00 3.2604e+05
1.6460e+00 3.2554e+05
1.7120e+00 3.2541e+05
1.7840e+00 3.2564e+05
1.8600e+00 3.2612e+05
1.9410e+00 3.2693e+05
2.0280e+00 3.2780e+05
2.1190e+00 3.2893e+05
2.2150e+00 3.3019e+05
2.3150e+00 3.3155e+05
2.4180e+00 3.3294e+05
2.5250e+00 3.3399e+05
2.6360e+00 3.3536e+05
2.7500e+00 3.3633e+05
2.8650e+00 3.3734e+05
2.9830e+00 3.3819e+05
3.1020e+00 3.3864e+05
3.2230e+00 3.3893e+05
3.3450e+00 3.3909e+05
3.4680e+00 3.3912e+05
3.5920e+00 3.3874e+05
3.7190e+00 3.3782e+05
3.8430e+00 3.3794e+05
3.9670e+00 3.3577e+05
4.0910e+00 3.3551e+05
4.2150e+00 3.3368e+05
4.3400e+00 3.3138e+05
4.4630e+00 3.2986e+05
4.5880e+00 3.2787e+05
4.7120e+00 3.2519e+05
4.8370e+00 3.2315e+05
4.9620e+00 3.2036e+05
5.0870e+00 3.1735e+05
5.2140e+00 3.1491e+05
5.3410e+00 3.1197e+05
5.4680e+00 3.0889e+05
5.5970e+00 3.0565e+05
5.7260e+00 3.0273e+05
5.8570e+00 2.9944e+05
5.9910e+00 2.9632e+05
6.1250e+00 2.9305e+05
6.2610e+00 2.8999e+05
6.4000e+00 2.8637e+05
6.5400e+00 2.8324e+05
6.6840e+00 2.7998e+05
6.8300e+00 2.7638e+05
6.9790e+00 2.7315e+05
7.1310e+00 2.6983e+05
7.2870e+00 2.6658e+05
7.4460e+00 2.6327e+05
7.6090e+00 2.6005e+05
7.7730e+00 2.5653e+05
7.9440e+00 2.5339e+05
8.1190e+00 2.5017e+05
8.3000e+00 2.4690e+05
8.4850e+00 2.4381e+05
8.6770e+00 2.4045e+05
8.8720e+00 2.3737e+05
9.0730e+00 2.3425e+05
9.2800e+00 2.3107e+05
9.4920e+00 2.2780e+05
9.7100e+00 2.2477e+05
9.9350e+00 2.2174e+05
1.0170e+01 2.1860e+05
1.0410e+01 2.1549e+05
1.0650e+01 2.1244e+05
1.0900e+01 2.0945e+05
1.1160e+01 2.0647e+05
1.1430e+01 2.0343e+05
1.1710e+01 2.0039e+05
1.2000e+01 1.9743e+05
1.2290e+01 1.9452e+05
1.2590e+01 1.9153e+05
1.2910e+01 1.8857e+05
1.3230e+01 1.8564e+05
1.3570e+01 1.8266e+05
1.3910e+01 1.7977e+05
1.4270e+01 1.7690e+05
1.4640e+01 1.7396e+05
1.5010e+01 1.7111e+05
1.5400e+01 1.6821e+05
1.5810e+01 1.6536e+05
1.6230e+01 1.6243e+05
1.6660e+01 1.5959e+05
1.7110e+01 1.5683e+05
1.7570e+01 1.5393e+05
1.8040e+01 1.5117e+05
1.8540e+01 1.4835e+05
1.9050e+01 1.4560e+05
1.9580e+01 1.4275e+05
2.0130e+01 1.4002e+05
2.0690e+01 1.3729e+05
2.1280e+01 1.3447e+05
2.1890e+01 1.3177e+05
2.2510e+01 1.2909e+05
2.3170e+01 1.2643e+05
2.3840e+01 1.2381e+05
2.4550e+01 1.2114e+05
2.5270e+01 1.1850e+05
2.6030e+01 1.1586e+05
2.6810e+01 1.1332e+05
2.7620e+01 1.1072e+05
2.8470e+01 1.0815e+05
2.9350e+01 1.0565e+05
3.0260e+01 1.0318e+05
3.1210e+01 1.0075e+05
3.2190e+01 9.8287e+04
3.3220e+01 9.5833e+04
3.4290e+01 9.3407e+04
3.5400e+01 9.1070e+04
3.6550e+01 8.8754e+04
3.7760e+01 8.6442e+04
3.9010e+01 8.4155e+04
4.0320e+01 8.1900e+04
4.1690e+01 7.9706e+04
4.3110e+01 7.7488e+04
4.4600e+01 7.5350e+04
4.6150e+01 7.3213e+04
4.7780e+01 7.1134e+04
4.9470e+01 6.9090e+04
5.1250e+01 6.7026e+04
5.3110e+01 6.5062e+04
5.5050e+01 6.3098e+04
5.7080e+01 6.1146e+04
5.9220e+01 5.9255e+04
6.1450e+01 5.7399e+04
6.3800e+01 5.5544e+04
6.6260e+01 5.3755e+04
6.8850e+01 5.2006e+04
7.1560e+01 5.0277e+04
7.4430e+01 4.8581e+04
7.7430e+01 4.6908e+04
8.0610e+01 4.5302e+04
