1.3170e-02 3.1540e+06
1.4620e-02 3.0940e+06
1.6430e-02 3.0476e+06
2.3900e-02 3.7848e+06
2.6820e-02 3.6421e+06
3.0480e-02 3.5189e+06
3.5110e-02 3.4103e+06
4.2600e-02 3.4065e+06
5.0260e-02 3.3212e+06
6.2060e-02 3.3217e+06
7.5250e-02 3.2854e+06
9.2590e-02 3.2946e+06
1.1420e-01 3.3731e+06
1.4280e-01 3.4864e+06
1.7990e-01 3.6929e+06
2.2180e-01 3.9250e+06
2.6940e-01 4.2072e+06
3.2290e-01 4.5560e+06
3.7620e-01 4.8999e+06
4.2950e-01 5.2479e+06
4.8130e-01 5.5766e+06
5.3030e-01 5.8689e+06
5.7690e-01 6.1242e+06
6.1940e-01 6.3050e+06
6.5900e-01 6.4233e+06
6.9600e-01 6.4821e+06
7.3100e-01 6.4854e+06
7.6470e-01 6.4394e+06
7.9760e-01 6.3541e+06
8.3090e-01 6.2423e+06
8.6410e-01 6.0998e+06
8.9850e-01 5.9429e+06
9.3460e-01 5.7735e+06
9.7330e-01 5.6009e+06
1.0150e+00 5.4248e+06
1.0600e+00 5.2534e+06
1.1100e+00 5.0930e+06
1.1660e+00 4.9363e+06
1.2270e+00 4.7894e+06
1.7000e+00 5.3408e+06
1.7620e+00 5.1440e+06
1.8320e+00 4.9731e+06
1.9110e+00 4.8241e+06
1.9990e+00 4.6905e+06
2.0980e+00 4.5692e+06
2.2070e+00 4.4635e+06
2.3270e+00 4.3680e+06
2.4570e+00 4.2792e+06
2.6000e+00 4.1985e+06
2.7490e+00 4.1118e+06
2.9170e+00 4.0401e+06
3.1000e+00 3.9717e+06
3.2980e+00 3.9072e+06
3.5120e+00 3.8468e+06
3.7390e+00 3.7892e+06
3.9820e+00 3.7315e+06
4.2340e+00 3.6716e+06
4.4950e+00 3.6062e+06
4.7620e+00 3.5321e+06
5.0330e+00 3.4503e+06
5.3050e+00 3.3578e+06
5.5790e+00 3.2544e+06
5.8520e+00 3.1373e+06
6.1250e+00 3.0114e+06
6.3970e+00 2.8753e+06
6.6700e+00 2.7341e+06
6.9440e+00 2.5884e+06
7.2210e+00 2.4409e+06
7.5010e+00 2.2929e+06
7.7900e+00 2.1473e+06
8.0880e+00 2.0053e+06
8.3990e+00 1.8666e+06
8.7260e+00 1.7349e+06
9.0740e+00 1.6083e+06
9.4470e+00 1.4882e+06
9.8500e+00 1.3737e+06
1.0290e+01 1.2653e+06
1.0770e+01 1.1636e+06
1.1310e+01 1.0676e+06
1.1910e+01 9.7694e+05
1.2570e+01 8.9214e+05
1.3320e+01 8.1289e+05
1.4170e+01 7.3869e+05
1.5140e+01 6.6957e+05
1.6240e+01 6.0527e+05
1.7490e+01 5.4608e+05
1.8920e+01 4.9135e+05
2.0560e+01 4.4133e+05
2.2430e+01 3.9545e+05
2.4580e+01 3.5373e+05
2.7030e+01 3.1598e+05
2.9840e+01 2.8162e+05
3.3060e+01 2.5068e+05
3.6760e+01 2.2278e+05
4.1030e+01 1.9779e+05
4.5980e+01 1.7529e+05
5.1740e+01 1.5506e+05
5.8490e+01 1.3685e+05
6.6460e+01 1.2048e+05
7.5980e+01 1.0574e+05
