2.3470e-03 4.1598e+05
2.4100e-03 3.7785e+05
2.4890e-03 3.4569e+05
2.5840e-03 3.1860e+05
2.7010e-03 2.9590e+05
2.8400e-03 2.7743e+05
3.0070e-03 2.6267e+05
3.2040e-03 2.5136e+05
3.4370e-03 2.4317e+05
3.7110e-03 2.3844e+05
4.0350e-03 2.3781e+05
4.4190e-03 2.4340e+05
4.8810e-03 2.5945e+05
5.4450e-03 2.9658e+05
6.1450e-03 3.7539e+05
7.0360e-03 5.3332e+05
8.1910e-03 8.3075e+05
9.7150e-03 1.3517e+06
1.1740e-02 2.1928e+06
1.4420e-02 3.4399e+06
1.7910e-02 5.1326e+06
2.2230e-02 7.2348e+06
2.7770e-02 9.8072e+06
3.4080e-02 1.2310e+07
4.1190e-02 1.4687e+07
4.8930e-02 1.6701e+07
5.7270e-02 1.8396e+07
6.5870e-02 1.9308e+07
7.4810e-02 1.9618e+07
8.5030e-02 2.0171e+07
9.4490e-02 1.9303e+07
1.0440e-01 1.8139e+07
1.1580e-01 1.7142e+07
1.2670e-01 1.5574e+07
1.3830e-01 1.4004e+07
1.5130e-01 1.2666e+07
1.6460e-01 1.1165e+07
1.7910e-01 9.7954e+06
1.9530e-01 8.5546e+06
2.1370e-01 7.4445e+06
2.3490e-01 6.4762e+06
2.5990e-01 5.6317e+06
2.9000e-01 4.9029e+06
4.6890e-01 4.3888e+06
5.0310e-01 3.8762e+06
5.4330e-01 3.4494e+06
5.8820e-01 3.0929e+06
6.3600e-01 2.7944e+06
6.8420e-01 2.5403e+06
7.3100e-01 2.3192e+06
7.7510e-01 2.1234e+06
8.1590e-01 1.9470e+06
8.5340e-01 1.7869e+06
8.8790e-01 1.6403e+06
9.1750e-01 1.5018e+06
9.4880e-01 1.3814e+06
9.7930e-01 1.2718e+06
1.0100e+00 1.1730e+06
1.0430e+00 1.0835e+06
1.0800e+00 1.0033e+06
1.1270e+00 9.3138e+05
1.1940e+00 8.6850e+05
1.3020e+00 8.1509e+05
1.4750e+00 7.7121e+05
1.7320e+00 7.3544e+05
2.0720e+00 7.0594e+05
2.4680e+00 6.7890e+05
2.8860e+00 6.4983e+05
3.2960e+00 6.1842e+05
3.6850e+00 5.8505e+05
4.0480e+00 5.5008e+05
4.3910e+00 5.1493e+05
4.7210e+00 4.8054e+05
5.0490e+00 4.4795e+05
5.3810e+00 4.1721e+05
5.7270e+00 3.8876e+05
6.0940e+00 3.6216e+05
6.4880e+00 3.3750e+05
6.9150e+00 3.1498e+05
7.3790e+00 2.9432e+05
7.8860e+00 2.7516e+05
8.4390e+00 2.5728e+05
9.0410e+00 2.4078e+05
9.6960e+00 2.2519e+05
1.0410e+01 2.1077e+05
1.1190e+01 1.9699e+05
1.2030e+01 1.8406e+05
1.2960e+01 1.7190e+05
1.3980e+01 1.6039e+05
1.5100e+01 1.4948e+05
1.6340e+01 1.3905e+05
1.7720e+01 1.2929e+05
1.9260e+01 1.1995e+05
2.0980e+01 1.1120e+05
2.2910e+01 1.0277e+05
2.5100e+01 9.4933e+04
2.7580e+01 8.7339e+04
3.0420e+01 8.0175e+04
3.3680e+01 7.3344e+04
3.7440e+01 6.6911e+04
