2.3470e-03 1.4114e+06
2.4100e-03 1.2757e+06
2.4890e-03 1.1589e+06
2.5840e-03 1.0593e+06
2.7010e-03 9.7442e+05
2.8400e-03 9.0299e+05
3.0070e-03 8.4272e+05
3.2040e-03 7.9252e+05
3.4370e-03 7.5034e+05
3.7110e-03 7.1567e+05
4.0350e-03 6.8724e+05
4.4190e-03 6.6453e+05
4.8810e-03 6.4732e+05
5.4450e-03 6.3543e+05
6.1450e-03 6.2940e+05
7.0360e-03 6.2973e+05
8.1910e-03 6.3772e+05
9.7150e-03 6.5476e+05
1.1740e-02 6.8279e+05
1.4420e-02 7.2333e+05
1.7910e-02 7.7760e+05
2.2230e-02 8.4877e+05
2.7770e-02 9.4367e+05
3.4080e-02 1.0331e+06
4.1190e-02 1.1279e+06
4.8930e-02 1.2213e+06
5.7270e-02 1.3190e+06
6.5870e-02 1.3942e+06
7.4810e-02 1.4536e+06
8.5030e-02 1.5572e+06
9.4490e-02 1.5743e+06
1.0440e-01 1.5812e+06
1.1580e-01 1.6133e+06
1.2670e-01 1.5923e+06
1.3830e-01 1.5638e+06
1.5130e-01 1.5566e+06
1.6460e-01 1.5148e+06
1.7910e-01 1.4742e+06
1.9530e-01 1.4341e+06
2.1370e-01 1.3985e+06
2.3490e-01 1.3699e+06
2.5990e-01 1.3500e+06
2.9000e-01 1.3421e+06
4.6890e-01 1.9257e+06
5.0310e-01 1.8823e+06
5.4330e-01 1.8592e+06
5.8820e-01 1.8479e+06
6.3600e-01 1.8403e+06
6.8420e-01 1.8265e+06
7.3100e-01 1.8010e+06
7.7510e-01 1.7616e+06
8.1590e-01 1.7081e+06
8.5340e-01 1.6445e+06
8.8790e-01 1.5726e+06
9.1750e-01 1.4882e+06
9.4880e-01 1.4161e+06
9.7930e-01 1.3470e+06
1.0100e+00 1.2836e+06
1.0430e+00 1.2275e+06
1.0800e+00 1.1811e+06
1.1270e+00 1.1459e+06
1.1940e+00 1.1250e+06
1.3020e+00 1.1194e+06
1.4750e+00 1.1284e+06
1.7320e+00 1.1444e+06
2.0720e+00 1.1588e+06
2.4680e+00 1.1609e+06
2.8860e+00 1.1421e+06
3.2960e+00 1.1054e+06
3.6850e+00 1.0565e+06
4.0480e+00 9.9881e+05
4.3910e+00 9.3726e+05
4.7210e+00 8.7590e+05
5.0490e+00 8.1692e+05
5.3810e+00 7.6085e+05
5.7270e+00 7.0981e+05
6.0940e+00 6.6209e+05
6.4880e+00 6.1834e+05
6.9150e+00 5.7891e+05
7.3790e+00 5.4303e+05
7.8860e+00 5.0993e+05
8.4390e+00 4.7975e+05
9.0410e+00 4.5205e+05
9.6960e+00 4.2614e+05
1.0410e+01 4.0226e+05
1.1190e+01 3.7990e+05
1.2030e+01 3.5901e+05
1.2960e+01 3.3924e+05
1.3980e+01 3.2078e+05
1.5100e+01 3.0347e+05
1.6340e+01 2.8700e+05
1.7720e+01 2.7150e+05
1.9260e+01 2.5688e+05
2.0980e+01 2.4315e+05
2.2910e+01 2.2989e+05
2.5100e+01 2.1752e+05
2.7580e+01 2.0552e+05
3.0420e+01 1.9404e+05
3.3680e+01 1.8295e+05
3.7440e+01 1.7221e+05
