2.3470e-03 0.0000e+00
2.4100e-03 0.0000e+00
2.4890e-03 0.0000e+00
2.5840e-03 0.0000e+00
2.7010e-03 0.0000e+00
2.8400e-03 0.0000e+00
3.0070e-03 0.0000e+00
3.2040e-03 0.0000e+00
3.4370e-03 0.0000e+00
3.7110e-03 0.0000e+00
4.0350e-03 0.0000e+00
4.4190e-03 0.0000e+00
4.8810e-03 0.0000e+00
5.4450e-03 0.0000e+00
6.1450e-03 0.0000e+00
7.0360e-03 0.0000e+00
8.1910e-03 0.0000e+00
9.7150e-03 0.0000e+00
1.1740e-02 0.0000e+00
1.4420e-02 0.0000e+00
1.7910e-02 0.0000e+00
2.2230e-02 0.0000e+00
2.7770e-02 0.0000e+00
3.4080e-02 0.0000e+00
4.1190e-02 0.0000e+00
4.8930e-02 0.0000e+00
5.7270e-02 0.0000e+00
6.5870e-02 0.0000e+00
7.4810e-02 0.0000e+00
8.5030e-02 0.0000e+00
9.4490e-02 0.0000e+00
1.0440e-01 0.0000e+00
1.1580e-01 0.0000e+00
1.2670e-01 0.0000e+00
1.3830e-01 0.0000e+00
1.5130e-01 3.5425e-05
1.6460e-01 3.7029e-05
1.7910e-01 4.0621e-05
1.9530e-01 4.8788e-05
2.1370e-01 6.7278e-05
2.3490e-01 1.0822e-04
2.5990e-01 1.9610e-04
2.9000e-01 3.7657e-04
4.6890e-01 7.9120e+00
5.0310e-01 7.5226e+00
5.4330e-01 7.3382e+00
5.8820e-01 7.3359e+00
6.3600e-01 7.4986e+00
6.8420e-01 7.7848e+00
7.3100e-01 8.1699e+00
7.7510e-01 8.6243e+00
8.1590e-01 9.1201e+00
8.5340e-01 9.6477e+00
8.8790e-01 1.0169e+01
9.1750e-01 1.0591e+01
9.4880e-01 1.1012e+01
9.7930e-01 1.1293e+01
1.0100e+00 1.1392e+01
1.0430e+00 1.1324e+01
1.0800e+00 1.1306e+01
1.1270e+00 1.2130e+01
1.1940e+00 1.5795e+01
1.3020e+00 2.5769e+01
1.4750e+00 4.6421e+01
1.7320e+00 7.9518e+01
2.0720e+00 1.2196e+02
2.4680e+00 1.6617e+02
2.8860e+00 2.0392e+02
3.2960e+00 2.3059e+02
3.6850e+00 2.4542e+02
4.0480e+00 2.4941e+02
4.3910e+00 2.4528e+02
4.7210e+00 2.3535e+02
5.0490e+00 2.2191e+02
5.3810e+00 2.0616e+02
5.7270e+00 1.8961e+02
6.0940e+00 1.7260e+02
6.4880e+00 1.5603e+02
6.9150e+00 1.4026e+02
7.3790e+00 1.2540e+02
7.8860e+00 1.1168e+02
8.4390e+00 9.9099e+01
9.0410e+00 8.7646e+01
9.6960e+00 7.7315e+01
1.0410e+01 6.8027e+01
1.1190e+01 5.9691e+01
1.2030e+01 5.2286e+01
1.2960e+01 4.5709e+01
1.3980e+01 3.9894e+01
1.5100e+01 3.4783e+01
1.6340e+01 3.0305e+01
1.7720e+01 2.6384e+01
1.9260e+01 2.2978e+01
2.0980e+01 2.0025e+01
2.2910e+01 1.7453e+01
2.5100e+01 1.5223e+01
2.7580e+01 1.3289e+01
3.0420e+01 1.1605e+01
3.3680e+01 1.0143e+01
3.7440e+01 8.8687e+00
