2.3470e-03 9.4353e+04
2.4100e-03 8.5595e+04
2.4890e-03 7.8179e+04
2.5840e-03 7.1916e+04
2.7010e-03 6.6592e+04
2.8400e-03 6.2295e+04
3.0070e-03 5.8728e+04
3.2040e-03 5.5929e+04
3.4370e-03 5.3736e+04
3.7110e-03 5.2155e+04
4.0350e-03 5.1102e+04
4.4190e-03 5.0634e+04
4.8810e-03 5.0760e+04
5.4450e-03 5.1604e+04
6.1450e-03 5.3406e+04
7.0360e-03 5.6429e+04
8.1910e-03 6.1292e+04
9.7150e-03 6.8780e+04
1.1740e-02 8.0114e+04
1.4420e-02 9.6765e+04
1.7910e-02 1.2044e+05
2.2230e-02 1.5283e+05
2.7770e-02 1.9755e+05
3.4080e-02 2.4825e+05
4.1190e-02 3.0666e+05
4.8930e-02 3.7004e+05
5.7270e-02 4.3942e+05
6.5870e-02 5.0368e+05
7.4810e-02 5.6420e+05
8.5030e-02 6.4536e+05
9.4490e-02 6.8947e+05
1.0440e-01 7.2664e+05
1.1580e-01 7.7689e+05
1.2670e-01 7.9691e+05
1.3830e-01 8.1119e+05
1.5130e-01 8.3430e+05
1.6460e-01 8.3596e+05
1.7910e-01 8.3556e+05
1.9530e-01 8.3326e+05
2.1370e-01 8.3161e+05
2.3490e-01 8.3239e+05
2.5990e-01 8.3744e+05
2.9000e-01 8.4858e+05
4.6890e-01 1.2728e+06
5.0310e-01 1.2563e+06
5.4330e-01 1.2541e+06
5.8820e-01 1.2584e+06
6.3600e-01 1.2639e+06
6.8420e-01 1.2635e+06
7.3100e-01 1.2531e+06
7.7510e-01 1.2306e+06
8.1590e-01 1.1957e+06
8.5340e-01 1.1514e+06
8.8790e-01 1.0993e+06
9.1750e-01 1.0366e+06
9.4880e-01 9.8077e+05
9.7930e-01 9.2511e+05
1.0100e+00 8.7141e+05
1.0430e+00 8.2009e+05
1.0800e+00 7.7251e+05
1.1270e+00 7.2881e+05
1.1940e+00 6.9082e+05
1.3020e+00 6.5982e+05
1.4750e+00 6.3668e+05
1.7320e+00 6.2090e+05
2.0720e+00 6.1060e+05
2.4680e+00 6.0165e+05
2.8860e+00 5.8950e+05
3.2960e+00 5.7314e+05
3.6850e+00 5.5311e+05
4.0480e+00 5.2975e+05
4.3910e+00 5.0466e+05
4.7210e+00 4.7928e+05
5.0490e+00 4.5475e+05
5.3810e+00 4.3107e+05
5.7270e+00 4.0931e+05
6.0940e+00 3.8876e+05
6.4880e+00 3.6982e+05
6.9150e+00 3.5294e+05
7.3790e+00 3.3705e+05
7.8860e+00 3.2277e+05
8.4390e+00 3.0951e+05
9.0410e+00 2.9723e+05
9.6960e+00 2.8588e+05
1.0410e+01 2.7506e+05
1.1190e+01 2.6517e+05
1.2030e+01 2.5580e+05
1.2960e+01 2.4682e+05
1.3980e+01 2.3855e+05
1.5100e+01 2.3060e+05
1.6340e+01 2.2331e+05
1.7720e+01 2.1628e+05
1.9260e+01 2.0985e+05
2.0980e+01 2.0381e+05
2.2910e+01 1.9811e+05
2.5100e+01 1.9282e+05
2.7580e+01 1.8784e+05
3.0420e+01 1.8315e+05
3.3680e+01 1.7870e+05
3.7440e+01 1.7444e+05
