2.3470e-03 0.0000e+00
2.4100e-03 0.0000e+00
2.4890e-03 0.0000e+00
2.5840e-03 0.0000e+00
2.7010e-03 0.0000e+00
2.8400e-03 0.0000e+00
3.0070e-03 0.0000e+00
3.2040e-03 0.0000e+00
3.4370e-03 0.0000e+00
3.7110e-03 0.0000e+00
4.0350e-03 0.0000e+00
4.4190e-03 0.0000e+00
4.8810e-03 0.0000e+00
5.4450e-03 0.0000e+00
6.1450e-03 0.0000e+00
7.0360e-03 0.0000e+00
8.1910e-03 0.0000e+00
9.7150e-03 0.0000e+00
1.1740e-02 0.0000e+00
1.4420e-02 0.0000e+00
1.7910e-02 0.0000e+00
2.2230e-02 0.0000e+00
2.7770e-02 0.0000e+00
3.4080e-02 0.0000e+00
4.1190e-02 0.0000e+00
4.8930e-02 0.0000e+00
5.7270e-02 0.0000e+00
6.5870e-02 0.0000e+00
7.4810e-02 0.0000e+00
8.5030e-02 0.0000e+00
9.4490e-02 0.0000e+00
1.0440e-01 0.0000e+00
1.1580e-01 0.0000e+00
1.2670e-01 0.0000e+00
1.3830e-01 0.0000e+00
1.5130e-01 7.1255e-07
1.6460e-01 7.3016e-07
1.7910e-01 7.6990e-07
1.9530e-01 8.6587e-07
2.1370e-01 1.1034e-06
2.3490e-01 1.6726e-06
2.5990e-01 2.9726e-06
2.9000e-01 5.7836e-06
4.6890e-01 1.4232e+00
5.0310e-01 1.2991e+00
5.4330e-01 1.1976e+00
5.8820e-01 1.1148e+00
6.3600e-01 1.0498e+00
6.8420e-01 9.9908e-01
7.3100e-01 9.6077e-01
7.7510e-01 9.3299e-01
8.1590e-01 9.1481e-01
8.5340e-01 9.0516e-01
8.8790e-01 9.0102e-01
9.1750e-01 8.9681e-01
9.4880e-01 8.9859e-01
9.7930e-01 8.9737e-01
1.0100e+00 8.9002e-01
1.0430e+00 8.7633e-01
1.0800e+00 8.6732e-01
1.1270e+00 9.0837e-01
1.1940e+00 1.1216e+00
1.3020e+00 1.7353e+00
1.4750e+00 3.0604e+00
1.7320e+00 5.2906e+00
2.0720e+00 8.3140e+00
2.4680e+00 1.1695e+01
2.8860e+00 1.4877e+01
3.2960e+00 1.7483e+01
3.6850e+00 1.9381e+01
4.0480e+00 2.0539e+01
4.3910e+00 2.1083e+01
4.7210e+00 2.1136e+01
5.0490e+00 2.0836e+01
5.3810e+00 2.0252e+01
5.7270e+00 1.9485e+01
6.0940e+00 1.8565e+01
6.4880e+00 1.7559e+01
6.9150e+00 1.6508e+01
7.3790e+00 1.5434e+01
7.8860e+00 1.4365e+01
8.4390e+00 1.3315e+01
9.0410e+00 1.2297e+01
9.6960e+00 1.1315e+01
1.0410e+01 1.0383e+01
1.1190e+01 9.4994e+00
1.2030e+01 8.6695e+00
1.2960e+01 7.8902e+00
1.3980e+01 7.1677e+00
1.5100e+01 6.4975e+00
1.6340e+01 5.8791e+00
1.7720e+01 5.3107e+00
1.9260e+01 4.7938e+00
2.0980e+01 4.3228e+00
2.2910e+01 3.8930e+00
2.5100e+01 3.5057e+00
2.7580e+01 3.1534e+00
3.0420e+01 2.8345e+00
3.3680e+01 2.5452e+00
3.7440e+01 2.2832e+00
