2.3470e-03 0.0000e+00
2.4100e-03 0.0000e+00
2.4890e-03 0.0000e+00
2.5840e-03 0.0000e+00
2.7010e-03 0.0000e+00
2.8400e-03 0.0000e+00
3.0070e-03 0.0000e+00
3.2040e-03 0.0000e+00
3.4370e-03 0.0000e+00
3.7110e-03 0.0000e+00
4.0350e-03 0.0000e+00
4.4190e-03 0.0000e+00
4.8810e-03 0.0000e+00
5.4450e-03 0.0000e+00
6.1450e-03 0.0000e+00
7.0360e-03 0.0000e+00
8.1910e-03 0.0000e+00
9.7150e-03 0.0000e+00
1.1740e-02 0.0000e+00
1.4420e-02 0.0000e+00
1.7910e-02 0.0000e+00
2.2230e-02 0.0000e+00
2.7770e-02 0.0000e+00
3.4080e-02 0.0000e+00
4.1190e-02 0.0000e+00
4.8930e-02 0.0000e+00
5.7270e-02 0.0000e+00
6.5870e-02 0.0000e+00
7.4810e-02 0.0000e+00
8.5030e-02 0.0000e+00
9.4490e-02 0.0000e+00
1.0440e-01 0.0000e+00
1.1580e-01 0.0000e+00
1.2670e-01 0.0000e+00
1.3830e-01 0.0000e+00
1.5130e-01 3.4255e-06
1.6460e-01 3.4833e-06
1.7910e-01 3.6041e-06
1.9530e-01 3.9144e-06
2.1370e-01 4.7805e-06
2.3490e-01 7.1322e-06
2.5990e-01 1.3107e-05
2.9000e-01 2.7101e-05
4.6890e-01 8.6788e+00
5.0310e-01 7.8858e+00
5.4330e-01 7.2009e+00
5.8820e-01 6.6128e+00
6.3600e-01 6.0938e+00
6.8420e-01 5.6385e+00
7.3100e-01 5.2304e+00
7.7510e-01 4.8601e+00
8.1590e-01 4.5250e+00
8.5340e-01 4.2245e+00
8.8790e-01 3.9512e+00
9.1750e-01 3.6934e+00
9.4880e-01 3.4772e+00
9.7930e-01 3.2821e+00
1.0100e+00 3.1055e+00
1.0430e+00 2.9433e+00
1.0800e+00 2.8163e+00
1.1270e+00 2.8146e+00
1.1940e+00 3.2010e+00
1.3020e+00 4.5052e+00
1.4750e+00 7.5541e+00
1.7320e+00 1.3052e+01
2.0720e+00 2.1088e+01
2.4680e+00 3.0901e+01
2.8860e+00 4.1165e+01
3.2960e+00 5.0735e+01
3.6850e+00 5.8932e+01
4.0480e+00 6.5340e+01
4.3910e+00 6.9947e+01
4.7210e+00 7.2952e+01
5.0490e+00 7.4459e+01
5.3810e+00 7.4655e+01
5.7270e+00 7.3802e+01
6.0940e+00 7.1903e+01
6.4880e+00 6.9231e+01
6.9150e+00 6.6007e+01
7.3790e+00 6.2284e+01
7.8860e+00 5.8277e+01
8.4390e+00 5.4119e+01
9.0410e+00 4.9889e+01
9.6960e+00 4.5681e+01
1.0410e+01 4.1583e+01
1.1190e+01 3.7648e+01
1.2030e+01 3.3880e+01
1.2960e+01 3.0330e+01
1.3980e+01 2.7021e+01
1.5100e+01 2.3950e+01
1.6340e+01 2.1142e+01
1.7720e+01 1.8571e+01
1.9260e+01 1.6252e+01
2.0980e+01 1.4185e+01
2.2910e+01 1.2323e+01
2.5100e+01 1.0684e+01
2.7580e+01 9.2368e+00
3.0420e+01 7.9627e+00
3.3680e+01 6.8463e+00
3.7440e+01 5.8811e+00
