2.3470e-03 1.9686e+07
2.4100e-03 1.7788e+07
2.4890e-03 1.6160e+07
2.5840e-03 1.4777e+07
2.7010e-03 1.3586e+07
2.8400e-03 1.2590e+07
3.0070e-03 1.1753e+07
3.2040e-03 1.1052e+07
3.4370e-03 1.0463e+07
3.7110e-03 9.9792e+06
4.0350e-03 9.5836e+06
4.4190e-03 9.2677e+06
4.8810e-03 9.0264e+06
5.4450e-03 8.8610e+06
6.1450e-03 8.7779e+06
7.0360e-03 8.7819e+06
8.1910e-03 8.8923e+06
9.7150e-03 9.1309e+06
1.1740e-02 9.5225e+06
1.4420e-02 1.0087e+07
1.7910e-02 1.0844e+07
2.2230e-02 1.1836e+07
2.7770e-02 1.3160e+07
3.4080e-02 1.4407e+07
4.1190e-02 1.5723e+07
4.8930e-02 1.7028e+07
5.7270e-02 1.8396e+07
6.5870e-02 1.9442e+07
7.4810e-02 2.0280e+07
8.5030e-02 2.1712e+07
9.4490e-02 2.1964e+07
1.0440e-01 2.2047e+07
1.1580e-01 2.2495e+07
1.2670e-01 2.2195e+07
1.3830e-01 2.1800e+07
1.5130e-01 2.1692e+07
1.6460e-01 2.1111e+07
1.7910e-01 2.0531e+07
1.9530e-01 1.9961e+07
2.1370e-01 1.9441e+07
2.3490e-01 1.9001e+07
2.5990e-01 1.8654e+07
2.9000e-01 1.8431e+07
4.6890e-01 2.4241e+07
5.0310e-01 2.3549e+07
5.4330e-01 2.3042e+07
5.8820e-01 2.2621e+07
6.3600e-01 2.2198e+07
6.8420e-01 2.1677e+07
7.3100e-01 2.1018e+07
7.7510e-01 2.0206e+07
8.1590e-01 1.9259e+07
8.5340e-01 1.8214e+07
8.8790e-01 1.7109e+07
9.1750e-01 1.5896e+07
9.4880e-01 1.4818e+07
9.7930e-01 1.3774e+07
1.0100e+00 1.2781e+07
1.0430e+00 1.1844e+07
1.0800e+00 1.0968e+07
1.1270e+00 1.0144e+07
1.1940e+00 9.3707e+06
1.3020e+00 8.6288e+06
1.4750e+00 7.8977e+06
1.7320e+00 7.1654e+06
2.0720e+00 6.4456e+06
2.4680e+00 5.7586e+06
2.8860e+00 5.1170e+06
3.2960e+00 4.5407e+06
3.6850e+00 4.0350e+06
4.0480e+00 3.5894e+06
4.3910e+00 3.2006e+06
4.7210e+00 2.8599e+06
5.0490e+00 2.5628e+06
5.3810e+00 2.3003e+06
5.7270e+00 2.0703e+06
6.0940e+00 1.8651e+06
6.4880e+00 1.6834e+06
6.9150e+00 1.5222e+06
7.3790e+00 1.3783e+06
7.8860e+00 1.2496e+06
8.4390e+00 1.1343e+06
9.0410e+00 1.0310e+06
9.6960e+00 9.3765e+05
1.0410e+01 8.5349e+05
1.1190e+01 7.7730e+05
1.2030e+01 7.0841e+05
1.2960e+01 6.4559e+05
1.3980e+01 5.8860e+05
1.5100e+01 5.3651e+05
1.6340e+01 4.8904e+05
1.7720e+01 4.4528e+05
1.9260e+01 4.0545e+05
2.0980e+01 3.6902e+05
2.2910e+01 3.3524e+05
2.5100e+01 3.0438e+05
2.7580e+01 2.7585e+05
3.0420e+01 2.4949e+05
3.3680e+01 2.2517e+05
3.7440e+01 2.0273e+05
