2.3470e-03 6.6132e+06
2.4100e-03 5.9752e+06
2.4890e-03 5.4297e+06
2.5840e-03 4.9635e+06
2.7010e-03 4.5663e+06
2.8400e-03 4.2292e+06
3.0070e-03 3.9497e+06
3.2040e-03 3.7129e+06
3.4370e-03 3.5152e+06
3.7110e-03 3.3524e+06
4.0350e-03 3.2201e+06
4.4190e-03 3.1143e+06
4.8810e-03 3.0334e+06
5.4450e-03 2.9778e+06
6.1450e-03 2.9503e+06
7.0360e-03 2.9500e+06
8.1910e-03 2.9882e+06
9.7150e-03 3.0674e+06
1.1740e-02 3.1978e+06
1.4420e-02 3.3862e+06
1.7910e-02 3.6375e+06
2.2230e-02 3.9671e+06
2.7770e-02 4.4035e+06
3.4080e-02 4.8117e+06
4.1190e-02 5.2402e+06
4.8930e-02 5.6589e+06
5.7270e-02 6.0931e+06
6.5870e-02 6.4128e+06
7.4810e-02 6.6620e+06
8.5030e-02 7.0970e+06
9.4490e-02 7.1440e+06
1.0440e-01 7.1308e+06
1.1580e-01 7.2274e+06
1.2670e-01 7.0815e+06
1.3830e-01 6.9030e+06
1.5130e-01 6.8097e+06
1.6460e-01 6.5658e+06
1.7910e-01 6.3196e+06
1.9530e-01 6.0715e+06
2.1370e-01 5.8336e+06
2.3490e-01 5.6125e+06
2.5990e-01 5.4091e+06
2.9000e-01 5.2337e+06
4.6890e-01 6.3668e+06
5.0310e-01 6.0701e+06
5.4330e-01 5.8228e+06
5.8820e-01 5.6025e+06
6.3600e-01 5.3936e+06
6.8420e-01 5.1743e+06
7.3100e-01 4.9460e+06
7.7510e-01 4.6950e+06
8.1590e-01 4.4305e+06
8.5340e-01 4.1594e+06
8.8790e-01 3.8848e+06
9.1750e-01 3.5962e+06
9.4880e-01 3.3437e+06
9.7930e-01 3.1019e+06
1.0100e+00 2.8777e+06
1.0430e+00 2.6702e+06
1.0800e+00 2.4778e+06
1.1270e+00 2.3025e+06
1.1940e+00 2.1420e+06
1.3020e+00 1.9950e+06
1.4750e+00 1.8579e+06
1.7320e+00 1.7251e+06
2.0720e+00 1.5953e+06
2.4680e+00 1.4691e+06
2.8860e+00 1.3442e+06
3.2960e+00 1.2244e+06
3.6850e+00 1.1114e+06
4.0480e+00 1.0061e+06
4.3910e+00 9.0812e+05
4.7210e+00 8.1950e+05
5.0490e+00 7.3915e+05
5.3810e+00 6.6568e+05
5.7270e+00 6.0009e+05
6.0940e+00 5.4049e+05
6.4880e+00 4.8668e+05
6.9150e+00 4.3814e+05
7.3790e+00 3.9415e+05
7.8860e+00 3.5471e+05
8.4390e+00 3.1898e+05
9.0410e+00 2.8669e+05
9.6960e+00 2.5757e+05
1.0410e+01 2.3141e+05
1.1190e+01 2.0745e+05
1.2030e+01 1.8605e+05
1.2960e+01 1.6657e+05
1.3980e+01 1.4904e+05
1.5100e+01 1.3323e+05
1.6340e+01 1.1884e+05
1.7720e+01 1.0590e+05
1.9260e+01 9.4268e+04
2.0980e+01 8.3793e+04
2.2910e+01 7.4329e+04
2.5100e+01 6.5846e+04
2.7580e+01 5.8194e+04
3.0420e+01 5.1316e+04
3.3680e+01 4.5135e+04
3.7440e+01 3.9583e+04
