1.9850e-03 0.0000e+00
2.0360e-03 0.0000e+00
2.0990e-03 0.0000e+00
2.1780e-03 0.0000e+00
2.2740e-03 0.0000e+00
2.3910e-03 0.0000e+00
2.5320e-03 0.0000e+00
2.7010e-03 0.0000e+00
2.9020e-03 0.0000e+00
3.1410e-03 0.0000e+00
3.4230e-03 0.0000e+00
3.7590e-03 0.0000e+00
4.1610e-03 0.0000e+00
4.6480e-03 0.0000e+00
5.2470e-03 0.0000e+00
6.0000e-03 0.0000e+00
6.9640e-03 0.0000e+00
8.2250e-03 0.0000e+00
9.9000e-03 0.0000e+00
1.2140e-02 0.0000e+00
1.5000e-02 0.0000e+00
1.8890e-02 0.0000e+00
2.3980e-02 0.0000e+00
3.0020e-02 0.0000e+00
3.7130e-02 0.0000e+00
4.5330e-02 0.0000e+00
5.4130e-02 0.0000e+00
6.3540e-02 0.0000e+00
7.4860e-02 0.0000e+00
8.4950e-02 0.0000e+00
9.5490e-02 0.0000e+00
1.0800e-01 0.0000e+00
1.1960e-01 0.0000e+00
1.3210e-01 0.0000e+00
1.4580e-01 0.0000e+00
1.6200e-01 5.0751e-05
1.7910e-01 6.0796e-05
1.9900e-01 8.2373e-05
2.2230e-01 1.2752e-04
2.4980e-01 2.1864e-04
2.8250e-01 3.9445e-04
3.2070e-01 7.1610e-04
5.2650e-01 9.4420e+00
5.6070e-01 9.6374e+00
5.9810e-01 1.0018e+01
6.3750e-01 1.0556e+01
6.7730e-01 1.1210e+01
7.1630e-01 1.1952e+01
7.5360e-01 1.2744e+01
7.8860e-01 1.3557e+01
8.2110e-01 1.4334e+01
8.5120e-01 1.4999e+01
8.7900e-01 1.5475e+01
9.0480e-01 1.5672e+01
9.2900e-01 1.5556e+01
9.5130e-01 1.5084e+01
9.7390e-01 1.4396e+01
9.9640e-01 1.3510e+01
1.0200e+00 1.2512e+01
1.0450e+00 1.1488e+01
1.0740e+00 1.0616e+01
1.1120e+00 1.0442e+01
1.1650e+00 1.2305e+01
1.2510e+00 1.8861e+01
1.3920e+00 3.4070e+01
1.6130e+00 6.0822e+01
1.9210e+00 9.7908e+01
2.3010e+00 1.3926e+02
2.7190e+00 1.7684e+02
3.1400e+00 2.0505e+02
3.5460e+00 2.2170e+02
3.9260e+00 2.2780e+02
4.2840e+00 2.2579e+02
4.6290e+00 2.1798e+02
4.9690e+00 2.0615e+02
5.3130e+00 1.9224e+02
5.6700e+00 1.7701e+02
6.0490e+00 1.6144e+02
6.4580e+00 1.4609e+02
6.9040e+00 1.3130e+02
7.3920e+00 1.1737e+02
7.9300e+00 1.0439e+02
8.5200e+00 9.2502e+01
9.1680e+00 8.1627e+01
9.8790e+00 7.1802e+01
1.0660e+01 6.2987e+01
1.1510e+01 5.5115e+01
1.2450e+01 4.8096e+01
1.3490e+01 4.1901e+01
1.4630e+01 3.6432e+01
1.5910e+01 3.1643e+01
1.7330e+01 2.7446e+01
1.8920e+01 2.3798e+01
2.0710e+01 2.0628e+01
2.2740e+01 1.7876e+01
2.5050e+01 1.5505e+01
2.7700e+01 1.3444e+01
3.0760e+01 1.1658e+01
3.4320e+01 1.0109e+01
3.8480e+01 8.7600e+00
