1.9850e-03 2.3353e+07
2.0360e-03 2.1010e+07
2.0990e-03 1.9007e+07
2.1780e-03 1.7285e+07
2.2740e-03 1.5802e+07
2.3910e-03 1.4558e+07
2.5320e-03 1.3499e+07
2.7010e-03 1.2623e+07
2.9020e-03 1.1878e+07
3.1410e-03 1.1266e+07
3.4230e-03 1.0755e+07
3.7590e-03 1.0348e+07
4.1610e-03 1.0022e+07
4.6480e-03 9.7806e+06
5.2470e-03 9.6263e+06
6.0000e-03 9.5605e+06
6.9640e-03 9.5992e+06
8.2250e-03 9.7581e+06
9.9000e-03 1.0063e+07
1.2140e-02 1.0547e+07
1.5000e-02 1.1272e+07
1.8890e-02 1.2170e+07
2.3980e-02 1.3509e+07
3.0020e-02 1.4800e+07
3.7130e-02 1.6245e+07
4.5330e-02 1.7979e+07
5.4130e-02 1.9430e+07
6.3540e-02 2.0777e+07
7.4860e-02 2.3127e+07
8.4950e-02 2.3844e+07
9.5490e-02 2.4314e+07
1.0800e-01 2.5373e+07
1.1960e-01 2.5286e+07
1.3210e-01 2.5067e+07
1.4580e-01 2.4765e+07
1.6200e-01 2.4872e+07
1.7910e-01 2.4435e+07
1.9900e-01 2.4079e+07
2.2230e-01 2.3815e+07
2.4980e-01 2.3699e+07
2.8250e-01 2.3740e+07
3.2070e-01 2.3920e+07
5.2650e-01 3.4731e+07
5.6070e-01 3.3472e+07
5.9810e-01 3.2328e+07
6.3750e-01 3.1178e+07
6.7730e-01 2.9935e+07
7.1630e-01 2.8592e+07
7.5360e-01 2.7105e+07
7.8860e-01 2.5536e+07
8.2110e-01 2.3913e+07
8.5120e-01 2.2270e+07
8.7900e-01 2.0657e+07
9.0480e-01 1.9102e+07
9.2900e-01 1.7625e+07
9.5130e-01 1.6205e+07
9.7390e-01 1.4935e+07
9.9640e-01 1.3760e+07
1.0200e+00 1.2691e+07
1.0450e+00 1.1710e+07
1.0740e+00 1.0812e+07
1.1120e+00 1.0004e+07
1.1650e+00 9.2485e+06
1.2510e+00 8.5383e+06
1.3920e+00 7.8413e+06
1.6130e+00 7.1466e+06
1.9210e+00 6.4362e+06
2.3010e+00 5.7376e+06
2.7190e+00 5.0756e+06
3.1400e+00 4.4777e+06
3.5460e+00 3.9471e+06
3.9260e+00 3.4860e+06
4.2840e+00 3.0902e+06
4.6290e+00 2.7479e+06
4.9690e+00 2.4492e+06
5.3130e+00 2.1921e+06
5.6700e+00 1.9660e+06
6.0490e+00 1.7675e+06
6.4580e+00 1.5933e+06
6.9040e+00 1.4386e+06
7.3920e+00 1.3011e+06
7.9300e+00 1.1786e+06
8.5200e+00 1.0694e+06
9.1680e+00 9.7101e+05
9.8790e+00 8.8252e+05
1.0660e+01 8.0267e+05
1.1510e+01 7.3016e+05
1.2450e+01 6.6446e+05
1.3490e+01 6.0460e+05
1.4630e+01 5.5004e+05
1.5910e+01 5.0018e+05
1.7330e+01 4.5428e+05
1.8920e+01 4.1249e+05
2.0710e+01 3.7392e+05
2.2740e+01 3.3855e+05
2.5050e+01 3.0601e+05
2.7700e+01 2.7598e+05
3.0760e+01 2.4823e+05
3.4320e+01 2.2268e+05
3.8480e+01 1.9900e+05
