1.9850e-03 7.8555e+06
2.0360e-03 7.0663e+06
2.0990e-03 6.3917e+06
2.1780e-03 5.8123e+06
2.2740e-03 5.3147e+06
2.3910e-03 4.8933e+06
2.5320e-03 4.5425e+06
2.7010e-03 4.2461e+06
2.9020e-03 3.9944e+06
3.1410e-03 3.7882e+06
3.4230e-03 3.6163e+06
3.7590e-03 3.4806e+06
4.1610e-03 3.3713e+06
4.6480e-03 3.2892e+06
5.2470e-03 3.2364e+06
6.0000e-03 3.2139e+06
6.9640e-03 3.2275e+06
8.2250e-03 3.2812e+06
9.9000e-03 3.3831e+06
1.2140e-02 3.5435e+06
1.5000e-02 3.7848e+06
1.8890e-02 4.0815e+06
2.3980e-02 4.5245e+06
3.0020e-02 4.9489e+06
3.7130e-02 5.4177e+06
4.5330e-02 5.9740e+06
5.4130e-02 6.4348e+06
6.3540e-02 6.8522e+06
7.4860e-02 7.5906e+06
8.4950e-02 7.7829e+06
9.5490e-02 7.8924e+06
1.0800e-01 8.1769e+06
1.1960e-01 8.0875e+06
1.3210e-01 7.9524e+06
1.4580e-01 7.7834e+06
1.6200e-01 7.7270e+06
1.7910e-01 7.4967e+06
1.9900e-01 7.2773e+06
2.2230e-01 7.0710e+06
2.4980e-01 6.8947e+06
2.8250e-01 6.7476e+06
3.2070e-01 6.6238e+06
5.2650e-01 8.7852e+06
5.6070e-01 8.3356e+06
5.9810e-01 7.9176e+06
6.3750e-01 7.5174e+06
6.7730e-01 7.1114e+06
7.1630e-01 6.7094e+06
7.5360e-01 6.2891e+06
7.8860e-01 5.8754e+06
8.2110e-01 5.4589e+06
8.5120e-01 5.0537e+06
8.7900e-01 4.6681e+06
9.0480e-01 4.2999e+06
9.2900e-01 3.9582e+06
9.5130e-01 3.6346e+06
9.7390e-01 3.3445e+06
9.9640e-01 3.0826e+06
1.0200e+00 2.8444e+06
1.0450e+00 2.6285e+06
1.0740e+00 2.4327e+06
1.1120e+00 2.2609e+06
1.1650e+00 2.1033e+06
1.2510e+00 1.9605e+06
1.3920e+00 1.8273e+06
1.6130e+00 1.6993e+06
1.9210e+00 1.5708e+06
2.3010e+00 1.4431e+06
2.7190e+00 1.3150e+06
3.1400e+00 1.1924e+06
3.5460e+00 1.0761e+06
3.9260e+00 9.6853e+05
4.2840e+00 8.7166e+05
4.6290e+00 7.8316e+05
4.9690e+00 7.0390e+05
5.3130e+00 6.3268e+05
5.6700e+00 5.6869e+05
6.0490e+00 5.1147e+05
6.4580e+00 4.5983e+05
6.9040e+00 4.1352e+05
7.3920e+00 3.7184e+05
7.9300e+00 3.3395e+05
8.5200e+00 3.0005e+05
9.1680e+00 2.6930e+05
9.8790e+00 2.4149e+05
1.0660e+01 2.1632e+05
1.1510e+01 1.9362e+05
1.2450e+01 1.7321e+05
1.3490e+01 1.5466e+05
1.4630e+01 1.3781e+05
1.5910e+01 1.2262e+05
1.7330e+01 1.0894e+05
1.8920e+01 9.6627e+04
2.0710e+01 8.5524e+04
2.2740e+01 7.5517e+04
2.5050e+01 6.6548e+04
2.7700e+01 5.8467e+04
3.0760e+01 5.1209e+04
3.4320e+01 4.4705e+04
3.8480e+01 3.8873e+04
