1.6430e-02 1.4213e+05
1.8560e-02 1.3820e+05
2.1490e-02 1.3109e+05
2.9370e-02 1.3560e+05
3.6670e-02 1.3023e+05
4.2110e-02 1.1867e+05
4.8830e-02 1.0761e+05
5.7190e-02 9.7082e+04
6.7660e-02 8.7325e+04
8.2410e-02 7.8787e+04
9.8180e-02 7.1905e+04
1.1910e-01 6.5398e+04
1.4520e-01 6.0764e+04
1.7720e-01 5.8283e+04
2.1670e-01 5.8393e+04
2.6040e-01 6.0788e+04
3.0870e-01 6.5498e+04
3.5990e-01 7.2365e+04
4.1350e-01 8.0886e+04
4.6490e-01 9.0341e+04
5.1460e-01 1.0022e+05
5.6210e-01 1.1002e+05
6.0710e-01 1.1949e+05
6.5030e-01 1.2844e+05
6.9110e-01 1.3653e+05
7.3060e-01 1.4387e+05
7.6950e-01 1.5049e+05
8.0850e-01 1.5680e+05
8.4860e-01 1.6320e+05
8.8980e-01 1.6953e+05
9.3330e-01 1.7599e+05
9.8020e-01 1.8339e+05
1.0310e+00 1.9168e+05
1.0870e+00 2.0112e+05
1.6740e+00 5.6145e+05
1.7210e+00 5.5074e+05
1.7760e+00 5.4506e+05
1.8390e+00 5.4446e+05
1.9100e+00 5.4881e+05
1.9920e+00 5.5885e+05
2.0830e+00 5.7394e+05
2.1850e+00 5.9478e+05
2.2990e+00 6.2213e+05
2.4230e+00 6.5509e+05
2.5610e+00 6.9442e+05
2.7040e+00 7.3614e+05
2.8680e+00 7.8957e+05
3.0450e+00 8.5129e+05
3.2380e+00 9.2168e+05
3.4450e+00 9.9974e+05
3.6650e+00 1.0853e+06
3.8960e+00 1.1751e+06
4.1340e+00 1.2680e+06
4.3760e+00 1.3585e+06
4.6200e+00 1.4448e+06
4.8620e+00 1.5229e+06
5.1020e+00 1.5880e+06
5.3380e+00 1.6404e+06
5.5710e+00 1.6773e+06
5.7990e+00 1.6992e+06
6.0250e+00 1.7057e+06
6.2480e+00 1.7004e+06
6.4690e+00 1.6803e+06
6.6910e+00 1.6510e+06
6.9140e+00 1.6118e+06
7.1390e+00 1.5667e+06
7.3690e+00 1.5152e+06
7.6050e+00 1.4598e+06
7.8490e+00 1.4012e+06
8.1030e+00 1.3415e+06
8.3700e+00 1.2805e+06
8.6530e+00 1.2197e+06
8.9560e+00 1.1593e+06
9.2820e+00 1.1001e+06
9.6360e+00 1.0418e+06
1.0020e+01 9.8512e+05
1.0450e+01 9.2938e+05
1.0920e+01 8.7489e+05
1.1440e+01 8.2208e+05
1.2030e+01 7.7064e+05
1.2690e+01 7.2064e+05
1.3430e+01 6.7215e+05
1.4280e+01 6.2508e+05
1.5240e+01 5.7985e+05
1.6340e+01 5.3607e+05
1.7600e+01 4.9422e+05
1.9040e+01 4.5419e+05
2.0690e+01 4.1653e+05
2.2580e+01 3.8089e+05
2.4750e+01 3.4748e+05
2.7240e+01 3.1631e+05
3.0090e+01 2.8734e+05
3.3370e+01 2.6048e+05
3.7150e+01 2.3563e+05
4.1510e+01 2.1288e+05
4.6570e+01 1.9192e+05
5.2480e+01 1.7262e+05
5.9440e+01 1.5488e+05
6.7690e+01 1.3852e+05
7.7550e+01 1.2346e+05
