1.6430e-02 0.0000e+00
1.8560e-02 0.0000e+00
2.1490e-02 0.0000e+00
2.9370e-02 0.0000e+00
3.6670e-02 0.0000e+00
4.2110e-02 0.0000e+00
4.8830e-02 0.0000e+00
5.7190e-02 0.0000e+00
6.7660e-02 0.0000e+00
8.2410e-02 0.0000e+00
9.8180e-02 0.0000e+00
1.1910e-01 0.0000e+00
1.4520e-01 0.0000e+00
1.7720e-01 0.0000e+00
2.1670e-01 5.8931e-08
2.6040e-01 1.0177e-07
3.0870e-01 1.6607e-07
3.5990e-01 2.5988e-07
4.1350e-01 1.0713e-06
4.6490e-01 1.6703e-06
5.1460e-01 2.6520e-06
5.6210e-01 4.4408e-06
6.0710e-01 8.0203e-06
6.5030e-01 1.6348e-05
6.9110e-01 3.4017e-05
7.3060e-01 7.5752e-05
7.6950e-01 1.8239e-04
8.0850e-01 4.7534e-04
8.4860e-01 1.3100e-03
8.8980e-01 3.6425e-03
9.3330e-01 9.9111e-03
9.8020e-01 2.5952e-02
1.0310e+00 6.4359e-02
1.0870e+00 1.5106e-01
1.6740e+00 6.1638e+01
1.7210e+00 5.7804e+01
1.7760e+00 5.4786e+01
1.8390e+00 5.2789e+01
1.9100e+00 5.2147e+01
1.9920e+00 5.3389e+01
2.0830e+00 5.7096e+01
2.1850e+00 6.4117e+01
2.2990e+00 7.5360e+01
2.4230e+00 9.1514e+01
2.5610e+00 1.1318e+02
2.7040e+00 1.3853e+02
2.8680e+00 1.7126e+02
3.0450e+00 2.0863e+02
3.2380e+00 2.4919e+02
3.4450e+00 2.9099e+02
3.6650e+00 3.3178e+02
3.8960e+00 3.6921e+02
4.1340e+00 4.0163e+02
4.3760e+00 4.2735e+02
4.6200e+00 4.4565e+02
4.8620e+00 4.5623e+02
5.1020e+00 4.5917e+02
5.3380e+00 4.5531e+02
5.5710e+00 4.4548e+02
5.7990e+00 4.3095e+02
6.0250e+00 4.1266e+02
6.2480e+00 3.9191e+02
6.4690e+00 3.6901e+02
6.6910e+00 3.4547e+02
6.9140e+00 3.2149e+02
7.1390e+00 2.9782e+02
7.3690e+00 2.7486e+02
7.6050e+00 2.5272e+02
7.8490e+00 2.3170e+02
8.1030e+00 2.1193e+02
8.3700e+00 1.9333e+02
8.6530e+00 1.7591e+02
8.9560e+00 1.5977e+02
9.2820e+00 1.4471e+02
9.6360e+00 1.3073e+02
1.0020e+01 1.1776e+02
1.0450e+01 1.0573e+02
1.0920e+01 9.4616e+01
1.1440e+01 8.4392e+01
1.2030e+01 7.4968e+01
1.2690e+01 6.6363e+01
1.3430e+01 5.8520e+01
1.4280e+01 5.1388e+01
1.5240e+01 4.4955e+01
1.6340e+01 3.9196e+01
1.7600e+01 3.4047e+01
1.9040e+01 2.9473e+01
2.0690e+01 2.5475e+01
2.2580e+01 2.1954e+01
2.4750e+01 1.8897e+01
2.7240e+01 1.6252e+01
3.0090e+01 1.3970e+01
3.3370e+01 1.2002e+01
3.7150e+01 1.0316e+01
4.1510e+01 8.8742e+00
4.6570e+01 7.6366e+00
5.2480e+01 6.5820e+00
5.9440e+01 5.6754e+00
6.7690e+01 4.8969e+00
7.7550e+01 4.2243e+00
