1.6430e-02 0.0000e+00
1.8560e-02 0.0000e+00
2.1490e-02 0.0000e+00
2.9370e-02 0.0000e+00
3.6670e-02 0.0000e+00
4.2110e-02 0.0000e+00
4.8830e-02 0.0000e+00
5.7190e-02 0.0000e+00
6.7660e-02 0.0000e+00
8.2410e-02 0.0000e+00
9.8180e-02 0.0000e+00
1.1910e-01 0.0000e+00
1.4520e-01 0.0000e+00
1.7720e-01 0.0000e+00
2.1670e-01 6.7253e-10
2.6040e-01 1.1747e-09
3.0870e-01 1.9354e-09
3.5990e-01 3.0451e-09
4.1350e-01 1.6012e-08
4.6490e-01 2.4918e-08
5.1460e-01 3.9119e-08
5.6210e-01 6.4262e-08
6.0710e-01 1.1418e-07
6.5030e-01 2.4410e-07
6.9110e-01 5.1055e-07
7.3060e-01 1.1511e-06
7.6950e-01 2.8163e-06
8.0850e-01 7.4865e-06
8.4860e-01 2.1260e-05
8.8980e-01 6.1390e-05
9.3330e-01 1.7534e-04
9.8020e-01 4.8762e-04
1.0310e+00 1.2945e-03
1.0870e+00 3.2787e-03
1.6740e+00 8.1070e+00
1.7210e+00 7.5598e+00
1.7760e+00 7.0763e+00
1.8390e+00 6.6595e+00
1.9100e+00 6.3213e+00
1.9920e+00 6.0917e+00
2.0830e+00 5.9954e+00
2.1850e+00 6.0866e+00
2.2990e+00 6.4285e+00
2.4230e+00 7.0738e+00
2.5610e+00 8.0953e+00
2.7040e+00 9.4171e+00
2.8680e+00 1.1326e+01
3.0450e+00 1.3724e+01
3.2380e+00 1.6585e+01
3.4450e+00 1.9826e+01
3.6650e+00 2.3366e+01
3.8960e+00 2.7035e+01
4.1340e+00 3.0679e+01
4.3760e+00 3.4126e+01
4.6200e+00 3.7217e+01
4.8620e+00 3.9818e+01
5.1020e+00 4.1832e+01
5.3380e+00 4.3219e+01
5.5710e+00 4.3968e+01
5.7990e+00 4.4123e+01
6.0250e+00 4.3742e+01
6.2480e+00 4.2916e+01
6.4690e+00 4.1657e+01
6.6910e+00 4.0141e+01
6.9140e+00 3.8373e+01
7.1390e+00 3.6476e+01
7.3690e+00 3.4491e+01
7.6050e+00 3.2466e+01
7.8490e+00 3.0444e+01
8.1030e+00 2.8453e+01
8.3700e+00 2.6520e+01
8.6530e+00 2.4644e+01
8.9560e+00 2.2856e+01
9.2820e+00 2.1146e+01
9.6360e+00 1.9522e+01
1.0020e+01 1.7976e+01
1.0450e+01 1.6510e+01
1.0920e+01 1.5122e+01
1.1440e+01 1.3811e+01
1.2030e+01 1.2573e+01
1.2690e+01 1.1415e+01
1.3430e+01 1.0328e+01
1.4280e+01 9.3119e+00
1.5240e+01 8.3704e+00
1.6340e+01 7.4978e+00
1.7600e+01 6.6986e+00
1.9040e+01 5.9658e+00
2.0690e+01 5.3039e+00
2.2580e+01 4.7045e+00
2.4750e+01 4.1672e+00
2.7240e+01 3.6861e+00
3.0090e+01 3.2584e+00
3.3370e+01 2.8773e+00
3.7150e+01 2.5393e+00
4.1510e+01 2.2414e+00
4.6570e+01 1.9776e+00
5.2480e+01 1.7430e+00
5.9440e+01 1.5352e+00
6.7690e+01 1.3496e+00
7.7550e+01 1.1837e+00
