1.6430e-02 0.0000e+00
1.8560e-02 0.0000e+00
2.1490e-02 0.0000e+00
2.9370e-02 0.0000e+00
3.6670e-02 0.0000e+00
4.2110e-02 0.0000e+00
4.8830e-02 0.0000e+00
5.7190e-02 0.0000e+00
6.7660e-02 0.0000e+00
8.2410e-02 0.0000e+00
9.8180e-02 0.0000e+00
1.1910e-01 0.0000e+00
1.4520e-01 0.0000e+00
1.7720e-01 0.0000e+00
2.1670e-01 1.0444e-09
2.6040e-01 1.8551e-09
3.0870e-01 3.0997e-09
3.5990e-01 4.9308e-09
4.1350e-01 7.6986e-08
4.6490e-01 1.2031e-07
5.1460e-01 1.8668e-07
5.6210e-01 2.9844e-07
6.0710e-01 5.1363e-07
6.5030e-01 1.0501e-06
6.9110e-01 2.1966e-06
7.3060e-01 5.0061e-06
7.6950e-01 1.2398e-05
8.0850e-01 3.3368e-05
8.4860e-01 9.5802e-05
8.8980e-01 2.7957e-04
9.3330e-01 8.0050e-04
9.8020e-01 2.1981e-03
1.0310e+00 5.6827e-03
1.0870e+00 1.3802e-02
1.6740e+00 3.8027e+01
1.7210e+00 3.5459e+01
1.7760e+00 3.3151e+01
1.8390e+00 3.1089e+01
1.9100e+00 2.9311e+01
1.9920e+00 2.7838e+01
2.0830e+00 2.6712e+01
2.1850e+00 2.6025e+01
2.2990e+00 2.5893e+01
2.4230e+00 2.6400e+01
2.5610e+00 2.7744e+01
2.7040e+00 2.9887e+01
2.8680e+00 3.3546e+01
3.0450e+00 3.8784e+01
3.2380e+00 4.5857e+01
3.4450e+00 5.4890e+01
3.6650e+00 6.5921e+01
3.8960e+00 7.8681e+01
4.1340e+00 9.2776e+01
4.3760e+00 1.0750e+02
4.6200e+00 1.2208e+02
4.8620e+00 1.3573e+02
5.1020e+00 1.4767e+02
5.3380e+00 1.5740e+02
5.5710e+00 1.6463e+02
5.7990e+00 1.6916e+02
6.0250e+00 1.7112e+02
6.2480e+00 1.7074e+02
6.4690e+00 1.6803e+02
6.6910e+00 1.6377e+02
6.9140e+00 1.5796e+02
7.1390e+00 1.5118e+02
7.3690e+00 1.4375e+02
7.6050e+00 1.3573e+02
7.8490e+00 1.2757e+02
8.1030e+00 1.1932e+02
8.3700e+00 1.1115e+02
8.6530e+00 1.0314e+02
8.9560e+00 9.5439e+01
9.2820e+00 8.8040e+01
9.6360e+00 8.0913e+01
1.0020e+01 7.4144e+01
1.0450e+01 6.7662e+01
1.0920e+01 6.1521e+01
1.1440e+01 5.5677e+01
1.2030e+01 5.0180e+01
1.2690e+01 4.5010e+01
1.3430e+01 4.0173e+01
1.4280e+01 3.5645e+01
1.5240e+01 3.1469e+01
1.6340e+01 2.7620e+01
1.7600e+01 2.4117e+01
1.9040e+01 2.0947e+01
2.0690e+01 1.8112e+01
2.2580e+01 1.5587e+01
2.4750e+01 1.3358e+01
2.7240e+01 1.1408e+01
3.0090e+01 9.7079e+00
3.3370e+01 8.2399e+00
3.7150e+01 6.9784e+00
4.1510e+01 5.9007e+00
4.6570e+01 4.9844e+00
5.2480e+01 4.2029e+00
5.9440e+01 3.5407e+00
6.7690e+01 2.9781e+00
7.7550e+01 2.5011e+00
