1.6430e-02 4.4237e+06
1.8560e-02 4.4896e+06
2.1490e-02 4.4984e+06
2.9370e-02 5.2126e+06
3.6670e-02 5.5426e+06
4.2110e-02 5.4410e+06
4.8830e-02 5.3622e+06
5.7190e-02 5.3170e+06
6.7660e-02 5.3030e+06
8.2410e-02 5.4194e+06
9.8180e-02 5.5210e+06
1.1910e-01 5.6427e+06
1.4520e-01 5.8404e+06
1.7720e-01 6.1225e+06
2.1670e-01 6.5289e+06
2.6040e-01 6.9582e+06
3.0870e-01 7.4367e+06
3.5990e-01 7.9475e+06
4.1350e-01 8.4699e+06
4.6490e-01 8.9245e+06
5.1460e-01 9.3160e+06
5.6210e-01 9.6171e+06
6.0710e-01 9.8322e+06
6.5030e-01 9.9621e+06
6.9110e-01 9.9895e+06
7.3060e-01 9.9345e+06
7.6950e-01 9.7997e+06
8.0850e-01 9.6177e+06
8.4860e-01 9.4082e+06
8.8980e-01 9.1561e+06
9.3330e-01 8.8825e+06
9.8020e-01 8.6112e+06
1.0310e+00 8.3286e+06
1.0870e+00 8.0505e+06
1.6740e+00 9.4223e+06
1.7210e+00 8.9753e+06
1.7760e+00 8.5745e+06
1.8390e+00 8.2161e+06
1.9100e+00 7.8955e+06
1.9920e+00 7.6153e+06
2.0830e+00 7.3594e+06
2.1850e+00 7.1321e+06
2.2990e+00 6.9350e+06
2.4230e+00 6.7532e+06
2.5610e+00 6.5847e+06
2.7040e+00 6.4149e+06
2.8680e+00 6.2707e+06
3.0450e+00 6.1396e+06
3.2380e+00 6.0182e+06
3.4450e+00 5.8993e+06
3.6650e+00 5.7873e+06
3.8960e+00 5.6729e+06
4.1340e+00 5.5566e+06
4.3760e+00 5.4304e+06
4.6200e+00 5.2931e+06
4.8620e+00 5.1438e+06
5.1020e+00 4.9767e+06
5.3380e+00 4.7937e+06
5.5710e+00 4.5969e+06
5.7990e+00 4.3883e+06
6.0250e+00 4.1724e+06
6.2480e+00 3.9522e+06
6.4690e+00 3.7264e+06
6.6910e+00 3.5037e+06
6.9140e+00 3.2822e+06
7.1390e+00 3.0675e+06
7.3690e+00 2.8603e+06
7.6050e+00 2.6614e+06
7.8490e+00 2.4710e+06
8.1030e+00 2.2910e+06
8.3700e+00 2.1210e+06
8.6530e+00 1.9598e+06
8.9560e+00 1.8100e+06
9.2820e+00 1.6687e+06
9.6360e+00 1.5367e+06
1.0020e+01 1.4132e+06
1.0450e+01 1.2974e+06
1.0920e+01 1.1890e+06
1.1440e+01 1.0879e+06
1.2030e+01 9.9336e+05
1.2690e+01 9.0533e+05
1.3430e+01 8.2319e+05
1.4280e+01 7.4663e+05
1.5240e+01 6.7579e+05
1.6340e+01 6.0998e+05
1.7600e+01 5.4935e+05
1.9040e+01 4.9351e+05
2.0690e+01 4.4268e+05
2.2580e+01 3.9602e+05
2.4750e+01 3.5376e+05
2.7240e+01 3.1547e+05
3.0090e+01 2.8085e+05
3.3370e+01 2.4963e+05
3.7150e+01 2.2145e+05
4.1510e+01 1.9625e+05
4.6570e+01 1.7364e+05
5.2480e+01 1.5331e+05
5.9440e+01 1.3507e+05
6.7690e+01 1.1863e+05
7.7550e+01 1.0386e+05
