1.6430e-02 1.4829e+06
1.8560e-02 1.5035e+06
2.1490e-02 1.5052e+06
2.9370e-02 1.7399e+06
3.6670e-02 1.8450e+06
4.2110e-02 1.8044e+06
4.8830e-02 1.7710e+06
5.7190e-02 1.7450e+06
6.7660e-02 1.7271e+06
8.2410e-02 1.7455e+06
9.8180e-02 1.7535e+06
1.1910e-01 1.7604e+06
1.4520e-01 1.7837e+06
1.7720e-01 1.8236e+06
2.1670e-01 1.8925e+06
2.6040e-01 1.9608e+06
3.0870e-01 2.0374e+06
3.5990e-01 2.1209e+06
4.1350e-01 2.2058e+06
4.6490e-01 2.2768e+06
5.1460e-01 2.3343e+06
5.6210e-01 2.3732e+06
6.0710e-01 2.3957e+06
6.5030e-01 2.4023e+06
6.9110e-01 2.3881e+06
7.3060e-01 2.3574e+06
7.6950e-01 2.3121e+06
8.0850e-01 2.2603e+06
8.4860e-01 2.2050e+06
8.8980e-01 2.1415e+06
9.3330e-01 2.0768e+06
9.8020e-01 2.0136e+06
1.0310e+00 1.9499e+06
1.0870e+00 1.8911e+06
1.6740e+00 2.2690e+06
1.7210e+00 2.1711e+06
1.7760e+00 2.0857e+06
1.8390e+00 2.0119e+06
1.9100e+00 1.9498e+06
1.9920e+00 1.8972e+06
2.0830e+00 1.8517e+06
2.1850e+00 1.8134e+06
2.2990e+00 1.7836e+06
2.4230e+00 1.7583e+06
2.5610e+00 1.7361e+06
2.7040e+00 1.7119e+06
2.8680e+00 1.6956e+06
3.0450e+00 1.6799e+06
3.2380e+00 1.6669e+06
3.4450e+00 1.6518e+06
3.6650e+00 1.6365e+06
3.8960e+00 1.6193e+06
4.1340e+00 1.5980e+06
4.3760e+00 1.5725e+06
4.6200e+00 1.5411e+06
4.8620e+00 1.5043e+06
5.1020e+00 1.4596e+06
5.3380e+00 1.4081e+06
5.5710e+00 1.3513e+06
5.7990e+00 1.2903e+06
6.0250e+00 1.2261e+06
6.2480e+00 1.1604e+06
6.4690e+00 1.0916e+06
6.6910e+00 1.0238e+06
6.9140e+00 9.5641e+05
7.1390e+00 8.9113e+05
7.3690e+00 8.2760e+05
7.6050e+00 7.6673e+05
7.8490e+00 7.0894e+05
8.1030e+00 6.5390e+05
8.3700e+00 6.0222e+05
8.6530e+00 5.5319e+05
8.9560e+00 5.0777e+05
9.2820e+00 4.6504e+05
9.6360e+00 4.2540e+05
1.0020e+01 3.8799e+05
1.0450e+01 3.5302e+05
1.0920e+01 3.2073e+05
1.1440e+01 2.9045e+05
1.2030e+01 2.6208e+05
1.2690e+01 2.3594e+05
1.3430e+01 2.1181e+05
1.4280e+01 1.8938e+05
1.5240e+01 1.6874e+05
1.6340e+01 1.4990e+05
1.7600e+01 1.3262e+05
1.9040e+01 1.1691e+05
2.0690e+01 1.0278e+05
2.2580e+01 9.0049e+04
2.4750e+01 7.8682e+04
2.7240e+01 6.8560e+04
3.0090e+01 5.9599e+04
3.3370e+01 5.1678e+04
3.7150e+01 4.4701e+04
4.1510e+01 3.8597e+04
4.6570e+01 3.3248e+04
5.2480e+01 2.8567e+04
5.9440e+01 2.4472e+04
6.7690e+01 2.0886e+04
7.7550e+01 1.7752e+04
