1.2340e-02 3.3489e+04
1.3660e-02 3.4207e+04
1.5310e-02 3.5427e+04
2.1070e-02 4.7669e+04
2.5120e-02 5.2369e+04
2.8510e-02 5.4675e+04
3.2800e-02 5.7822e+04
3.9900e-02 6.4489e+04
4.7040e-02 6.9464e+04
5.6400e-02 7.5680e+04
7.0560e-02 8.5490e+04
8.6770e-02 9.4640e+04
1.0690e-01 1.0613e+05
1.3360e-01 1.1943e+05
1.6870e-01 1.3695e+05
2.0820e-01 1.5545e+05
2.5350e-01 1.7638e+05
3.0310e-01 1.9989e+05
3.5710e-01 2.2586e+05
4.0970e-01 2.5126e+05
4.6140e-01 2.7649e+05
5.1110e-01 3.0001e+05
5.5790e-01 3.2159e+05
6.0250e-01 3.4064e+05
6.4340e-01 3.5568e+05
6.8190e-01 3.6716e+05
7.1830e-01 3.7541e+05
7.5320e-01 3.8030e+05
7.8720e-01 3.8280e+05
8.2170e-01 3.8367e+05
8.5570e-01 3.8186e+05
8.9080e-01 3.7895e+05
9.2760e-01 3.7521e+05
9.6680e-01 3.7107e+05
1.0090e+00 3.6672e+05
1.0550e+00 3.6237e+05
1.1050e+00 3.5882e+05
1.1600e+00 3.5552e+05
1.2220e+00 3.5309e+05
1.7640e+00 4.7248e+05
1.8240e+00 4.6297e+05
1.8920e+00 4.5606e+05
1.9700e+00 4.5155e+05
2.0560e+00 4.4886e+05
2.1530e+00 4.4799e+05
2.2590e+00 4.4896e+05
2.3770e+00 4.5180e+05
2.5050e+00 4.5597e+05
2.6450e+00 4.6201e+05
2.7910e+00 4.6755e+05
2.9570e+00 4.7672e+05
3.1380e+00 4.8755e+05
3.3330e+00 5.0004e+05
3.5430e+00 5.1453e+05
3.7680e+00 5.3079e+05
4.0060e+00 5.4846e+05
4.2560e+00 5.6617e+05
4.5140e+00 5.8418e+05
4.7790e+00 6.0064e+05
5.0480e+00 6.1459e+05
5.3180e+00 6.2580e+05
5.5900e+00 6.3351e+05
5.8620e+00 6.3661e+05
6.1340e+00 6.3581e+05
6.4060e+00 6.3051e+05
6.6780e+00 6.2161e+05
6.9510e+00 6.0897e+05
7.2270e+00 5.9339e+05
7.5070e+00 5.7541e+05
7.7950e+00 5.5620e+05
8.0930e+00 5.3522e+05
8.4040e+00 5.1400e+05
8.7310e+00 4.9218e+05
9.0780e+00 4.7078e+05
9.4510e+00 4.4941e+05
9.8540e+00 4.2848e+05
1.0290e+01 4.0793e+05
1.0780e+01 3.8851e+05
1.1310e+01 3.6957e+05
1.1910e+01 3.5136e+05
1.2580e+01 3.3403e+05
1.3330e+01 3.1768e+05
1.4180e+01 3.0204e+05
1.5140e+01 2.8714e+05
1.6240e+01 2.7328e+05
1.7490e+01 2.6016e+05
1.8930e+01 2.4793e+05
2.0560e+01 2.3658e+05
2.2440e+01 2.2599e+05
2.4580e+01 2.1619e+05
2.7030e+01 2.0715e+05
2.9840e+01 1.9866e+05
3.3060e+01 1.9080e+05
3.6760e+01 1.8354e+05
4.1030e+01 1.7666e+05
4.5980e+01 1.7020e+05
5.1740e+01 1.6398e+05
5.8490e+01 1.5796e+05
6.6460e+01 1.5199e+05
7.5980e+01 1.4594e+05
