1.3170e-02 0.0000e+00
1.4620e-02 0.0000e+00
1.6430e-02 0.0000e+00
2.3900e-02 0.0000e+00
2.6820e-02 0.0000e+00
3.0480e-02 0.0000e+00
3.5110e-02 0.0000e+00
4.2600e-02 0.0000e+00
5.0260e-02 0.0000e+00
6.2060e-02 0.0000e+00
7.5250e-02 0.0000e+00
9.2590e-02 0.0000e+00
1.1420e-01 0.0000e+00
1.4280e-01 0.0000e+00
1.7990e-01 0.0000e+00
2.2180e-01 0.0000e+00
2.6940e-01 0.0000e+00
3.2290e-01 1.0307e-08
3.7620e-01 1.6514e-08
4.2950e-01 2.4954e-08
4.8130e-01 3.5907e-08
5.3030e-01 4.9813e-08
5.7690e-01 9.8361e-08
6.1940e-01 1.3944e-07
6.5900e-01 2.0382e-07
6.9600e-01 3.1905e-07
7.3100e-01 5.5115e-07
7.6470e-01 1.0570e-06
7.9760e-01 2.2232e-06
8.3090e-01 5.1505e-06
8.6410e-01 1.2888e-05
8.9850e-01 3.4936e-05
9.3460e-01 9.9323e-05
9.7330e-01 2.8431e-04
1.0150e+00 7.8820e-04
1.0600e+00 2.0814e-03
1.1100e+00 5.2060e-03
1.1660e+00 1.2223e-02
1.2270e+00 2.7049e-02
1.7000e+00 1.7623e+01
1.7620e+00 1.6730e+01
1.8320e+00 1.5977e+01
1.9110e+00 1.5377e+01
1.9990e+00 1.4932e+01
2.0980e+00 1.4685e+01
2.2070e+00 1.4713e+01
2.3270e+00 1.5072e+01
2.4570e+00 1.5852e+01
2.6000e+00 1.7186e+01
2.7490e+00 1.9026e+01
2.9170e+00 2.1889e+01
3.1000e+00 2.5803e+01
3.2980e+00 3.0955e+01
3.5120e+00 3.7490e+01
3.7390e+00 4.5443e+01
3.9820e+00 5.4737e+01
4.2340e+00 6.4999e+01
4.4950e+00 7.5806e+01
4.7620e+00 8.6577e+01
5.0330e+00 9.6754e+01
5.3050e+00 1.0581e+02
5.5790e+00 1.1332e+02
5.8520e+00 1.1875e+02
6.1250e+00 1.2232e+02
6.3970e+00 1.2374e+02
6.6700e+00 1.2335e+02
6.9440e+00 1.2137e+02
7.2210e+00 1.1800e+02
7.5010e+00 1.1359e+02
7.7900e+00 1.0833e+02
8.0880e+00 1.0264e+02
8.3990e+00 9.6551e+01
8.7260e+00 9.0338e+01
9.0740e+00 8.4069e+01
9.4470e+00 7.7854e+01
9.8500e+00 7.1766e+01
1.0290e+01 6.5838e+01
1.0770e+01 6.0126e+01
1.1310e+01 5.4651e+01
1.1910e+01 4.9374e+01
1.2570e+01 4.4397e+01
1.3320e+01 3.9709e+01
1.4170e+01 3.5320e+01
1.5140e+01 3.1229e+01
1.6240e+01 2.7453e+01
1.7490e+01 2.4017e+01
1.8920e+01 2.0895e+01
2.0560e+01 1.8094e+01
2.2430e+01 1.5585e+01
2.4580e+01 1.3377e+01
2.7030e+01 1.1445e+01
2.9840e+01 9.7570e+00
3.3060e+01 8.2957e+00
3.6760e+01 7.0381e+00
4.1030e+01 5.9622e+00
4.5980e+01 5.0428e+00
5.1740e+01 4.2614e+00
5.8490e+01 3.5963e+00
6.6460e+01 3.0326e+00
7.5980e+01 2.5529e+00
