5.6390e-02 4.2718e+05
6.4740e-02 4.7844e+05
7.0950e-02 4.9354e+05
7.7400e-02 5.0530e+05
8.4460e-02 5.1768e+05
9.1380e-02 5.2190e+05
9.8660e-02 5.2366e+05
1.0640e-01 5.2386e+05
1.1520e-01 5.2529e+05
1.2460e-01 5.2527e+05
1.3560e-01 5.2633e+05
1.4920e-01 5.3258e+05
1.6600e-01 5.4318e+05
1.8780e-01 5.6319e+05
2.1640e-01 5.9501e+05
2.5380e-01 6.4319e+05
3.0080e-01 7.0704e+05
3.5780e-01 7.8852e+05
4.2290e-01 8.8164e+05
4.9420e-01 9.8345e+05
5.7010e-01 1.0871e+06
6.4810e-01 1.1863e+06
7.2810e-01 1.2770e+06
8.1060e-01 1.3579e+06
8.9600e-01 1.4268e+06
1.4210e+00 2.0057e+06
1.4810e+00 1.9996e+06
1.5500e+00 1.9936e+06
1.6300e+00 1.9879e+06
1.7200e+00 1.9861e+06
1.8230e+00 1.9875e+06
1.9380e+00 1.9952e+06
2.0660e+00 2.0080e+06
2.2080e+00 2.0270e+06
2.3640e+00 2.0528e+06
2.5280e+00 2.0790e+06
2.7120e+00 2.1188e+06
2.9100e+00 2.1661e+06
3.1200e+00 2.2188e+06
3.3390e+00 2.2751e+06
3.5640e+00 2.3285e+06
3.7880e+00 2.3745e+06
4.0080e+00 2.4093e+06
4.2190e+00 2.4254e+06
4.4180e+00 2.4193e+06
4.6040e+00 2.3912e+06
4.7770e+00 2.3439e+06
4.9370e+00 2.2796e+06
5.0860e+00 2.2026e+06
5.2270e+00 2.1149e+06
5.3620e+00 2.0223e+06
5.4910e+00 1.9257e+06
5.6170e+00 1.8287e+06
5.7430e+00 1.7324e+06
5.8680e+00 1.6384e+06
5.9940e+00 1.5473e+06
6.1220e+00 1.4593e+06
6.2540e+00 1.3753e+06
6.3890e+00 1.2949e+06
6.5290e+00 1.2185e+06
6.6730e+00 1.1462e+06
6.8240e+00 1.0774e+06
6.9800e+00 1.0120e+06
7.1440e+00 9.5158e+05
7.3150e+00 8.9356e+05
7.4940e+00 8.3957e+05
7.6840e+00 7.8927e+05
7.8850e+00 7.4159e+05
8.0980e+00 6.9757e+05
8.3260e+00 6.5568e+05
8.5700e+00 6.1704e+05
8.8340e+00 5.8102e+05
9.1200e+00 5.4721e+05
9.4330e+00 5.1577e+05
9.7740e+00 4.8631e+05
1.0150e+01 4.5897e+05
1.0570e+01 4.3303e+05
1.1030e+01 4.0910e+05
1.1550e+01 3.8660e+05
1.2140e+01 3.6536e+05
1.2790e+01 3.4571e+05
1.3540e+01 3.2710e+05
1.4390e+01 3.0981e+05
1.5350e+01 2.9362e+05
1.6450e+01 2.7850e+05
1.7720e+01 2.6450e+05
1.9160e+01 2.5145e+05
2.0820e+01 2.3941e+05
2.2720e+01 2.2829e+05
2.4900e+01 2.1796e+05
2.7410e+01 2.0847e+05
3.0280e+01 1.9964e+05
3.3580e+01 1.9154e+05
3.7380e+01 1.8388e+05
4.1780e+01 1.7683e+05
4.6880e+01 1.7008e+05
5.2840e+01 1.6369e+05
5.9850e+01 1.5744e+05
6.8170e+01 1.5122e+05
7.8120e+01 1.4492e+05
