1.1360e-02 0.0000e+00
1.2530e-02 0.0000e+00
1.3960e-02 0.0000e+00
1.5690e-02 0.0000e+00
1.7640e-02 0.0000e+00
2.0130e-02 0.0000e+00
2.3260e-02 0.0000e+00
2.6710e-02 0.0000e+00
3.0900e-02 0.0000e+00
3.5470e-02 0.0000e+00
4.4920e-02 0.0000e+00
5.0460e-02 0.0000e+00
5.6710e-02 0.0000e+00
6.3740e-02 0.0000e+00
7.2380e-02 0.0000e+00
8.1160e-02 0.0000e+00
9.1120e-02 0.0000e+00
1.0260e-01 0.0000e+00
1.1630e-01 0.0000e+00
1.3250e-01 0.0000e+00
1.5260e-01 0.0000e+00
1.7780e-01 0.0000e+00
2.0960e-01 3.5836e-09
2.4790e-01 8.6483e-09
2.9280e-01 2.2236e-08
3.4320e-01 6.1351e-08
3.9790e-01 2.2937e-07
4.5420e-01 7.0968e-07
5.1100e-01 2.3415e-06
5.6820e-01 8.2778e-06
6.2430e-01 2.8760e-05
6.8020e-01 9.6950e-05
7.3680e-01 3.1158e-04
7.9470e-01 9.3569e-04
8.5550e-01 2.6398e-03
9.2010e-01 6.9481e-03
9.9020e-01 1.7171e-02
1.6370e+00 1.0991e+01
1.6950e+00 1.0055e+01
1.7630e+00 9.2681e+00
1.8420e+00 8.6439e+00
1.9340e+00 8.2284e+00
2.0390e+00 8.0831e+00
2.1580e+00 8.2598e+00
2.2930e+00 8.8329e+00
2.4420e+00 9.8774e+00
2.6030e+00 1.1322e+01
2.7840e+00 1.3414e+01
2.9830e+00 1.6037e+01
3.1980e+00 1.9127e+01
3.4270e+00 2.2586e+01
3.6690e+00 2.6229e+01
3.9190e+00 2.9900e+01
4.1740e+00 3.3430e+01
4.4310e+00 3.6621e+01
4.6860e+00 3.9317e+01
4.9380e+00 4.1419e+01
5.1850e+00 4.2884e+01
5.4280e+00 4.3704e+01
5.6650e+00 4.3912e+01
5.8990e+00 4.3573e+01
6.1300e+00 4.2773e+01
6.3590e+00 4.1543e+01
6.5870e+00 4.0042e+01
6.8160e+00 3.8285e+01
7.0470e+00 3.6397e+01
7.2830e+00 3.4423e+01
7.5240e+00 3.2407e+01
7.7740e+00 3.0389e+01
8.0340e+00 2.8403e+01
8.3070e+00 2.6472e+01
8.5960e+00 2.4601e+01
8.9060e+00 2.2816e+01
9.2390e+00 2.1104e+01
9.6000e+00 1.9482e+01
9.9940e+00 1.7944e+01
1.0430e+01 1.6475e+01
1.0910e+01 1.5088e+01
1.1440e+01 1.3775e+01
1.2040e+01 1.2541e+01
1.2710e+01 1.1379e+01
1.3470e+01 1.0289e+01
1.4330e+01 9.2755e+00
1.5310e+01 8.3307e+00
1.6430e+01 7.4647e+00
1.7710e+01 6.6654e+00
1.9170e+01 5.9354e+00
2.0850e+01 5.2764e+00
2.2770e+01 4.6785e+00
2.4970e+01 4.1426e+00
2.7500e+01 3.6650e+00
3.0400e+01 3.2377e+00
3.3740e+01 2.8587e+00
3.7580e+01 2.5226e+00
4.2020e+01 2.2269e+00
4.7180e+01 1.9634e+00
5.3200e+01 1.7302e+00
6.0290e+01 1.5232e+00
6.8700e+01 1.3388e+00
7.8780e+01 1.1736e+00
