1.1360e-02 5.5816e+06
1.2530e-02 5.5783e+06
1.3960e-02 5.6105e+06
1.5690e-02 5.6811e+06
1.7640e-02 5.8238e+06
2.0130e-02 5.9547e+06
2.3260e-02 6.2208e+06
2.6710e-02 6.3934e+06
3.0900e-02 6.6841e+06
3.5470e-02 6.8722e+06
4.4920e-02 8.1722e+06
5.0460e-02 8.1954e+06
5.6710e-02 8.2251e+06
6.3740e-02 8.2557e+06
7.2380e-02 8.4324e+06
8.1160e-02 8.4449e+06
9.1120e-02 8.4625e+06
1.0260e-01 8.5023e+06
1.1630e-01 8.6615e+06
1.3250e-01 8.7438e+06
1.5260e-01 8.9080e+06
1.7780e-01 9.1439e+06
2.0960e-01 9.5349e+06
2.4790e-01 9.9626e+06
2.9280e-01 1.0467e+07
3.4320e-01 1.1003e+07
3.9790e-01 1.1548e+07
4.5420e-01 1.1986e+07
5.1100e-01 1.2311e+07
5.6820e-01 1.2521e+07
6.2430e-01 1.2561e+07
6.8020e-01 1.2468e+07
7.3680e-01 1.2271e+07
7.9470e-01 1.1965e+07
8.5550e-01 1.1599e+07
9.2010e-01 1.1172e+07
9.9020e-01 1.0723e+07
1.6370e+00 1.2135e+07
1.6950e+00 1.1399e+07
1.7630e+00 1.0730e+07
1.8420e+00 1.0114e+07
1.9340e+00 9.5571e+06
2.0390e+00 9.0598e+06
2.1580e+00 8.6089e+06
2.2930e+00 8.1972e+06
2.4420e+00 7.8294e+06
2.6030e+00 7.4893e+06
2.7840e+00 7.1889e+06
2.9830e+00 6.9204e+06
3.1980e+00 6.6734e+06
3.4270e+00 6.4523e+06
3.6690e+00 6.2431e+06
3.9190e+00 6.0408e+06
4.1740e+00 5.8475e+06
4.4310e+00 5.6488e+06
4.6860e+00 5.4465e+06
4.9380e+00 5.2335e+06
5.1850e+00 5.0121e+06
5.4280e+00 4.7831e+06
5.6650e+00 4.5455e+06
5.8990e+00 4.3055e+06
6.1300e+00 4.0638e+06
6.3590e+00 3.8204e+06
6.5870e+00 3.5827e+06
6.8160e+00 3.3483e+06
7.0470e+00 3.1220e+06
7.2830e+00 2.9056e+06
7.5240e+00 2.6989e+06
7.7740e+00 2.5023e+06
8.0340e+00 2.3165e+06
8.3070e+00 2.1416e+06
8.5960e+00 1.9767e+06
8.9060e+00 1.8232e+06
9.2390e+00 1.6788e+06
9.6000e+00 1.5448e+06
9.9940e+00 1.4194e+06
1.0430e+01 1.3017e+06
1.0910e+01 1.1921e+06
1.1440e+01 1.0898e+06
1.2040e+01 9.9434e+05
1.2710e+01 9.0533e+05
1.3470e+01 8.2256e+05
1.4330e+01 7.4568e+05
1.5310e+01 6.7422e+05
1.6430e+01 6.0855e+05
1.7710e+01 5.4777e+05
1.9170e+01 4.9182e+05
2.0850e+01 4.4104e+05
2.2770e+01 3.9433e+05
2.4970e+01 3.5214e+05
2.7500e+01 3.1393e+05
3.0400e+01 2.7930e+05
3.3740e+01 2.4816e+05
3.7580e+01 2.2012e+05
4.2020e+01 1.9505e+05
4.7180e+01 1.7241e+05
5.3200e+01 1.5220e+05
6.0290e+01 1.3398e+05
6.8700e+01 1.1765e+05
7.8780e+01 1.0296e+05
