1.1360e-02 1.8741e+06
1.2530e-02 1.8728e+06
1.3960e-02 1.8828e+06
1.5690e-02 1.9059e+06
1.7640e-02 1.9533e+06
2.0130e-02 1.9956e+06
2.3260e-02 2.0834e+06
2.6710e-02 2.1393e+06
3.0900e-02 2.2349e+06
3.5470e-02 2.2938e+06
4.4920e-02 2.7190e+06
5.0460e-02 2.7201e+06
5.6710e-02 2.7214e+06
6.3740e-02 2.7220e+06
7.2380e-02 2.7686e+06
8.1160e-02 2.7568e+06
9.1120e-02 2.7451e+06
1.0260e-01 2.7347e+06
1.1630e-01 2.7582e+06
1.3250e-01 2.7487e+06
1.5260e-01 2.7551e+06
1.7780e-01 2.7731e+06
2.0960e-01 2.8229e+06
2.4790e-01 2.8723e+06
2.9280e-01 2.9351e+06
3.4320e-01 3.0005e+06
3.9790e-01 3.0669e+06
4.5420e-01 3.1095e+06
5.1100e-01 3.1291e+06
5.6820e-01 3.1281e+06
6.2430e-01 3.0954e+06
6.8020e-01 3.0380e+06
7.3680e-01 2.9632e+06
7.9470e-01 2.8711e+06
8.5550e-01 2.7714e+06
9.2010e-01 2.6632e+06
9.9020e-01 2.5557e+06
1.6370e+00 2.9523e+06
1.6950e+00 2.7828e+06
1.7630e+00 2.6345e+06
1.8420e+00 2.4996e+06
1.9340e+00 2.3813e+06
2.0390e+00 2.2801e+06
2.1580e+00 2.1896e+06
2.2930e+00 2.1106e+06
2.4420e+00 2.0421e+06
2.6030e+00 1.9789e+06
2.7840e+00 1.9257e+06
2.9830e+00 1.8789e+06
3.1980e+00 1.8347e+06
3.4270e+00 1.7953e+06
3.6690e+00 1.7562e+06
3.9190e+00 1.7164e+06
4.1740e+00 1.6745e+06
4.4310e+00 1.6292e+06
4.6860e+00 1.5794e+06
4.9380e+00 1.5246e+06
5.1850e+00 1.4647e+06
5.4280e+00 1.3995e+06
5.6650e+00 1.3312e+06
5.8990e+00 1.2610e+06
6.1300e+00 1.1897e+06
6.3590e+00 1.1164e+06
6.5870e+00 1.0447e+06
6.8160e+00 9.7389e+05
7.0470e+00 9.0574e+05
7.2830e+00 8.3976e+05
7.5240e+00 7.7700e+05
7.7740e+00 7.1745e+05
8.0340e+00 6.6089e+05
8.3070e+00 6.0793e+05
8.5960e+00 5.5798e+05
8.9060e+00 5.1159e+05
9.2390e+00 4.6809e+05
9.6000e+00 4.2750e+05
9.9940e+00 3.8967e+05
1.0430e+01 3.5424e+05
1.0910e+01 3.2135e+05
1.1440e+01 2.9080e+05
1.2040e+01 2.6228e+05
1.2710e+01 2.3594e+05
1.3470e+01 2.1145e+05
1.4330e+01 1.8900e+05
1.5310e+01 1.6827e+05
1.6430e+01 1.4932e+05
1.7710e+01 1.3205e+05
1.9170e+01 1.1633e+05
2.0850e+01 1.0224e+05
2.2770e+01 8.9500e+04
2.4970e+01 7.8150e+04
2.7500e+01 6.8085e+04
3.0400e+01 5.9142e+04
3.3740e+01 5.1262e+04
3.7580e+01 4.4322e+04
4.2020e+01 3.8262e+04
4.7180e+01 3.2928e+04
5.3200e+01 2.8275e+04
6.0290e+01 2.4203e+04
6.8700e+01 2.0650e+04
7.8780e+01 1.7536e+04
