5.6390e-02 0.0000e+00
6.4740e-02 0.0000e+00
7.0950e-02 0.0000e+00
7.7400e-02 0.0000e+00
8.4460e-02 0.0000e+00
9.1380e-02 0.0000e+00
9.8660e-02 0.0000e+00
1.0640e-01 0.0000e+00
1.1520e-01 0.0000e+00
1.2460e-01 0.0000e+00
1.3560e-01 0.0000e+00
1.4920e-01 1.5276e-09
1.6600e-01 3.9729e-09
1.8780e-01 1.2343e-08
2.1640e-01 4.6332e-08
2.5380e-01 1.1460e-06
3.0080e-01 4.7921e-06
3.5780e-01 2.3464e-05
4.2290e-01 1.0956e-04
4.9420e-01 5.1883e-04
5.7010e-01 2.3592e-03
6.4810e-01 9.7108e-03
7.2810e-01 3.5754e-02
8.1060e-01 1.1744e-01
8.9600e-01 3.4569e-01
1.4210e+00 1.5777e+02
1.4810e+00 1.4532e+02
1.5500e+00 1.3550e+02
1.6300e+00 1.2948e+02
1.7200e+00 1.2918e+02
1.8230e+00 1.3686e+02
1.9380e+00 1.5577e+02
2.0660e+00 1.8924e+02
2.2080e+00 2.4038e+02
2.3640e+00 3.1146e+02
2.5280e+00 3.9767e+02
2.7120e+00 5.0758e+02
2.9100e+00 6.3280e+02
3.1200e+00 7.6648e+02
3.3390e+00 9.0023e+02
3.5640e+00 1.0249e+03
3.7880e+00 1.1321e+03
4.0080e+00 1.2164e+03
4.2190e+00 1.2732e+03
4.4180e+00 1.3018e+03
4.6040e+00 1.3040e+03
4.7770e+00 1.2847e+03
4.9370e+00 1.2483e+03
5.0860e+00 1.1994e+03
5.2270e+00 1.1412e+03
5.3620e+00 1.0785e+03
5.4910e+00 1.0130e+03
5.6170e+00 9.4726e+02
5.7430e+00 8.8237e+02
5.8680e+00 8.1966e+02
5.9940e+00 7.5902e+02
6.1220e+00 7.0127e+02
6.2540e+00 6.4671e+02
6.3890e+00 5.9504e+02
6.5290e+00 5.4651e+02
6.6730e+00 5.0110e+02
6.8240e+00 4.5903e+02
6.9800e+00 4.1938e+02
7.1440e+00 3.8310e+02
7.3150e+00 3.4930e+02
7.4940e+00 3.1829e+02
7.6840e+00 2.8991e+02
7.8850e+00 2.6377e+02
8.0980e+00 2.3982e+02
8.3260e+00 2.1782e+02
8.5700e+00 1.9762e+02
8.8340e+00 1.7901e+02
9.1200e+00 1.6195e+02
9.4330e+00 1.4628e+02
9.7740e+00 1.3181e+02
1.0150e+01 1.1850e+02
1.0570e+01 1.0619e+02
1.1030e+01 9.4906e+01
1.1550e+01 8.4529e+01
1.2140e+01 7.5000e+01
1.2790e+01 6.6326e+01
1.3540e+01 5.8445e+01
1.4390e+01 5.1294e+01
1.5350e+01 4.4836e+01
1.6450e+01 3.9067e+01
1.7720e+01 3.3921e+01
1.9160e+01 2.9365e+01
2.0820e+01 2.5372e+01
2.2720e+01 2.1864e+01
2.4900e+01 1.8814e+01
2.7410e+01 1.6180e+01
3.0280e+01 1.3897e+01
3.3580e+01 1.1943e+01
3.7380e+01 1.0266e+01
4.1780e+01 8.8269e+00
4.6880e+01 7.5971e+00
5.2840e+01 6.5465e+00
5.9850e+01 5.6461e+00
6.8170e+01 4.8693e+00
7.8120e+01 4.2033e+00
