2.1830e-03 1.5461e+06
2.2400e-03 1.3933e+06
2.3110e-03 1.2632e+06
2.3980e-03 1.1512e+06
2.5040e-03 1.0556e+06
2.6330e-03 9.7534e+05
2.7870e-03 9.0710e+05
2.9700e-03 8.5031e+05
3.1870e-03 8.0261e+05
3.4430e-03 7.6354e+05
3.7460e-03 7.3072e+05
4.1050e-03 7.0487e+05
4.5360e-03 6.8438e+05
5.0580e-03 6.6993e+05
5.7050e-03 6.6115e+05
6.5200e-03 6.5872e+05
7.5700e-03 6.6407e+05
8.9490e-03 6.7826e+05
1.0780e-02 7.0291e+05
1.3220e-02 7.4021e+05
1.6330e-02 7.9475e+05
2.0470e-02 8.6105e+05
2.5770e-02 9.5625e+05
3.1940e-02 1.0479e+06
3.9040e-02 1.1467e+06
4.6920e-02 1.2475e+06
5.5550e-02 1.3560e+06
6.4530e-02 1.4394e+06
7.5190e-02 1.5886e+06
8.4730e-02 1.6297e+06
9.4670e-02 1.6553e+06
1.0510e-01 1.6666e+06
1.1720e-01 1.7072e+06
1.2870e-01 1.6873e+06
1.4100e-01 1.6609e+06
1.5520e-01 1.6579e+06
1.6970e-01 1.6187e+06
1.8610e-01 1.5819e+06
2.0460e-01 1.5482e+06
2.2610e-01 1.5220e+06
2.5140e-01 1.5058e+06
2.8150e-01 1.5025e+06
3.1740e-01 1.5136e+06
5.0380e-01 2.2195e+06
5.4080e-01 2.1751e+06
5.8220e-01 2.1440e+06
6.2630e-01 2.1169e+06
6.7110e-01 2.0857e+06
7.1500e-01 2.0419e+06
7.5670e-01 1.9862e+06
7.9550e-01 1.9156e+06
8.3120e-01 1.8349e+06
8.6400e-01 1.7472e+06
8.9430e-01 1.6549e+06
9.2080e-01 1.5560e+06
9.4820e-01 1.4693e+06
9.7470e-01 1.3868e+06
1.0010e+00 1.3122e+06
1.0290e+00 1.2462e+06
1.0590e+00 1.1892e+06
1.0950e+00 1.1437e+06
1.1440e+00 1.1121e+06
1.2180e+00 1.0945e+06
1.3390e+00 1.0926e+06
1.5330e+00 1.1041e+06
1.8130e+00 1.1191e+06
2.1720e+00 1.1284e+06
2.5790e+00 1.1223e+06
3.0000e+00 1.0977e+06
3.4080e+00 1.0556e+06
3.7940e+00 1.0021e+06
4.1550e+00 9.4286e+05
4.4990e+00 8.8244e+05
4.8340e+00 8.2240e+05
5.1690e+00 7.6579e+05
5.5120e+00 7.1350e+05
5.8730e+00 6.6497e+05
6.2600e+00 6.2082e+05
6.6770e+00 5.8055e+05
7.1330e+00 5.4399e+05
7.6310e+00 5.1088e+05
8.1770e+00 4.8052e+05
8.7750e+00 4.5292e+05
9.4280e+00 4.2706e+05
1.0140e+01 4.0318e+05
1.0920e+01 3.8088e+05
1.1770e+01 3.5995e+05
1.2710e+01 3.4047e+05
1.3740e+01 3.2193e+05
1.4870e+01 3.0447e+05
1.6130e+01 2.8806e+05
1.7520e+01 2.7239e+05
1.9090e+01 2.5763e+05
2.0840e+01 2.4363e+05
2.2820e+01 2.3022e+05
2.5070e+01 2.1756e+05
2.7630e+01 2.0532e+05
3.0580e+01 1.9352e+05
3.3980e+01 1.8211e+05
3.7930e+01 1.7105e+05
