2.1830e-03 0.0000e+00
2.2400e-03 0.0000e+00
2.3110e-03 0.0000e+00
2.3980e-03 0.0000e+00
2.5040e-03 0.0000e+00
2.6330e-03 0.0000e+00
2.7870e-03 0.0000e+00
2.9700e-03 0.0000e+00
3.1870e-03 0.0000e+00
3.4430e-03 0.0000e+00
3.7460e-03 0.0000e+00
4.1050e-03 0.0000e+00
4.5360e-03 0.0000e+00
5.0580e-03 0.0000e+00
5.7050e-03 0.0000e+00
6.5200e-03 0.0000e+00
7.5700e-03 0.0000e+00
8.9490e-03 0.0000e+00
1.0780e-02 0.0000e+00
1.3220e-02 0.0000e+00
1.6330e-02 0.0000e+00
2.0470e-02 0.0000e+00
2.5770e-02 0.0000e+00
3.1940e-02 0.0000e+00
3.9040e-02 0.0000e+00
4.6920e-02 0.0000e+00
5.5550e-02 0.0000e+00
6.4530e-02 0.0000e+00
7.5190e-02 0.0000e+00
8.4730e-02 0.0000e+00
9.4670e-02 0.0000e+00
1.0510e-01 0.0000e+00
1.1720e-01 0.0000e+00
1.2870e-01 0.0000e+00
1.4100e-01 0.0000e+00
1.5520e-01 7.9912e-07
1.6970e-01 8.3914e-07
1.8610e-01 9.2980e-07
2.0460e-01 1.1445e-06
2.2610e-01 1.6457e-06
2.5140e-01 2.7723e-06
2.8150e-01 5.1709e-06
3.1740e-01 9.9815e-06
5.0380e-01 1.3000e+00
5.4080e-01 1.2043e+00
5.8220e-01 1.1284e+00
6.2630e-01 1.0692e+00
6.7110e-01 1.0254e+00
7.1500e-01 9.9420e-01
7.5670e-01 9.7458e-01
7.9550e-01 9.6401e-01
8.3120e-01 9.6162e-01
8.6400e-01 9.6402e-01
8.9430e-01 9.6745e-01
9.2080e-01 9.6475e-01
9.4820e-01 9.5992e-01
9.7470e-01 9.4519e-01
1.0010e+00 9.2080e-01
1.0290e+00 8.8674e-01
1.0590e+00 8.4827e-01
1.0950e+00 8.2804e-01
1.1440e+00 8.8990e-01
1.2180e+00 1.1820e+00
1.3390e+00 1.9537e+00
1.5330e+00 3.5020e+00
1.8130e+00 5.9353e+00
2.1720e+00 9.0363e+00
2.5790e+00 1.2308e+01
3.0000e+00 1.5236e+01
3.4080e+00 1.7522e+01
3.7940e+00 1.9075e+01
4.1550e+00 1.9970e+01
4.4990e+00 2.0302e+01
4.8340e+00 2.0214e+01
5.1690e+00 1.9803e+01
5.5120e+00 1.9181e+01
5.8730e+00 1.8376e+01
6.2600e+00 1.7464e+01
6.6770e+00 1.6484e+01
7.1330e+00 1.5464e+01
7.6310e+00 1.4429e+01
8.1770e+00 1.3404e+01
8.7750e+00 1.2404e+01
9.4280e+00 1.1430e+01
1.0140e+01 1.0499e+01
1.0920e+01 9.6134e+00
1.1770e+01 8.7757e+00
1.2710e+01 7.9896e+00
1.3740e+01 7.2573e+00
1.4870e+01 6.5753e+00
1.6130e+01 5.9459e+00
1.7520e+01 5.3672e+00
1.9090e+01 4.8379e+00
2.0840e+01 4.3558e+00
2.2820e+01 3.9168e+00
2.5070e+01 3.5197e+00
2.7630e+01 3.1579e+00
3.0580e+01 2.8307e+00
3.3980e+01 2.5340e+00
3.7930e+01 2.2657e+00
