2.1830e-03 2.1559e+07
2.2400e-03 1.9434e+07
2.3110e-03 1.7613e+07
2.3980e-03 1.6055e+07
2.5040e-03 1.4722e+07
2.6330e-03 1.3600e+07
2.7870e-03 1.2652e+07
2.9700e-03 1.1859e+07
3.1870e-03 1.1193e+07
3.4430e-03 1.0644e+07
3.7460e-03 1.0193e+07
4.1050e-03 9.8277e+06
4.5360e-03 9.5445e+06
5.0580e-03 9.3415e+06
5.7050e-03 9.2208e+06
6.5200e-03 9.1874e+06
7.5700e-03 9.2601e+06
8.9490e-03 9.4580e+06
1.0780e-02 9.8012e+06
1.3220e-02 1.0323e+07
1.6330e-02 1.1083e+07
2.0470e-02 1.2008e+07
2.5770e-02 1.3336e+07
3.1940e-02 1.4613e+07
3.9040e-02 1.5996e+07
4.6920e-02 1.7396e+07
5.5550e-02 1.8902e+07
6.4530e-02 2.0086e+07
7.5190e-02 2.2147e+07
8.4730e-02 2.2719e+07
9.4670e-02 2.3079e+07
1.0510e-01 2.3244e+07
1.1720e-01 2.3797e+07
1.2870e-01 2.3520e+07
1.4100e-01 2.3146e+07
1.5520e-01 2.3105e+07
1.6970e-01 2.2545e+07
1.8610e-01 2.2018e+07
2.0460e-01 2.1520e+07
2.2610e-01 2.1113e+07
2.5140e-01 2.0821e+07
2.8150e-01 2.0650e+07
3.1740e-01 2.0631e+07
5.0380e-01 2.7854e+07
5.4080e-01 2.7076e+07
5.8220e-01 2.6407e+07
6.2630e-01 2.5739e+07
6.7110e-01 2.4994e+07
7.1500e-01 2.4103e+07
7.5670e-01 2.3088e+07
7.9550e-01 2.1924e+07
8.3120e-01 2.0677e+07
8.6400e-01 1.9376e+07
8.9430e-01 1.8061e+07
9.2080e-01 1.6710e+07
9.4820e-01 1.5498e+07
9.7470e-01 1.4338e+07
1.0010e+00 1.3265e+07
1.0290e+00 1.2268e+07
1.0590e+00 1.1339e+07
1.0950e+00 1.0485e+07
1.1440e+00 9.6998e+06
1.2180e+00 8.9541e+06
1.3390e+00 8.2403e+06
1.5330e+00 7.5295e+06
1.8130e+00 6.8093e+06
2.1720e+00 6.0997e+06
2.5790e+00 5.4228e+06
3.0000e+00 4.8029e+06
3.4080e+00 4.2476e+06
3.7940e+00 3.7598e+06
4.1550e+00 3.3379e+06
4.4990e+00 2.9707e+06
4.8340e+00 2.6507e+06
5.1690e+00 2.3716e+06
5.5120e+00 2.1291e+06
5.8730e+00 1.9140e+06
6.2600e+00 1.7241e+06
6.6770e+00 1.5568e+06
7.1330e+00 1.4077e+06
7.6310e+00 1.2749e+06
8.1770e+00 1.1561e+06
8.7750e+00 1.0499e+06
9.4280e+00 9.5398e+05
1.0140e+01 8.6774e+05
1.0920e+01 7.8973e+05
1.1770e+01 7.1907e+05
1.2710e+01 6.5491e+05
1.3740e+01 5.9656e+05
1.4870e+01 5.4327e+05
1.6130e+01 4.9445e+05
1.7520e+01 4.4979e+05
1.9090e+01 4.0894e+05
2.0840e+01 3.7150e+05
2.2820e+01 3.3697e+05
2.5070e+01 3.0527e+05
2.7630e+01 2.7598e+05
3.0580e+01 2.4896e+05
3.3980e+01 2.2398e+05
3.7930e+01 2.0097e+05
