2.1830e-03 7.2455e+06
2.2400e-03 6.5310e+06
2.3110e-03 5.9203e+06
2.3980e-03 5.3971e+06
2.5040e-03 4.9478e+06
2.6330e-03 4.5692e+06
2.7870e-03 4.2539e+06
2.9700e-03 3.9872e+06
3.1870e-03 3.7611e+06
3.4430e-03 3.5786e+06
3.7460e-03 3.4264e+06
4.1050e-03 3.3041e+06
4.5360e-03 3.2082e+06
5.0580e-03 3.1400e+06
5.7050e-03 3.1000e+06
6.5200e-03 3.0877e+06
7.5700e-03 3.1115e+06
8.9490e-03 3.1788e+06
1.0780e-02 3.2934e+06
1.3220e-02 3.4666e+06
1.6330e-02 3.7193e+06
2.0470e-02 4.0257e+06
2.5770e-02 4.4644e+06
3.1940e-02 4.8829e+06
3.9040e-02 5.3307e+06
4.6920e-02 5.7816e+06
5.5550e-02 6.2612e+06
6.4530e-02 6.6254e+06
7.5190e-02 7.2716e+06
8.4730e-02 7.4257e+06
9.4670e-02 7.5019e+06
1.0510e-01 7.5097e+06
1.1720e-01 7.6325e+06
1.2870e-01 7.4872e+06
1.4100e-01 7.3089e+06
1.5520e-01 7.2261e+06
1.6970e-01 6.9788e+06
1.8610e-01 6.7336e+06
2.0460e-01 6.4910e+06
2.2610e-01 6.2669e+06
2.5140e-01 6.0660e+06
2.8150e-01 5.8888e+06
3.1740e-01 5.7433e+06
5.0380e-01 7.1500e+06
5.4080e-01 6.8255e+06
5.8220e-01 6.5305e+06
6.2630e-01 6.2537e+06
6.7110e-01 5.9738e+06
7.1500e-01 5.6765e+06
7.5670e-01 5.3703e+06
7.9550e-01 5.0503e+06
8.3120e-01 4.7264e+06
8.6400e-01 4.3997e+06
8.9430e-01 4.0843e+06
9.2080e-01 3.7666e+06
9.4820e-01 3.4867e+06
9.7470e-01 3.2203e+06
1.0010e+00 2.9779e+06
1.0290e+00 2.7566e+06
1.0590e+00 2.5531e+06
1.0950e+00 2.3686e+06
1.1440e+00 2.2025e+06
1.2180e+00 2.0503e+06
1.3390e+00 1.9111e+06
1.5330e+00 1.7786e+06
1.8130e+00 1.6488e+06
2.1720e+00 1.5205e+06
2.5790e+00 1.3930e+06
3.0000e+00 1.2692e+06
3.4080e+00 1.1509e+06
3.7940e+00 1.0398e+06
4.1550e+00 9.3808e+05
4.4990e+00 8.4479e+05
4.8340e+00 7.6047e+05
5.1690e+00 6.8401e+05
5.5120e+00 6.1602e+05
5.8730e+00 5.5456e+05
6.2600e+00 4.9869e+05
6.6770e+00 4.4887e+05
7.1330e+00 4.0377e+05
7.6310e+00 3.6309e+05
8.1770e+00 3.2633e+05
8.7750e+00 2.9339e+05
9.4280e+00 2.6346e+05
1.0140e+01 2.3637e+05
1.0920e+01 2.1182e+05
1.1770e+01 1.8987e+05
1.2710e+01 1.6977e+05
1.3740e+01 1.5183e+05
1.4870e+01 1.3549e+05
1.6130e+01 1.2076e+05
1.7520e+01 1.0741e+05
1.9090e+01 9.5434e+04
2.0840e+01 8.4663e+04
2.2820e+01 7.4929e+04
2.5070e+01 6.6212e+04
2.7630e+01 5.8349e+04
3.0580e+01 5.1283e+04
3.3980e+01 4.4935e+04
3.7930e+01 3.9254e+04
