1.9850e-03 4.1335e+05
2.0360e-03 3.7439e+05
2.0990e-03 3.4156e+05
2.1780e-03 3.1380e+05
2.2740e-03 2.9054e+05
2.3910e-03 2.7163e+05
2.5320e-03 2.5645e+05
2.7010e-03 2.4487e+05
2.9020e-03 2.3633e+05
3.1410e-03 2.3125e+05
3.4230e-03 2.2973e+05
3.7590e-03 2.3313e+05
4.1610e-03 2.4431e+05
4.6480e-03 2.7014e+05
5.2470e-03 3.2451e+05
6.0000e-03 4.3534e+05
6.9640e-03 6.5043e+05
8.2250e-03 1.0438e+06
9.9000e-03 1.7109e+06
1.2140e-02 2.7589e+06
1.5000e-02 4.2508e+06
1.8890e-02 6.2351e+06
2.3980e-02 8.8007e+06
3.0020e-02 1.1441e+07
3.7130e-02 1.4079e+07
4.5330e-02 1.6696e+07
5.4130e-02 1.8596e+07
6.3540e-02 1.9895e+07
7.4860e-02 2.1718e+07
8.4950e-02 2.1438e+07
9.5490e-02 2.0658e+07
1.0800e-01 2.0076e+07
1.1960e-01 1.8473e+07
1.3210e-01 1.6780e+07
1.4580e-01 1.5055e+07
1.6200e-01 1.3581e+07
1.7910e-01 1.1936e+07
1.9900e-01 1.0427e+07
2.2230e-01 9.0772e+06
2.4980e-01 7.8924e+06
2.8250e-01 6.8674e+06
3.2070e-01 5.9882e+06
5.2650e-01 5.4094e+06
5.6070e-01 4.7942e+06
5.9810e-01 4.2762e+06
6.3750e-01 3.8370e+06
6.7730e-01 3.4582e+06
7.1630e-01 3.1303e+06
7.5360e-01 2.8389e+06
7.8860e-01 2.5811e+06
8.2110e-01 2.3488e+06
8.5120e-01 2.1386e+06
8.7900e-01 1.9498e+06
9.0480e-01 1.7787e+06
9.2900e-01 1.6243e+06
9.5130e-01 1.4831e+06
9.7390e-01 1.3587e+06
9.9640e-01 1.2469e+06
1.0200e+00 1.1474e+06
1.0450e+00 1.0584e+06
1.0740e+00 9.7839e+05
1.1120e+00 9.0910e+05
1.1650e+00 8.4745e+05
1.2510e+00 7.9471e+05
1.3920e+00 7.5043e+05
1.6130e+00 7.1428e+05
1.9210e+00 6.8335e+05
2.3010e+00 6.5450e+05
2.7190e+00 6.2471e+05
3.1400e+00 5.9229e+05
3.5460e+00 5.5882e+05
3.9260e+00 5.2364e+05
4.2840e+00 4.8888e+05
4.6290e+00 4.5522e+05
4.9690e+00 4.2343e+05
5.3130e+00 3.9370e+05
5.6700e+00 3.6632e+05
6.0490e+00 3.4099e+05
6.4580e+00 3.1807e+05
6.9040e+00 2.9697e+05
7.3920e+00 2.7752e+05
7.9300e+00 2.5963e+05
8.5200e+00 2.4308e+05
9.1680e+00 2.2758e+05
9.8790e+00 2.1300e+05
1.0660e+01 1.9928e+05
1.1510e+01 1.8632e+05
1.2450e+01 1.7414e+05
1.3490e+01 1.6239e+05
1.4630e+01 1.5136e+05
1.5910e+01 1.4078e+05
1.7330e+01 1.3061e+05
1.8920e+01 1.2109e+05
2.0710e+01 1.1192e+05
2.2740e+01 1.0322e+05
2.5050e+01 9.5023e+04
2.7700e+01 8.7087e+04
3.0760e+01 7.9606e+04
3.4320e+01 7.2423e+04
3.8480e+01 6.5599e+04
