6.3150e-02 2.9157e+05
6.9640e-02 2.6493e+05
7.6960e-02 2.4090e+05
8.4060e-02 2.1713e+05
9.1540e-02 1.9532e+05
9.9530e-02 1.7555e+05
1.0820e-01 1.5761e+05
1.1810e-01 1.4189e+05
1.2890e-01 1.2834e+05
1.4190e-01 1.1664e+05
1.5820e-01 1.0773e+05
1.7860e-01 1.0178e+05
2.0510e-01 9.9804e+04
2.3940e-01 1.0295e+05
2.8290e-01 1.1219e+05
3.3530e-01 1.2825e+05
3.9590e-01 1.5163e+05
4.6210e-01 1.8165e+05
5.3190e-01 2.1725e+05
6.0400e-01 2.5782e+05
6.7650e-01 3.0176e+05
7.4980e-01 3.4835e+05
8.2480e-01 3.9801e+05
9.0190e-01 4.4996e+05
9.8280e-01 5.0611e+05
1.4740e+00 1.2648e+06
1.5350e+00 1.2741e+06
1.6050e+00 1.2952e+06
1.6860e+00 1.3294e+06
1.7770e+00 1.3789e+06
1.8800e+00 1.4440e+06
1.9950e+00 1.5271e+06
2.1240e+00 1.6284e+06
2.2650e+00 1.7487e+06
2.4200e+00 1.8897e+06
2.5820e+00 2.0405e+06
2.7650e+00 2.2257e+06
2.9600e+00 2.4334e+06
3.1680e+00 2.6605e+06
3.3860e+00 2.9035e+06
3.6080e+00 3.1474e+06
3.8300e+00 3.3804e+06
4.0470e+00 3.5911e+06
4.2560e+00 3.7662e+06
4.4520e+00 3.8903e+06
4.6350e+00 3.9624e+06
4.8050e+00 3.9863e+06
4.9630e+00 3.9695e+06
5.1110e+00 3.9128e+06
5.2510e+00 3.8255e+06
5.3830e+00 3.7192e+06
5.5110e+00 3.5956e+06
5.6370e+00 3.4615e+06
5.7610e+00 3.3250e+06
5.8850e+00 3.1830e+06
6.0100e+00 3.0426e+06
6.1380e+00 2.9041e+06
6.2690e+00 2.7656e+06
6.4030e+00 2.6322e+06
6.5420e+00 2.5015e+06
6.6870e+00 2.3767e+06
6.8360e+00 2.2557e+06
6.9920e+00 2.1374e+06
7.1550e+00 2.0248e+06
7.3260e+00 1.9155e+06
7.5050e+00 1.8124e+06
7.6940e+00 1.7142e+06
7.8940e+00 1.6197e+06
8.1070e+00 1.5298e+06
8.3340e+00 1.4444e+06
8.5780e+00 1.3635e+06
8.8410e+00 1.2862e+06
9.1260e+00 1.2128e+06
9.4380e+00 1.1426e+06
9.7790e+00 1.0761e+06
1.0150e+01 1.0121e+06
1.0570e+01 9.5078e+05
1.1030e+01 8.9180e+05
1.1550e+01 8.3559e+05
1.2130e+01 7.8125e+05
1.2790e+01 7.2883e+05
1.3530e+01 6.7834e+05
1.4380e+01 6.2982e+05
1.5340e+01 5.8315e+05
1.6440e+01 5.3854e+05
1.7700e+01 4.9596e+05
1.9150e+01 4.5542e+05
2.0800e+01 4.1743e+05
2.2700e+01 3.8141e+05
2.4870e+01 3.4776e+05
2.7370e+01 3.1640e+05
3.0240e+01 2.8718e+05
3.3530e+01 2.6033e+05
3.7320e+01 2.3543e+05
4.1710e+01 2.1258e+05
4.6800e+01 1.9159e+05
5.2750e+01 1.7227e+05
5.9740e+01 1.5452e+05
6.8040e+01 1.3819e+05
7.7960e+01 1.2313e+05
