6.3150e-02 0.0000e+00
6.9640e-02 0.0000e+00
7.6960e-02 0.0000e+00
8.4060e-02 0.0000e+00
9.1540e-02 0.0000e+00
9.9530e-02 0.0000e+00
1.0820e-01 0.0000e+00
1.1810e-01 0.0000e+00
1.2890e-01 0.0000e+00
1.4190e-01 0.0000e+00
1.5820e-01 0.0000e+00
1.7860e-01 0.0000e+00
2.0510e-01 0.0000e+00
2.3940e-01 0.0000e+00
2.8290e-01 6.7974e-08
3.3530e-01 2.4543e-07
3.9590e-01 1.1261e-06
4.6210e-01 4.6092e-06
5.3190e-01 2.0017e-05
6.0400e-01 8.9534e-05
6.7650e-01 3.8342e-04
7.4980e-01 1.5069e-03
8.2480e-01 5.3325e-03
9.0190e-01 1.6833e-02
9.8280e-01 4.7774e-02
1.4740e+00 7.1632e+01
1.5350e+00 6.6058e+01
1.6050e+00 6.0904e+01
1.6860e+00 5.6401e+01
1.7770e+00 5.2663e+01
1.8800e+00 4.9964e+01
1.9950e+00 4.8713e+01
2.1240e+00 4.9194e+01
2.2650e+00 5.2003e+01
2.4200e+00 5.7696e+01
2.5820e+00 6.6201e+01
2.7650e+00 7.9543e+01
2.9600e+00 9.7793e+01
3.1680e+00 1.2134e+02
3.3860e+00 1.5010e+02
3.6080e+00 1.8316e+02
3.8300e+00 2.1889e+02
4.0470e+00 2.5540e+02
4.2560e+00 2.9025e+02
4.4520e+00 3.2079e+02
4.6350e+00 3.4599e+02
4.8050e+00 3.6497e+02
4.9630e+00 3.7749e+02
5.1110e+00 3.8419e+02
5.2510e+00 3.8527e+02
5.3830e+00 3.8213e+02
5.5110e+00 3.7518e+02
5.6370e+00 3.6539e+02
5.7610e+00 3.5344e+02
5.8850e+00 3.3990e+02
6.0100e+00 3.2530e+02
6.1380e+00 3.0995e+02
6.2690e+00 2.9411e+02
6.4030e+00 2.7805e+02
6.5420e+00 2.6195e+02
6.6870e+00 2.4614e+02
6.8360e+00 2.3072e+02
6.9920e+00 2.1545e+02
7.1550e+00 2.0090e+02
7.3260e+00 1.8676e+02
7.5050e+00 1.7345e+02
7.6940e+00 1.6078e+02
7.8940e+00 1.4871e+02
8.1070e+00 1.3740e+02
8.3340e+00 1.2671e+02
8.5780e+00 1.1675e+02
8.8410e+00 1.0737e+02
9.1260e+00 9.8564e+01
9.4380e+00 9.0356e+01
9.7790e+00 8.2653e+01
1.0150e+01 7.5405e+01
1.0570e+01 6.8561e+01
1.1030e+01 6.2147e+01
1.1550e+01 5.6116e+01
1.2130e+01 5.0470e+01
1.2790e+01 4.5192e+01
1.3530e+01 4.0264e+01
1.4380e+01 3.5687e+01
1.5340e+01 3.1462e+01
1.6440e+01 2.7604e+01
1.7700e+01 2.4087e+01
1.9150e+01 2.0907e+01
2.0800e+01 1.8064e+01
2.2700e+01 1.5539e+01
2.4870e+01 1.3316e+01
2.7370e+01 1.1366e+01
3.0240e+01 9.6643e+00
3.3530e+01 8.2074e+00
3.7320e+01 6.9491e+00
4.1710e+01 5.8783e+00
4.6800e+01 4.9612e+00
5.2750e+01 4.1828e+00
5.9740e+01 3.5226e+00
6.8040e+01 2.9632e+00
7.7960e+01 2.4886e+00
