6.3150e-02 1.7760e+07
6.9640e-02 1.7378e+07
7.6960e-02 1.7093e+07
8.4060e-02 1.6588e+07
9.1540e-02 1.6064e+07
9.9530e-02 1.5545e+07
1.0820e-01 1.5025e+07
1.1810e-01 1.4600e+07
1.2890e-01 1.4192e+07
1.4190e-01 1.3846e+07
1.5820e-01 1.3662e+07
1.7860e-01 1.3599e+07
2.0510e-01 1.3734e+07
2.3940e-01 1.4122e+07
2.8290e-01 1.4761e+07
3.3530e-01 1.5609e+07
3.9590e-01 1.6659e+07
4.6210e-01 1.7767e+07
5.3190e-01 1.8848e+07
6.0400e-01 1.9843e+07
6.7650e-01 2.0660e+07
7.4980e-01 2.1258e+07
8.2480e-01 2.1665e+07
9.0190e-01 2.1850e+07
9.8280e-01 2.1873e+07
1.4740e+00 2.5174e+07
1.5350e+00 2.4509e+07
1.6050e+00 2.3840e+07
1.6860e+00 2.3169e+07
1.7770e+00 2.2532e+07
1.8800e+00 2.1910e+07
1.9950e+00 2.1337e+07
2.1240e+00 2.0792e+07
2.2650e+00 2.0278e+07
2.4200e+00 1.9797e+07
2.5820e+00 1.9297e+07
2.7650e+00 1.8867e+07
2.9600e+00 1.8459e+07
3.1680e+00 1.8057e+07
3.3860e+00 1.7667e+07
3.6080e+00 1.7245e+07
3.8300e+00 1.6788e+07
4.0470e+00 1.6294e+07
4.2560e+00 1.5738e+07
4.4520e+00 1.5102e+07
4.6350e+00 1.4416e+07
4.8050e+00 1.3689e+07
4.9630e+00 1.2934e+07
5.1110e+00 1.2172e+07
5.2510e+00 1.1410e+07
5.3830e+00 1.0668e+07
5.5110e+00 9.9470e+06
5.6370e+00 9.2564e+06
5.7610e+00 8.6012e+06
5.8850e+00 7.9830e+06
6.0100e+00 7.4000e+06
6.1380e+00 6.8531e+06
6.2690e+00 6.3398e+06
6.4030e+00 5.8601e+06
6.5420e+00 5.4135e+06
6.6870e+00 4.9985e+06
6.8360e+00 4.6134e+06
6.9920e+00 4.2528e+06
7.1550e+00 3.9213e+06
7.3260e+00 3.6112e+06
7.5050e+00 3.3268e+06
7.6940e+00 3.0642e+06
7.8940e+00 2.8213e+06
8.1070e+00 2.5964e+06
8.3340e+00 2.3890e+06
8.5780e+00 2.1980e+06
8.8410e+00 2.0207e+06
9.1260e+00 1.8570e+06
9.4380e+00 1.7058e+06
9.7790e+00 1.5655e+06
1.0150e+01 1.4355e+06
1.0570e+01 1.3143e+06
1.1030e+01 1.2021e+06
1.1550e+01 1.0980e+06
1.2130e+01 1.0009e+06
1.2790e+01 9.1072e+05
1.3530e+01 8.2729e+05
1.4380e+01 7.4943e+05
1.5340e+01 6.7746e+05
1.6440e+01 6.1116e+05
1.7700e+01 5.5012e+05
1.9150e+01 4.9382e+05
2.0800e+01 4.4271e+05
2.2700e+01 3.9594e+05
2.4870e+01 3.5349e+05
2.7370e+01 3.1514e+05
3.0240e+01 2.8031e+05
3.3530e+01 2.4914e+05
3.7320e+01 2.2107e+05
4.1710e+01 1.9585e+05
4.6800e+01 1.7318e+05
5.2750e+01 1.5284e+05
5.9740e+01 1.3461e+05
6.8040e+01 1.1822e+05
7.7960e+01 1.0349e+05
