1.1360e-02 1.9960e+05
1.2530e-02 1.9441e+05
1.3960e-02 1.8963e+05
1.5690e-02 1.8525e+05
1.7640e-02 1.8253e+05
2.0130e-02 1.7795e+05
2.3260e-02 1.7593e+05
2.6710e-02 1.7044e+05
3.0900e-02 1.6691e+05
3.5470e-02 1.6023e+05
4.4920e-02 1.6980e+05
5.0460e-02 1.5845e+05
5.6710e-02 1.4723e+05
6.3740e-02 1.3626e+05
7.2380e-02 1.2696e+05
8.1160e-02 1.1641e+05
9.1120e-02 1.0651e+05
1.0260e-01 9.7459e+04
1.1630e-01 9.0376e+04
1.3250e-01 8.3342e+04
1.5260e-01 7.8291e+04
1.7780e-01 7.5387e+04
2.0960e-01 7.5567e+04
2.4790e-01 7.8728e+04
2.9280e-01 8.5243e+04
3.4320e-01 9.4902e+04
3.9790e-01 1.0732e+05
4.5420e-01 1.2115e+05
5.1100e-01 1.3579e+05
5.6820e-01 1.5089e+05
6.2430e-01 1.6528e+05
6.8020e-01 1.7922e+05
7.3680e-01 1.9295e+05
7.9470e-01 2.0623e+05
8.5550e-01 2.1997e+05
9.2010e-01 2.3414e+05
9.9020e-01 2.4995e+05
1.6370e+00 7.3392e+05
1.6950e+00 7.1246e+05
1.7630e+00 6.9882e+05
1.8420e+00 6.9252e+05
1.9340e+00 6.9440e+05
2.0390e+00 7.0475e+05
2.1580e+00 7.2286e+05
2.2930e+00 7.4921e+05
2.4420e+00 7.8443e+05
2.6030e+00 8.2513e+05
2.7840e+00 8.7860e+05
2.9830e+00 9.4202e+05
3.1980e+00 1.0144e+06
3.4270e+00 1.0958e+06
3.6690e+00 1.1827e+06
3.9190e+00 1.2724e+06
4.1740e+00 1.3627e+06
4.4310e+00 1.4480e+06
4.6860e+00 1.5252e+06
4.9380e+00 1.5905e+06
5.1850e+00 1.6413e+06
5.4280e+00 1.6778e+06
5.6650e+00 1.7001e+06
5.8990e+00 1.7064e+06
6.1300e+00 1.6997e+06
6.3590e+00 1.6796e+06
6.5870e+00 1.6504e+06
6.8160e+00 1.6105e+06
7.0470e+00 1.5648e+06
7.2830e+00 1.5130e+06
7.5240e+00 1.4576e+06
7.7740e+00 1.3994e+06
8.0340e+00 1.3396e+06
8.3070e+00 1.2785e+06
8.5960e+00 1.2179e+06
8.9060e+00 1.1578e+06
9.2390e+00 1.0982e+06
9.6000e+00 1.0404e+06
9.9940e+00 9.8366e+05
1.0430e+01 9.2820e+05
1.0910e+01 8.7382e+05
1.1440e+01 8.2106e+05
1.2040e+01 7.6959e+05
1.2710e+01 7.1957e+05
1.3470e+01 6.7085e+05
1.4330e+01 6.2389e+05
1.5310e+01 5.7830e+05
1.6430e+01 5.3478e+05
1.7710e+01 4.9303e+05
1.9170e+01 4.5297e+05
2.0850e+01 4.1552e+05
2.2770e+01 3.7975e+05
2.4970e+01 3.4634e+05
2.7500e+01 3.1527e+05
3.0400e+01 2.8631e+05
3.3740e+01 2.5946e+05
3.7580e+01 2.3464e+05
4.2020e+01 2.1198e+05
4.7180e+01 1.9094e+05
5.3200e+01 1.7168e+05
6.0290e+01 1.5398e+05
6.8700e+01 1.3766e+05
7.8780e+01 1.2261e+05
