1.1360e-02 0.0000e+00
1.2530e-02 0.0000e+00
1.3960e-02 0.0000e+00
1.5690e-02 0.0000e+00
1.7640e-02 0.0000e+00
2.0130e-02 0.0000e+00
2.3260e-02 0.0000e+00
2.6710e-02 0.0000e+00
3.0900e-02 0.0000e+00
3.5470e-02 0.0000e+00
4.4920e-02 0.0000e+00
5.0460e-02 0.0000e+00
5.6710e-02 0.0000e+00
6.3740e-02 0.0000e+00
7.2380e-02 0.0000e+00
8.1160e-02 0.0000e+00
9.1120e-02 0.0000e+00
1.0260e-01 0.0000e+00
1.1630e-01 2.1739e-10
1.3250e-01 4.6169e-10
1.5260e-01 1.0238e-09
1.7780e-01 2.4072e-09
2.0960e-01 2.5548e-07
2.4790e-01 6.2340e-07
2.9280e-01 1.6197e-06
3.4320e-01 4.4714e-06
3.9790e-01 1.5220e-05
4.5420e-01 4.6334e-05
5.1100e-01 1.4945e-04
5.6820e-01 5.0471e-04
6.2430e-01 1.6791e-03
6.8020e-01 5.3641e-03
7.3680e-01 1.6153e-02
7.9470e-01 4.5084e-02
8.5550e-01 1.1722e-01
9.2010e-01 2.8347e-01
9.9020e-01 6.4143e-01
1.6370e+00 8.5962e+01
1.6950e+00 7.9988e+01
1.7630e+00 7.6023e+01
1.8420e+00 7.4539e+01
1.9340e+00 7.6340e+01
2.0390e+00 8.2364e+01
2.1580e+00 9.3458e+01
2.2930e+00 1.1042e+02
2.4420e+00 1.3380e+02
2.6030e+00 1.6173e+02
2.7840e+00 1.9688e+02
2.9830e+00 2.3656e+02
3.1980e+00 2.7831e+02
3.4270e+00 3.2022e+02
3.6690e+00 3.5948e+02
3.9190e+00 3.9375e+02
4.1740e+00 4.2179e+02
4.4310e+00 4.4222e+02
4.6860e+00 4.5445e+02
4.9380e+00 4.5872e+02
5.1850e+00 4.5588e+02
5.4280e+00 4.4676e+02
5.6650e+00 4.3249e+02
5.8990e+00 4.1454e+02
6.1300e+00 3.9370e+02
6.3590e+00 3.7075e+02
6.5870e+00 3.4715e+02
6.8160e+00 3.2292e+02
7.0470e+00 2.9910e+02
7.2830e+00 2.7599e+02
7.5240e+00 2.5377e+02
7.7740e+00 2.3259e+02
8.0340e+00 2.1266e+02
8.3070e+00 1.9398e+02
8.5960e+00 1.7647e+02
8.9060e+00 1.6017e+02
9.2390e+00 1.4500e+02
9.6000e+00 1.3094e+02
9.9940e+00 1.1791e+02
1.0430e+01 1.0582e+02
1.0910e+01 9.4633e+01
1.1440e+01 8.4343e+01
1.2040e+01 7.4884e+01
1.2710e+01 6.6234e+01
1.3470e+01 5.8339e+01
1.4330e+01 5.1210e+01
1.5310e+01 4.4759e+01
1.6430e+01 3.9005e+01
1.7710e+01 3.3853e+01
1.9170e+01 2.9291e+01
2.0850e+01 2.5312e+01
2.2770e+01 2.1803e+01
2.4970e+01 1.8757e+01
2.7500e+01 1.6123e+01
3.0400e+01 1.3851e+01
3.3740e+01 1.1895e+01
3.7580e+01 1.0220e+01
4.2020e+01 8.7969e+00
4.7180e+01 7.5681e+00
5.3200e+01 6.5158e+00
6.0290e+01 5.6187e+00
6.8700e+01 4.8461e+00
7.8780e+01 4.1812e+00
