1.1360e-02 5.6912e+04
1.2530e-02 5.8948e+04
1.3960e-02 6.1867e+04
1.5690e-02 6.5861e+04
1.7640e-02 7.1372e+04
2.0130e-02 7.7917e+04
2.3260e-02 8.7649e+04
2.6710e-02 9.7243e+04
3.0900e-02 1.1046e+05
3.5470e-02 1.2327e+05
4.4920e-02 1.6470e+05
5.0460e-02 1.7808e+05
5.6710e-02 1.9235e+05
6.3740e-02 2.0732e+05
7.2380e-02 2.2748e+05
8.1160e-02 2.4273e+05
9.1120e-02 2.5835e+05
1.0260e-01 2.7470e+05
1.1630e-01 2.9551e+05
1.3250e-01 3.1442e+05
1.5260e-01 3.3733e+05
1.7780e-01 3.6457e+05
2.0960e-01 4.0034e+05
2.4790e-01 4.4004e+05
2.9280e-01 4.8566e+05
3.4320e-01 5.3478e+05
3.9790e-01 5.8598e+05
4.5420e-01 6.3217e+05
5.1100e-01 6.7268e+05
5.6820e-01 7.0660e+05
6.2430e-01 7.3011e+05
6.8020e-01 7.4537e+05
7.3680e-01 7.5385e+05
7.9470e-01 7.5484e+05
8.5550e-01 7.5154e+05
9.2010e-01 7.4371e+05
9.9020e-01 7.3419e+05
1.6370e+00 1.0211e+06
1.6950e+00 9.7600e+05
1.7630e+00 9.3711e+05
1.8420e+00 9.0325e+05
1.9340e+00 8.7521e+05
2.0390e+00 8.5311e+05
2.1580e+00 8.3564e+05
2.2930e+00 8.2281e+05
2.4420e+00 8.1490e+05
2.6030e+00 8.0963e+05
2.7840e+00 8.1079e+05
2.9830e+00 8.1662e+05
3.1980e+00 8.2594e+05
3.4270e+00 8.3938e+05
3.6690e+00 8.5467e+05
3.9190e+00 8.7058e+05
4.1740e+00 8.8653e+05
4.4310e+00 8.9984e+05
4.6860e+00 9.0960e+05
4.9380e+00 9.1432e+05
5.1850e+00 9.1380e+05
5.4280e+00 9.0759e+05
5.6650e+00 8.9585e+05
5.8990e+00 8.7928e+05
6.1300e+00 8.5840e+05
6.3590e+00 8.3314e+05
6.5870e+00 8.0577e+05
6.8160e+00 7.7509e+05
7.0470e+00 7.4340e+05
7.2830e+00 7.1161e+05
7.5240e+00 6.7942e+05
7.7740e+00 6.4700e+05
8.0340e+00 6.1484e+05
8.3070e+00 5.8416e+05
8.5960e+00 5.5393e+05
8.9060e+00 5.2530e+05
9.2390e+00 4.9804e+05
9.6000e+00 4.7181e+05
9.9940e+00 4.4721e+05
1.0430e+01 4.2377e+05
1.0910e+01 4.0134e+05
1.1440e+01 3.8028e+05
1.2040e+01 3.6043e+05
1.2710e+01 3.4163e+05
1.3470e+01 3.2371e+05
1.4330e+01 3.0722e+05
1.5310e+01 2.9151e+05
1.6430e+01 2.7687e+05
1.7710e+01 2.6317e+05
1.9170e+01 2.5038e+05
2.0850e+01 2.3874e+05
2.2770e+01 2.2765e+05
2.4970e+01 2.1758e+05
2.7500e+01 2.0828e+05
3.0400e+01 1.9958e+05
3.3740e+01 1.9153e+05
3.7580e+01 1.8395e+05
4.2020e+01 1.7698e+05
4.7180e+01 1.7026e+05
5.3200e+01 1.6388e+05
6.0290e+01 1.5760e+05
6.8700e+01 1.5143e+05
7.8780e+01 1.4513e+05
