1.1360e-02 0.0000e+00
1.2530e-02 0.0000e+00
1.3960e-02 0.0000e+00
1.5690e-02 0.0000e+00
1.7640e-02 0.0000e+00
2.0130e-02 0.0000e+00
2.3260e-02 0.0000e+00
2.6710e-02 0.0000e+00
3.0900e-02 0.0000e+00
3.5470e-02 0.0000e+00
4.4920e-02 0.0000e+00
5.0460e-02 0.0000e+00
5.6710e-02 0.0000e+00
6.3740e-02 0.0000e+00
7.2380e-02 0.0000e+00
8.1160e-02 0.0000e+00
9.1120e-02 0.0000e+00
1.0260e-01 0.0000e+00
1.1630e-01 0.0000e+00
1.3250e-01 0.0000e+00
1.5260e-01 0.0000e+00
1.7780e-01 0.0000e+00
2.0960e-01 1.5584e-08
2.4790e-01 3.7125e-08
2.9280e-01 9.3757e-08
3.4320e-01 2.5727e-07
3.9790e-01 1.0079e-06
4.5420e-01 3.1594e-06
5.1100e-01 1.0582e-05
5.6820e-01 3.7410e-05
6.2430e-01 1.3088e-04
6.8020e-01 4.4003e-04
7.3680e-01 1.3876e-03
7.9470e-01 4.0275e-03
8.5550e-01 1.0811e-02
9.2010e-01 2.6759e-02
9.9020e-01 6.1634e-02
1.6370e+00 5.0907e+01
1.6950e+00 4.6472e+01
1.7630e+00 4.2607e+01
1.8420e+00 3.9268e+01
1.9340e+00 3.6534e+01
2.0390e+00 3.4522e+01
2.1580e+00 3.3303e+01
2.2930e+00 3.3048e+01
2.4420e+00 3.3975e+01
2.6030e+00 3.6076e+01
2.7840e+00 4.0073e+01
2.9830e+00 4.6037e+01
3.1980e+00 5.4101e+01
3.4270e+00 6.4368e+01
3.6690e+00 7.6572e+01
3.9190e+00 9.0245e+01
4.1740e+00 1.0484e+02
4.4310e+00 1.1947e+02
4.6860e+00 1.3317e+02
4.9380e+00 1.4532e+02
5.1850e+00 1.5530e+02
5.4280e+00 1.6271e+02
5.6650e+00 1.6744e+02
5.8990e+00 1.6960e+02
6.1300e+00 1.6943e+02
6.3590e+00 1.6686e+02
6.5870e+00 1.6274e+02
6.8160e+00 1.5710e+02
7.0470e+00 1.5042e+02
7.2830e+00 1.4297e+02
7.5240e+00 1.3516e+02
7.7740e+00 1.2698e+02
8.0340e+00 1.1878e+02
8.3070e+00 1.1072e+02
8.5960e+00 1.0274e+02
8.9060e+00 9.5086e+01
9.2390e+00 8.7704e+01
9.6000e+00 8.0608e+01
9.9940e+00 7.3880e+01
1.0430e+01 6.7418e+01
1.0910e+01 6.1281e+01
1.1440e+01 5.5441e+01
1.2040e+01 4.9962e+01
1.2710e+01 4.4775e+01
1.3470e+01 3.9927e+01
1.4330e+01 3.5429e+01
1.5310e+01 3.1248e+01
1.6430e+01 2.7435e+01
1.7710e+01 2.3944e+01
1.9170e+01 2.0773e+01
2.0850e+01 1.7967e+01
2.2770e+01 1.5443e+01
2.4970e+01 1.3226e+01
2.7500e+01 1.1293e+01
3.0400e+01 9.6096e+00
3.3740e+01 8.1520e+00
3.7580e+01 6.8998e+00
4.2020e+01 5.8378e+00
4.7180e+01 4.9245e+00
5.3200e+01 4.1517e+00
6.0290e+01 3.4956e+00
6.8700e+01 2.9399e+00
7.8780e+01 2.4674e+00
