0.000000000e+00 -1.626883597e-01
1.001002004e-08 -1.605406354e-01
2.002004008e-08 -1.584999247e-01
3.003006012e-08 -1.565662275e-01
4.004008016e-08 -1.547395440e-01
5.005010020e-08 -1.530198740e-01
6.006012024e-08 -1.514072177e-01
7.007014028e-08 -1.499015749e-01
8.008016032e-08 -1.485029456e-01
9.009018036e-08 -1.472113300e-01
1.001002004e-07 -1.460267280e-01
1.101102204e-07 -1.449491395e-01
1.201202405e-07 -1.439785646e-01
1.301302605e-07 -1.431150034e-01
1.401402806e-07 -1.423584557e-01
1.501503006e-07 -1.417089215e-01
1.601603206e-07 -1.411664010e-01
1.701703407e-07 -1.407308941e-01
1.801803607e-07 -1.404024007e-01
1.901903808e-07 -1.401809209e-01
2.002004008e-07 -1.400664547e-01
2.102104208e-07 -1.400590021e-01
2.202204409e-07 -1.401585631e-01
2.302304609e-07 -1.403651376e-01
2.402404810e-07 -1.406787258e-01
2.502505010e-07 -1.410993275e-01
2.602605210e-07 -1.415399593e-01
2.702705411e-07 -1.427201237e-01
2.802805611e-07 -1.393491086e-01
2.902905812e-07 -1.357490459e-01
3.003006012e-07 -1.340584325e-01
3.103106212e-07 -1.355466437e-01
3.203206413e-07 -1.329887243e-01
3.303306613e-07 -1.338501090e-01
3.403406814e-07 -1.299324750e-01
3.503507014e-07 -1.279678648e-01
3.603607214e-07 -1.247089168e-01
3.703707415e-07 -1.216989192e-01
3.803807615e-07 -1.210720733e-01
3.903907816e-07 -1.200145952e-01
4.004008016e-07 -1.224264742e-01
4.104108216e-07 -1.256659976e-01
4.204208417e-07 -1.283102145e-01
4.304308617e-07 -1.365213000e-01
4.404408818e-07 -1.404501983e-01
4.504509018e-07 -1.464930069e-01
4.604609218e-07 -1.547846893e-01
4.704709419e-07 -1.656111052e-01
4.804809619e-07 -1.796558342e-01
4.904909820e-07 -1.941285431e-01
5.005010020e-07 -2.179170483e-01
5.105110220e-07 -2.418889129e-01
5.205210421e-07 -2.670208067e-01
5.305310621e-07 -2.960929760e-01
5.405410822e-07 -3.292745585e-01
5.505511022e-07 -3.645459151e-01
5.605611222e-07 -4.050704126e-01
5.705711423e-07 -4.463041020e-01
5.805811623e-07 -4.921818259e-01
5.905911824e-07 -5.456387490e-01
6.006012024e-07 -6.037105347e-01
6.106112224e-07 -6.638245503e-01
6.206212425e-07 -7.335953662e-01
6.306312625e-07 -8.077520529e-01
6.406412826e-07 -8.940132804e-01
6.506513026e-07 -9.805121198e-01
6.606613226e-07 -1.078460485e+00
6.706713427e-07 -1.177892055e+00
6.806813627e-07 -1.284161081e+00
6.906913828e-07 -1.397374206e+00
7.007014028e-07 -1.524012940e+00
7.107114228e-07 -1.658242375e+00
7.207214429e-07 -1.793376752e+00
7.307314629e-07 -1.941879523e+00
7.407414830e-07 -2.095114934e+00
7.507515030e-07 -2.253409317e+00
7.607615230e-07 -2.423564651e+00
7.707715431e-07 -2.597123138e+00
7.807815631e-07 -2.788593367e+00
7.907915832e-07 -2.988753742e+00
8.008016032e-07 -3.194672782e+00
8.108116232e-07 -3.405169684e+00
8.208216433e-07 -3.618968475e+00
8.308316633e-07 -3.841430905e+00
8.408416834e-07 -4.061052433e+00
8.508517034e-07 -4.283981069e+00
8.608617234e-07 -4.508022078e+00
8.708717435e-07 -4.735923631e+00
8.808817635e-07 -4.964262014e+00
8.908917836e-07 -5.191904430e+00
9.009018036e-07 -5.418063469e+00
9.109118236e-07 -5.645344996e+00
9.209218437e-07 -5.870525407e+00
9.309318637e-07 -6.095857233e+00
9.409418838e-07 -6.313579659e+00
9.509519038e-07 -6.534177223e+00
9.609619238e-07 -6.749602775e+00
9.709719439e-07 -6.961190801e+00
9.809819639e-07 -7.167979189e+00
9.909919840e-07 -7.371639346e+00
1.001002004e-06 -7.571452885e+00
1.011012024e-06 -7.759446882e+00
1.021022044e-06 -7.939128750e+00
1.031032064e-06 -8.113510712e+00
1.041042084e-06 -8.276930856e+00
1.051052104e-06 -8.434881532e+00
1.061062124e-06 -8.581676777e+00
1.071072144e-06 -8.721158412e+00
1.081082164e-06 -8.850850243e+00
1.091092184e-06 -8.974739700e+00
1.101102204e-06 -9.087263227e+00
1.111112224e-06 -9.189537596e+00
1.121122244e-06 -9.280126342e+00
1.131132265e-06 -9.357690663e+00
1.141142285e-06 -9.431208523e+00
1.151152305e-06 -9.486754688e+00
1.161162325e-06 -9.534663575e+00
1.171172345e-06 -9.570143995e+00
1.181182365e-06 -9.596894119e+00
1.191192385e-06 -9.616015979e+00
1.201202405e-06 -9.627793863e+00
1.211212425e-06 -9.628163919e+00
1.221222445e-06 -9.620413747e+00
1.231232465e-06 -9.604420786e+00
1.241242485e-06 -9.583206755e+00
1.251252505e-06 -9.551543027e+00
1.261262525e-06 -9.513112026e+00
1.271272545e-06 -9.464248784e+00
1.281282565e-06 -9.411744858e+00
1.291292585e-06 -9.341200773e+00
1.301302605e-06 -9.259482244e+00
1.311312625e-06 -9.167713606e+00
1.321322645e-06 -9.062616281e+00
1.331332665e-06 -8.951576360e+00
1.341342685e-06 -8.828880482e+00
1.351352705e-06 -8.697158114e+00
1.361362725e-06 -8.560448015e+00
1.371372745e-06 -8.412946110e+00
1.381382766e-06 -8.258012184e+00
1.391392786e-06 -8.089662128e+00
1.401402806e-06 -7.913992928e+00
1.411412826e-06 -7.734343862e+00
1.421422846e-06 -7.545398413e+00
1.431432866e-06 -7.348342707e+00
1.441442886e-06 -7.137475748e+00
1.451452906e-06 -6.922854545e+00
1.461462926e-06 -6.698271120e+00
1.471472946e-06 -6.463015985e+00
1.481482966e-06 -6.222384389e+00
1.491492986e-06 -5.975182512e+00
1.501503006e-06 -5.720220951e+00
1.511513026e-06 -5.456272122e+00
1.521523046e-06 -5.188445224e+00
1.531533066e-06 -4.917224263e+00
1.541543086e-06 -4.642404175e+00
1.551553106e-06 -4.364785773e+00
1.561563126e-06 -4.080413013e+00
1.571573146e-06 -3.795631374e+00
1.581583166e-06 -3.505599500e+00
1.591593186e-06 -3.211853639e+00
1.601603206e-06 -2.910141889e+00
1.611613226e-06 -2.608507081e+00
1.621623246e-06 -2.301071363e+00
1.631633267e-06 -1.999066346e+00
1.641643287e-06 -1.694236913e+00
1.651653307e-06 -1.386591485e+00
1.661663327e-06 -1.082213219e+00
1.671673347e-06 -7.794777857e-01
1.681683367e-06 -4.760835606e-01
1.691693387e-06 -1.770689673e-01
1.701703407e-06 1.227385186e-01
1.711713427e-06 4.199319773e-01
1.721723447e-06 7.156729450e-01
1.731733467e-06 1.005708792e+00
1.741743487e-06 1.294012956e+00
1.751753507e-06 1.583937010e+00
1.761763527e-06 1.865014301e+00
1.771773547e-06 2.136080884e+00
1.781783567e-06 2.405703270e+00
1.791793587e-06 2.671391085e+00
1.801803607e-06 2.931255332e+00
1.811813627e-06 3.183780573e+00
1.821823647e-06 3.432608331e+00
1.831833667e-06 3.672253055e+00
1.841843687e-06 3.907973706e+00
1.851853707e-06 4.140015958e+00
1.861863727e-06 4.365856618e+00
1.871873747e-06 4.587393746e+00
1.881883768e-06 4.798030191e+00
1.891893788e-06 5.005825995e+00
1.901903808e-06 5.206819946e+00
1.911913828e-06 5.401560825e+00
1.921923848e-06 5.597122509e+00
1.931933868e-06 5.786165942e+00
1.941943888e-06 5.970672079e+00
1.951953908e-06 6.144044608e+00
1.961963928e-06 6.311626675e+00
1.971973948e-06 6.475951753e+00
1.981983968e-06 6.626592183e+00
1.991993988e-06 6.769655743e+00
2.002004008e-06 6.903988224e+00
2.012014028e-06 7.029111761e+00
2.022024048e-06 7.147754285e+00
2.032034068e-06 7.258616606e+00
2.042044088e-06 7.362034978e+00
2.052054108e-06 7.460278657e+00
2.062064128e-06 7.551223758e+00
2.072074148e-06 7.635414809e+00
2.082084168e-06 7.710018713e+00
2.092094188e-06 7.778450184e+00
2.102104208e-06 7.837943875e+00
2.112114228e-06 7.889437846e+00
2.122124248e-06 7.935559820e+00
2.132134269e-06 7.967642639e+00
2.142144289e-06 7.995291924e+00
2.152154309e-06 8.015466677e+00
2.162164329e-06 8.031498085e+00
2.172174349e-06 8.040079115e+00
2.182184369e-06 8.043600106e+00
2.192194389e-06 8.039694681e+00
2.202204409e-06 8.029160769e+00
2.212214429e-06 8.008470108e+00
2.222224449e-06 7.980697889e+00
2.232234469e-06 7.946638087e+00
2.242244489e-06 7.907466729e+00
2.252254509e-06 7.857465284e+00
2.262264529e-06 7.799449992e+00
2.272274549e-06 7.733927920e+00
2.282284569e-06 7.668061543e+00
2.292294589e-06 7.590723355e+00
2.302304609e-06 7.506814801e+00
2.312314629e-06 7.416060453e+00
2.322324649e-06 7.319514688e+00
2.332334669e-06 7.213782888e+00
2.342344689e-06 7.098983293e+00
2.352354709e-06 6.981174018e+00
2.362364729e-06 6.854827328e+00
2.372374749e-06 6.720343712e+00
2.382384770e-06 6.582246746e+00
2.392394790e-06 6.440442441e+00
2.402404810e-06 6.292792658e+00
2.412414830e-06 6.137438081e+00
2.422424850e-06 5.977001891e+00
2.432434870e-06 5.810997279e+00
2.442444890e-06 5.639734900e+00
2.452454910e-06 5.462324808e+00
2.462464930e-06 5.280412710e+00
2.472474950e-06 5.094483459e+00
2.482484970e-06 4.903261554e+00
2.492494990e-06 4.705011647e+00
2.502505010e-06 4.503698253e+00
2.512515030e-06 4.297397105e+00
2.522525050e-06 4.095489437e+00
2.532535070e-06 3.884611010e+00
2.542545090e-06 3.667942820e+00
2.552555110e-06 3.449285671e+00
2.562565130e-06 3.228718509e+00
2.572575150e-06 3.004243332e+00
2.582585170e-06 2.775139800e+00
2.592595190e-06 2.549319519e+00
2.602605210e-06 2.319119831e+00
2.612615230e-06 2.091085120e+00
2.622625251e-06 1.861119395e+00
2.632635271e-06 1.628446688e+00
2.642645291e-06 1.398159740e+00
2.652655311e-06 1.169291643e+00
2.662665331e-06 9.420011759e-01
2.672675351e-06 7.154532945e-01
2.682685371e-06 4.872540625e-01
2.692695391e-06 2.602046997e-01
2.702705411e-06 3.417700877e-02
2.712715431e-06 -1.925511364e-01
2.722725451e-06 -4.193527609e-01
2.732735471e-06 -6.415894616e-01
2.742745491e-06 -8.604228097e-01
2.752755511e-06 -1.074907447e+00
2.762765531e-06 -1.290123676e+00
2.772775551e-06 -1.503351040e+00
2.782785571e-06 -1.711655785e+00
2.792795591e-06 -1.918138641e+00
2.802805611e-06 -2.122831966e+00
2.812815631e-06 -2.324661400e+00
2.822825651e-06 -2.522559504e+00
2.832835671e-06 -2.717275601e+00
2.842845691e-06 -2.910180543e+00
2.852855711e-06 -3.097613246e+00
2.862865731e-06 -3.279364789e+00
2.872875752e-06 -3.458940079e+00
2.882885772e-06 -3.635912815e+00
2.892895792e-06 -3.811375677e+00
2.902905812e-06 -3.975542975e+00
2.912915832e-06 -4.139138444e+00
2.922925852e-06 -4.300267634e+00
2.932935872e-06 -4.454332842e+00
2.942945892e-06 -4.605458617e+00
2.952955912e-06 -4.749271918e+00
2.962965932e-06 -4.886638748e+00
2.972975952e-06 -5.022663072e+00
2.982985972e-06 -5.153558391e+00
2.992995992e-06 -5.279736083e+00
3.003006012e-06 -5.402359742e+00
3.013016032e-06 -5.520999780e+00
3.023026052e-06 -5.627680682e+00
3.033036072e-06 -5.737846003e+00
3.043046092e-06 -5.844401564e+00
3.053056112e-06 -5.938170728e+00
3.063066132e-06 -6.029341769e+00
3.073076152e-06 -6.114876084e+00
3.083086172e-06 -6.195044262e+00
3.093096192e-06 -6.268488457e+00
3.103106212e-06 -6.338590179e+00
3.113116232e-06 -6.402291573e+00
3.123126253e-06 -6.459317724e+00
3.133136273e-06 -6.509262096e+00
3.143146293e-06 -6.552595268e+00
3.153156313e-06 -6.590428238e+00
3.163166333e-06 -6.622616851e+00
3.173176353e-06 -6.647941708e+00
3.183186373e-06 -6.672041833e+00
3.193196393e-06 -6.685885417e+00
3.203206413e-06 -6.693959368e+00
3.213216433e-06 -6.698306135e+00
3.223226453e-06 -6.692670979e+00
3.233236473e-06 -6.679337220e+00
3.243246493e-06 -6.658500545e+00
3.253256513e-06 -6.631768618e+00
3.263266533e-06 -6.606303044e+00
3.273276553e-06 -6.569738828e+00
3.283286573e-06 -6.531934233e+00
3.293296593e-06 -6.482338302e+00
3.303306613e-06 -6.430095644e+00
3.313316633e-06 -6.368748496e+00
3.323326653e-06 -6.303208585e+00
3.333336673e-06 -6.234249168e+00
3.343346693e-06 -6.156352269e+00
3.353356713e-06 -6.074509965e+00
3.363366733e-06 -5.981832734e+00
3.373376754e-06 -5.888191364e+00
3.383386774e-06 -5.786378830e+00
3.393396794e-06 -5.679373160e+00
3.403406814e-06 -5.566343328e+00
3.413416834e-06 -5.451067215e+00
3.423426854e-06 -5.327542220e+00
3.433436874e-06 -5.197471388e+00
3.443446894e-06 -5.059974979e+00
3.453456914e-06 -4.921474359e+00
3.463466934e-06 -4.773674544e+00
3.473476954e-06 -4.629023052e+00
3.483486974e-06 -4.476990902e+00
3.493496994e-06 -4.321451401e+00
3.503507014e-06 -4.166017525e+00
3.513517034e-06 -4.000748484e+00
3.523527054e-06 -3.831453950e+00
3.533537074e-06 -3.663509576e+00
3.543547094e-06 -3.492132083e+00
3.553557114e-06 -3.312772925e+00
3.563567134e-06 -3.132862781e+00
3.573577154e-06 -2.950553906e+00
3.583587174e-06 -2.766269224e+00
3.593597194e-06 -2.577142779e+00
3.603607214e-06 -2.385477095e+00
3.613617234e-06 -2.189087825e+00
3.623627255e-06 -1.991159088e+00
3.633637275e-06 -1.791569217e+00
3.643647295e-06 -1.590745525e+00
3.653657315e-06 -1.388976853e+00
3.663667335e-06 -1.186311038e+00
3.673677355e-06 -9.818902659e-01
3.683687375e-06 -7.790603698e-01
3.693697395e-06 -5.742732905e-01
3.703707415e-06 -3.718577866e-01
3.713717435e-06 -1.706757615e-01
3.723727455e-06 3.233740189e-02
3.733737475e-06 2.309724856e-01
3.743747495e-06 4.295318028e-01
3.753757515e-06 6.258227400e-01
3.763767535e-06 8.140589570e-01
3.773777555e-06 1.008590961e+00
3.783787575e-06 1.197431617e+00
3.793797595e-06 1.387715950e+00
3.803807615e-06 1.572983889e+00
3.813817635e-06 1.756887567e+00
3.823827655e-06 1.934190078e+00
3.833837675e-06 2.112198154e+00
3.843847695e-06 2.287727839e+00
3.853857715e-06 2.457378919e+00
3.863867735e-06 2.627567207e+00
3.873877756e-06 2.790057238e+00
3.883887776e-06 2.947732102e+00
3.893897796e-06 3.100611551e+00
3.903907816e-06 3.250983123e+00
3.913917836e-06 3.400130422e+00
3.923927856e-06 3.541606692e+00
3.933937876e-06 3.680968386e+00
3.943947896e-06 3.813545850e+00
3.953957916e-06 3.940047960e+00
3.963967936e-06 4.065000873e+00
3.973977956e-06 4.179306680e+00
3.983987976e-06 4.292549366e+00
3.993997996e-06 4.403438773e+00
4.004008016e-06 4.506529754e+00
4.014018036e-06 4.607395045e+00
4.024028056e-06 4.699693518e+00
4.034038076e-06 4.787551153e+00
4.044048096e-06 4.872019204e+00
4.054058116e-06 4.950440183e+00
4.064068136e-06 5.029207063e+00
4.074078156e-06 5.097821203e+00
4.084088176e-06 5.165976425e+00
4.094098196e-06 5.227308647e+00
4.104108216e-06 5.283291878e+00
4.114118236e-06 5.335463406e+00
4.124128257e-06 5.382740162e+00
4.134138277e-06 5.426562412e+00
4.144148297e-06 5.464078794e+00
4.154158317e-06 5.496488569e+00
4.164168337e-06 5.524470002e+00
4.174178357e-06 5.546355861e+00
4.184188377e-06 5.566289300e+00
4.194198397e-06 5.577566084e+00
4.204208417e-06 5.587188458e+00
4.214218437e-06 5.593475516e+00
4.224228457e-06 5.593071016e+00
4.234238477e-06 5.586154463e+00
4.244248497e-06 5.575279869e+00
4.254258517e-06 5.560528701e+00
4.264268537e-06 5.538662073e+00
4.274278557e-06 5.519201972e+00
4.284288577e-06 5.490807509e+00
4.294298597e-06 5.460238679e+00
4.304308617e-06 5.426349628e+00
4.314318637e-06 5.384393789e+00
4.324328657e-06 5.338544381e+00
4.334338677e-06 5.288539939e+00
4.344348697e-06 5.233096664e+00
4.354358717e-06 5.175115485e+00
4.364368737e-06 5.112948219e+00
4.374378758e-06 5.046012950e+00
4.384388778e-06 4.973931267e+00
4.394398798e-06 4.898839624e+00
4.404408818e-06 4.820409602e+00
4.414418838e-06 4.735335175e+00
4.424428858e-06 4.646103946e+00
4.434438878e-06 4.550805028e+00
4.444448898e-06 4.449661652e+00
4.454458918e-06 4.347322879e+00
4.464468938e-06 4.240085508e+00
4.474478958e-06 4.130252864e+00
4.484488978e-06 4.015384287e+00
4.494498998e-06 3.899127933e+00
4.504509018e-06 3.773904561e+00
4.514519038e-06 3.647838765e+00
4.524529058e-06 3.516291929e+00
4.534539078e-06 3.384973514e+00
4.544549098e-06 3.250195677e+00
4.554559118e-06 3.108022283e+00
4.564569138e-06 2.969331171e+00
4.574579158e-06 2.821591230e+00
4.584589178e-06 2.676121664e+00
4.594599198e-06 2.526428008e+00
4.604609218e-06 2.376101306e+00
4.614619238e-06 2.224231555e+00
4.624629259e-06 2.071037174e+00
4.634639279e-06 1.917100079e+00
4.644649299e-06 1.761121608e+00
4.654659319e-06 1.606375622e+00
4.664669339e-06 1.446515675e+00
4.674679359e-06 1.286309202e+00
4.684689379e-06 1.124321345e+00
4.694699399e-06 9.609498746e-01
4.704709419e-06 7.995162197e-01
4.714719439e-06 6.316799302e-01
4.724729459e-06 4.626729662e-01
4.734739479e-06 3.001208261e-01
4.744749499e-06 1.358335265e-01
4.754759519e-06 0.000000000e+00
5.713608797e-05 0.000000000e+00
1.095174164e-04 0.000000000e+00
1.618987449e-04 0.000000000e+00
2.142800733e-04 0.000000000e+00
2.666614018e-04 0.000000000e+00
3.190427302e-04 0.000000000e+00
3.714240586e-04 0.000000000e+00
4.238053871e-04 0.000000000e+00
4.761867155e-04 0.000000000e+00
5.285680440e-04 0.000000000e+00
5.809493724e-04 0.000000000e+00
6.333307009e-04 0.000000000e+00
6.857120293e-04 0.000000000e+00
7.380933578e-04 0.000000000e+00
7.904746862e-04 0.000000000e+00
8.428560147e-04 0.000000000e+00
8.952373431e-04 0.000000000e+00
9.476186716e-04 0.000000000e+00
1.000000000e-03 0.000000000e+00
