1.0400e-01 1.4700e+05
1.2090e-01 1.3170e+05
1.4080e-01 1.1887e+05
1.6530e-01 1.1020e+05
1.9540e-01 1.0598e+05
2.3190e-01 1.0683e+05
2.7570e-01 1.1345e+05
3.2490e-01 1.2585e+05
3.7860e-01 1.4400e+05
4.3570e-01 1.6730e+05
4.9200e-01 1.9462e+05
5.4710e-01 2.2444e+05
6.0010e-01 2.5564e+05
6.5070e-01 2.8687e+05
6.9940e-01 3.1787e+05
7.4610e-01 3.4765e+05
7.9200e-01 3.7629e+05
8.3780e-01 4.0435e+05
8.8460e-01 4.3272e+05
9.3280e-01 4.6134e+05
9.8380e-01 4.9127e+05
1.0380e+00 5.2364e+05
1.0970e+00 5.5977e+05
1.1620e+00 5.9975e+05
1.2330e+00 6.4613e+05
1.6420e+00 1.2733e+06
1.7060e+00 1.2921e+06
1.7780e+00 1.3239e+06
1.8610e+00 1.3688e+06
1.9530e+00 1.4293e+06
2.0570e+00 1.5054e+06
2.1720e+00 1.5977e+06
2.2980e+00 1.7078e+06
2.4370e+00 1.8360e+06
2.5810e+00 1.9712e+06
2.7450e+00 2.1387e+06
2.9230e+00 2.3297e+06
3.1130e+00 2.5405e+06
3.3150e+00 2.7727e+06
3.5260e+00 3.0171e+06
3.7410e+00 3.2580e+06
3.9560e+00 3.4906e+06
4.1650e+00 3.6936e+06
4.3650e+00 3.8569e+06
4.5530e+00 3.9667e+06
4.7290e+00 4.0280e+06
4.8920e+00 4.0407e+06
5.0440e+00 4.0107e+06
5.1860e+00 3.9474e+06
5.3200e+00 3.8514e+06
5.4480e+00 3.7384e+06
5.5720e+00 3.6112e+06
5.6940e+00 3.4742e+06
5.8150e+00 3.3339e+06
5.9360e+00 3.1915e+06
6.0590e+00 3.0495e+06
6.1850e+00 2.9085e+06
6.3140e+00 2.7706e+06
6.4460e+00 2.6363e+06
6.5840e+00 2.5060e+06
6.7260e+00 2.3788e+06
6.8750e+00 2.2589e+06
7.0290e+00 2.1399e+06
7.1910e+00 2.0274e+06
7.3600e+00 1.9185e+06
7.5370e+00 1.8148e+06
7.7250e+00 1.7161e+06
7.9230e+00 1.6222e+06
8.1340e+00 1.5319e+06
8.3590e+00 1.4459e+06
8.6010e+00 1.3648e+06
8.8620e+00 1.2870e+06
9.1450e+00 1.2134e+06
9.4530e+00 1.1435e+06
9.7920e+00 1.0765e+06
1.0160e+01 1.0128e+06
1.0580e+01 9.5132e+05
1.1040e+01 8.9248e+05
1.1550e+01 8.3615e+05
1.2130e+01 7.8152e+05
1.2780e+01 7.2926e+05
1.3520e+01 6.7873e+05
1.4360e+01 6.2999e+05
1.5320e+01 5.8378e+05
1.6410e+01 5.3897e+05
1.7660e+01 4.9650e+05
1.9090e+01 4.5604e+05
2.0740e+01 4.1789e+05
2.2630e+01 3.8193e+05
2.4790e+01 3.4815e+05
2.7270e+01 3.1692e+05
3.0120e+01 2.8766e+05
3.3390e+01 2.6069e+05
3.7160e+01 2.3583e+05
4.1510e+01 2.1294e+05
4.6570e+01 1.9192e+05
5.2470e+01 1.7262e+05
5.9410e+01 1.5488e+05
6.7640e+01 1.3852e+05
7.7480e+01 1.2346e+05
