1.0400e-01 0.0000e+00
1.2090e-01 0.0000e+00
1.4080e-01 0.0000e+00
1.6530e-01 0.0000e+00
1.9540e-01 0.0000e+00
2.3190e-01 0.0000e+00
2.7570e-01 9.0241e-10
3.2490e-01 1.6876e-09
3.7860e-01 3.0382e-09
4.3570e-01 9.6107e-08
4.9200e-01 1.7288e-07
5.4710e-01 3.1792e-07
6.0010e-01 6.3181e-07
6.5070e-01 1.3946e-06
6.9940e-01 3.6529e-06
7.4610e-01 9.5139e-06
7.9200e-01 2.6858e-05
8.3780e-01 8.2858e-05
8.8460e-01 2.7246e-04
9.3280e-01 8.9880e-04
9.8380e-01 2.8485e-03
1.0380e+00 8.4319e-03
1.0970e+00 2.3141e-02
1.1620e+00 5.8580e-02
1.2330e+00 1.3760e-01
1.6420e+00 5.9479e+01
1.7060e+00 5.5347e+01
1.7780e+00 5.1718e+01
1.8610e+00 4.8753e+01
1.9530e+00 4.6645e+01
2.0570e+00 4.5679e+01
2.1720e+00 4.6170e+01
2.2980e+00 4.8520e+01
2.4370e+00 5.3204e+01
2.5810e+00 6.0132e+01
2.7450e+00 7.1229e+01
2.9230e+00 8.6637e+01
3.1130e+00 1.0683e+02
3.3150e+00 1.3237e+02
3.5260e+00 1.6294e+02
3.7410e+00 1.9719e+02
3.9560e+00 2.3380e+02
4.1650e+00 2.7058e+02
4.3650e+00 3.0474e+02
4.5530e+00 3.3418e+02
4.7290e+00 3.5821e+02
4.8920e+00 3.7540e+02
5.0440e+00 3.8649e+02
5.1860e+00 3.9162e+02
5.3200e+00 3.9150e+02
5.4480e+00 3.8716e+02
5.5720e+00 3.7916e+02
5.6940e+00 3.6868e+02
5.8150e+00 3.5620e+02
5.9360e+00 3.4212e+02
6.0590e+00 3.2712e+02
6.1850e+00 3.1143e+02
6.3140e+00 2.9532e+02
6.4460e+00 2.7913e+02
6.5840e+00 2.6293e+02
6.7260e+00 2.4695e+02
6.8750e+00 2.3142e+02
7.0290e+00 2.1607e+02
7.1910e+00 2.0143e+02
7.3600e+00 1.8725e+02
7.5370e+00 1.7388e+02
7.7250e+00 1.6108e+02
7.9230e+00 1.4906e+02
8.1340e+00 1.3771e+02
8.3590e+00 1.2697e+02
8.6010e+00 1.1698e+02
8.8620e+00 1.0755e+02
9.1450e+00 9.8705e+01
9.4530e+00 9.0486e+01
9.7920e+00 8.2735e+01
1.0160e+01 7.5533e+01
1.0580e+01 6.8664e+01
1.1040e+01 6.2256e+01
1.1550e+01 5.6231e+01
1.2130e+01 5.0551e+01
1.2780e+01 4.5278e+01
1.3520e+01 4.0343e+01
1.4360e+01 3.5759e+01
1.5320e+01 3.1553e+01
1.6410e+01 2.7671e+01
1.7660e+01 2.4161e+01
1.9090e+01 2.0979e+01
2.0740e+01 1.8129e+01
2.2630e+01 1.5597e+01
2.4790e+01 1.3358e+01
2.7270e+01 1.1407e+01
3.0120e+01 9.7084e+00
3.3390e+01 8.2445e+00
3.7160e+01 6.9824e+00
4.1510e+01 5.9024e+00
4.6570e+01 4.9833e+00
5.2470e+01 4.2034e+00
5.9410e+01 3.5405e+00
6.7640e+01 2.9780e+00
7.7480e+01 2.5015e+00
