2.1830e-03 4.2334e+05
2.2400e-03 3.8393e+05
2.3110e-03 3.5065e+05
2.3980e-03 3.2254e+05
2.5040e-03 2.9897e+05
2.6330e-03 2.7986e+05
2.7870e-03 2.6447e+05
2.9700e-03 2.5267e+05
3.1870e-03 2.4405e+05
3.4430e-03 2.3890e+05
3.7460e-03 2.3753e+05
4.1050e-03 2.4163e+05
4.5360e-03 2.5472e+05
5.0580e-03 2.8518e+05
5.7050e-03 3.5014e+05
6.5200e-03 4.8110e+05
7.5700e-03 7.3292e+05
8.9490e-03 1.1843e+06
1.0780e-02 1.9334e+06
1.3220e-02 3.0760e+06
1.6330e-02 4.6638e+06
2.0470e-02 6.7151e+06
2.5770e-02 9.2917e+06
3.1940e-02 1.1876e+07
3.9040e-02 1.4398e+07
4.6920e-02 1.6604e+07
5.5550e-02 1.8510e+07
6.4530e-02 1.9613e+07
7.5190e-02 2.1168e+07
8.4730e-02 2.0813e+07
9.4670e-02 1.9993e+07
1.0510e-01 1.8825e+07
1.1720e-01 1.7820e+07
1.2870e-01 1.6190e+07
1.4100e-01 1.4536e+07
1.5520e-01 1.3134e+07
1.6970e-01 1.1560e+07
1.8610e-01 1.0124e+07
2.0460e-01 8.8218e+06
2.2610e-01 7.6713e+06
2.5140e-01 6.6717e+06
2.8150e-01 5.8000e+06
3.1740e-01 5.0604e+06
5.0380e-01 4.5634e+06
5.4080e-01 4.0488e+06
5.8220e-01 3.6183e+06
6.2630e-01 3.2554e+06
6.7110e-01 2.9460e+06
7.1500e-01 2.6773e+06
7.5670e-01 2.4418e+06
7.9550e-01 2.2296e+06
8.3120e-01 2.0387e+06
8.6400e-01 1.8652e+06
8.9430e-01 1.7071e+06
9.2080e-01 1.5604e+06
9.4820e-01 1.4316e+06
9.7470e-01 1.3142e+06
1.0010e+00 1.2095e+06
1.0290e+00 1.1156e+06
1.0590e+00 1.0305e+06
1.0950e+00 9.5476e+05
1.1440e+00 8.8858e+05
1.2180e+00 8.3054e+05
1.3390e+00 7.8175e+05
1.5330e+00 7.4205e+05
1.8130e+00 7.0865e+05
2.1720e+00 6.7983e+05
2.5790e+00 6.5157e+05
3.0000e+00 6.2149e+05
3.4080e+00 5.8871e+05
3.7940e+00 5.5374e+05
4.1550e+00 5.1888e+05
4.4990e+00 4.8448e+05
4.8340e+00 4.5126e+05
5.1690e+00 4.1984e+05
5.5120e+00 3.9094e+05
5.8730e+00 3.6391e+05
6.2600e+00 3.3913e+05
6.6770e+00 3.1651e+05
7.1330e+00 2.9551e+05
7.6310e+00 2.7623e+05
8.1770e+00 2.5841e+05
8.7750e+00 2.4180e+05
9.4280e+00 2.2647e+05
1.0140e+01 2.1185e+05
1.0920e+01 1.9812e+05
1.1770e+01 1.8518e+05
1.2710e+01 1.7301e+05
1.3740e+01 1.6146e+05
1.4870e+01 1.5034e+05
1.6130e+01 1.3995e+05
1.7520e+01 1.3001e+05
1.9090e+01 1.2057e+05
2.0840e+01 1.1162e+05
2.2820e+01 1.0302e+05
2.5070e+01 9.5001e+04
2.7630e+01 8.7235e+04
3.0580e+01 7.9911e+04
3.3980e+01 7.2933e+04
3.7930e+01 6.6308e+04
