2.1830e-03 9.5828e+04
2.2400e-03 8.6769e+04
2.3110e-03 7.9132e+04
2.3980e-03 7.2648e+04
2.5040e-03 6.7198e+04
2.6330e-03 6.2704e+04
2.7870e-03 5.9069e+04
2.9700e-03 5.6173e+04
3.1870e-03 5.3930e+04
3.4430e-03 5.2293e+04
3.7460e-03 5.1215e+04
4.1050e-03 5.0714e+04
4.5360e-03 5.0803e+04
5.0580e-03 5.1599e+04
5.7050e-03 5.3261e+04
6.5200e-03 5.6065e+04
7.5700e-03 6.0531e+04
8.9490e-03 6.7426e+04
1.0780e-02 7.7841e+04
1.3220e-02 9.3321e+04
1.6330e-02 1.1573e+05
2.0470e-02 1.4665e+05
2.5770e-02 1.9083e+05
3.1940e-02 2.4209e+05
3.9040e-02 3.0246e+05
4.6920e-02 3.6972e+05
5.5550e-02 4.4493e+05
6.4530e-02 5.1592e+05
7.5190e-02 6.1713e+05
8.4730e-02 6.7525e+05
9.4670e-02 7.2607e+05
1.0510e-01 7.6885e+05
1.1720e-01 8.2583e+05
1.2870e-01 8.4945e+05
1.4100e-01 8.6687e+05
1.5520e-01 8.9565e+05
1.6970e-01 9.0095e+05
1.8610e-01 9.0463e+05
2.0460e-01 9.0855e+05
2.2610e-01 9.1481e+05
2.5140e-01 9.2624e+05
2.8150e-01 9.4365e+05
3.1740e-01 9.6986e+05
5.0380e-01 1.4842e+06
5.4080e-01 1.4681e+06
5.8220e-01 1.4608e+06
6.2630e-01 1.4543e+06
6.7110e-01 1.4430e+06
7.1500e-01 1.4217e+06
7.5670e-01 1.3889e+06
7.9550e-01 1.3441e+06
8.3120e-01 1.2895e+06
8.6400e-01 1.2279e+06
8.9430e-01 1.1614e+06
9.2080e-01 1.0890e+06
9.4820e-01 1.0236e+06
9.7470e-01 9.5946e+05
1.0010e+00 8.9950e+05
1.0290e+00 8.4327e+05
1.0590e+00 7.9100e+05
1.0950e+00 7.4356e+05
1.1440e+00 7.0202e+05
1.2180e+00 6.6605e+05
1.3390e+00 6.3774e+05
1.5330e+00 6.1739e+05
1.8130e+00 6.0309e+05
2.1720e+00 5.9276e+05
2.5790e+00 5.8202e+05
3.0000e+00 5.6785e+05
3.4080e+00 5.4937e+05
3.7940e+00 5.2716e+05
4.1550e+00 5.0304e+05
4.4990e+00 4.7793e+05
4.8340e+00 4.5310e+05
5.1690e+00 4.2918e+05
5.5120e+00 4.0709e+05
5.8730e+00 3.8641e+05
6.2600e+00 3.6740e+05
6.6770e+00 3.5012e+05
7.1330e+00 3.3445e+05
7.6310e+00 3.2037e+05
8.1770e+00 3.0734e+05
8.7750e+00 2.9529e+05
9.4280e+00 2.8413e+05
1.0140e+01 2.7383e+05
1.0920e+01 2.6409e+05
1.1770e+01 2.5495e+05
1.2710e+01 2.4634e+05
1.3740e+01 2.3823e+05
1.4870e+01 2.3047e+05
1.6130e+01 2.2318e+05
1.7520e+01 2.1628e+05
1.9090e+01 2.0987e+05
2.0840e+01 2.0388e+05
2.2820e+01 1.9814e+05
2.5070e+01 1.9288e+05
2.7630e+01 1.8779e+05
3.0580e+01 1.8300e+05
3.3980e+01 1.7839e+05
3.7930e+01 1.7402e+05
