4.5570e-02 1.0017e+07
4.8450e-02 8.2952e+06
5.2610e-02 6.7984e+06
5.8510e-02 5.5085e+06
6.6740e-02 4.4170e+06
7.7840e-02 3.5098e+06
9.2240e-02 2.7760e+06
1.0990e-01 2.1946e+06
1.3050e-01 1.7485e+06
1.5290e-01 1.4170e+06
1.7600e-01 1.1772e+06
1.9870e-01 1.0112e+06
2.2030e-01 9.0158e+05
2.4070e-01 8.3398e+05
2.5980e-01 7.9867e+05
2.7810e-01 7.8568e+05
2.9590e-01 7.9125e+05
3.1350e-01 8.0993e+05
3.3150e-01 8.3903e+05
3.5000e-01 8.7847e+05
3.6930e-01 9.2464e+05
3.8960e-01 9.7840e+05
4.1110e-01 1.0402e+06
4.3400e-01 1.1083e+06
4.5860e-01 1.1837e+06
4.8490e-01 1.2659e+06
5.1310e-01 1.3559e+06
5.4370e-01 1.4531e+06
5.7660e-01 1.5578e+06
6.1240e-01 1.6705e+06
6.5110e-01 1.7912e+06
6.9300e-01 1.9207e+06
7.3870e-01 2.0593e+06
7.8850e-01 2.2048e+06
8.4290e-01 2.3610e+06
9.0220e-01 2.5269e+06
9.6690e-01 2.7016e+06
1.0370e+00 2.8889e+06
1.1120e+00 3.0928e+06
1.1940e+00 3.3087e+06
1.2800e+00 3.5388e+06
1.3720e+00 3.7888e+06
1.4710e+00 4.0593e+06
1.5750e+00 4.3508e+06
1.6870e+00 4.6589e+06
1.8070e+00 4.9917e+06
1.9350e+00 5.3501e+06
2.0730e+00 5.7299e+06
2.2210e+00 6.1389e+06
2.3800e+00 6.5733e+06
2.5510e+00 7.0450e+06
2.7340e+00 7.5432e+06
2.9310e+00 8.0891e+06
3.1400e+00 8.6665e+06
3.3620e+00 9.2981e+06
3.5960e+00 9.9821e+06
3.8440e+00 1.0726e+07
4.1040e+00 1.1512e+07
4.3710e+00 1.2268e+07
4.6280e+00 1.2757e+07
4.8500e+00 1.2686e+07
5.0180e+00 1.1983e+07
5.1360e+00 1.0882e+07
5.2180e+00 9.6477e+06
5.2780e+00 8.4936e+06
5.3280e+00 7.4579e+06
5.3740e+00 6.5596e+06
5.4200e+00 5.8001e+06
5.4700e+00 5.1448e+06
5.5240e+00 4.5876e+06
5.5830e+00 4.1090e+06
5.6490e+00 3.6892e+06
5.7220e+00 3.3253e+06
5.8010e+00 3.0058e+06
5.8890e+00 2.7215e+06
5.9840e+00 2.4691e+06
6.0860e+00 2.2427e+06
6.1970e+00 2.0387e+06
6.3140e+00 1.8529e+06
6.4400e+00 1.6832e+06
6.5730e+00 1.5279e+06
6.7150e+00 1.3860e+06
6.8640e+00 1.2564e+06
7.0240e+00 1.1386e+06
7.1950e+00 1.0306e+06
7.3790e+00 9.3272e+05
7.5780e+00 8.4374e+05
7.7960e+00 7.6316e+05
8.0350e+00 6.9058e+05
8.3030e+00 6.2506e+05
8.6030e+00 5.6601e+05
8.9450e+00 5.1288e+05
9.3390e+00 4.6522e+05
9.7970e+00 4.2203e+05
1.0330e+01 3.8322e+05
1.0970e+01 3.4816e+05
1.1730e+01 3.1633e+05
1.2650e+01 2.8756e+05
1.3750e+01 2.6148e+05
1.5100e+01 2.3788e+05
