1.9850e-03 1.6751e+06
2.0360e-03 1.5067e+06
2.0990e-03 1.3630e+06
2.1780e-03 1.2391e+06
2.2740e-03 1.1330e+06
2.3910e-03 1.0437e+06
2.5320e-03 9.6803e+05
2.7010e-03 9.0509e+05
2.9020e-03 8.5176e+05
3.1410e-03 8.0780e+05
3.4230e-03 7.7121e+05
3.7590e-03 7.4204e+05
4.1610e-03 7.1881e+05
4.6480e-03 7.0134e+05
5.2470e-03 6.9021e+05
6.0000e-03 6.8556e+05
6.9640e-03 6.8833e+05
8.2250e-03 6.9985e+05
9.9000e-03 7.2170e+05
1.2140e-02 7.5626e+05
1.5000e-02 8.0835e+05
1.8890e-02 8.7276e+05
2.3980e-02 9.6865e+05
3.0020e-02 1.0616e+06
3.7130e-02 1.1654e+06
4.5330e-02 1.2888e+06
5.4130e-02 1.3933e+06
6.3540e-02 1.4894e+06
7.4860e-02 1.6587e+06
8.4950e-02 1.7093e+06
9.5490e-02 1.7436e+06
1.0800e-01 1.8209e+06
1.1960e-01 1.8141e+06
1.3210e-01 1.7984e+06
1.4580e-01 1.7777e+06
1.6200e-01 1.7852e+06
1.7910e-01 1.7559e+06
1.9900e-01 1.7328e+06
2.2230e-01 1.7185e+06
2.4980e-01 1.7172e+06
2.8250e-01 1.7303e+06
3.2070e-01 1.7591e+06
5.2650e-01 2.7731e+06
5.6070e-01 2.6934e+06
5.9810e-01 2.6256e+06
6.3750e-01 2.5609e+06
6.7730e-01 2.4896e+06
7.1630e-01 2.4094e+06
7.5360e-01 2.3147e+06
7.8860e-01 2.2114e+06
8.2110e-01 2.0994e+06
8.5120e-01 1.9820e+06
8.7900e-01 1.8644e+06
9.0480e-01 1.7485e+06
9.2900e-01 1.6371e+06
9.5130e-01 1.5290e+06
9.7390e-01 1.4333e+06
9.9640e-01 1.3467e+06
1.0200e+00 1.2704e+06
1.0450e+00 1.2044e+06
1.0740e+00 1.1494e+06
1.1120e+00 1.1087e+06
1.1650e+00 1.0809e+06
1.2510e+00 1.0684e+06
1.3920e+00 1.0710e+06
1.6130e+00 1.0844e+06
1.9210e+00 1.0977e+06
2.3010e+00 1.1010e+06
2.7190e+00 1.0855e+06
3.1400e+00 1.0530e+06
3.5460e+00 1.0049e+06
3.9260e+00 9.4811e+05
4.2840e+00 8.8881e+05
4.6290e+00 8.2959e+05
4.9690e+00 7.7170e+05
5.3130e+00 7.1838e+05
5.6700e+00 6.6920e+05
6.0490e+00 6.2376e+05
6.4580e+00 5.8317e+05
6.9040e+00 5.4607e+05
7.3920e+00 5.1229e+05
7.9300e+00 4.8164e+05
8.5200e+00 4.5382e+05
9.1680e+00 4.2800e+05
9.8790e+00 4.0417e+05
1.0660e+01 3.8207e+05
1.1510e+01 3.6109e+05
1.2450e+01 3.4158e+05
1.3490e+01 3.2306e+05
1.4630e+01 3.0562e+05
1.5910e+01 2.8895e+05
1.7330e+01 2.7312e+05
1.8920e+01 2.5828e+05
2.0710e+01 2.4406e+05
2.2740e+01 2.3046e+05
2.5050e+01 2.1749e+05
2.7700e+01 2.0503e+05
3.0760e+01 1.9291e+05
3.4320e+01 1.8118e+05
3.8480e+01 1.6976e+05
