1.9850e-03 9.3480e+04
2.0360e-03 8.4591e+04
2.0990e-03 7.7009e+04
2.1780e-03 7.0660e+04
2.2740e-03 6.5255e+04
2.3910e-03 6.0824e+04
2.5320e-03 5.7244e+04
2.7010e-03 5.4393e+04
2.9020e-03 5.2221e+04
3.1410e-03 5.0652e+04
3.4230e-03 4.9645e+04
3.7590e-03 4.9220e+04
4.1610e-03 4.9372e+04
4.6480e-03 5.0173e+04
5.2470e-03 5.1825e+04
6.0000e-03 5.4544e+04
6.9640e-03 5.8789e+04
8.2250e-03 6.5250e+04
9.9000e-03 7.4996e+04
1.2140e-02 8.9524e+04
1.5000e-02 1.1076e+05
1.8890e-02 1.4061e+05
2.3980e-02 1.8436e+05
3.0020e-02 2.3605e+05
3.7130e-02 2.9873e+05
4.5330e-02 3.7507e+05
5.4130e-02 4.5205e+05
6.3540e-02 5.3079e+05
7.4860e-02 6.4451e+05
8.4950e-02 7.1052e+05
9.5490e-02 7.6872e+05
1.0800e-01 8.4873e+05
1.1960e-01 8.8477e+05
1.3210e-01 9.1402e+05
1.4580e-01 9.3746e+05
1.6200e-01 9.7593e+05
1.7910e-01 9.9062e+05
1.9900e-01 1.0060e+06
2.2230e-01 1.0250e+06
2.4980e-01 1.0499e+06
2.8250e-01 1.0839e+06
3.2070e-01 1.1256e+06
5.2650e-01 1.8668e+06
5.6070e-01 1.8275e+06
5.9810e-01 1.7956e+06
6.3750e-01 1.7641e+06
6.7730e-01 1.7259e+06
7.1630e-01 1.6798e+06
7.5360e-01 1.6214e+06
7.8860e-01 1.5541e+06
8.2110e-01 1.4784e+06
8.5120e-01 1.3973e+06
8.7900e-01 1.3142e+06
9.0480e-01 1.2312e+06
9.2900e-01 1.1500e+06
9.5130e-01 1.0698e+06
9.7390e-01 9.9721e+05
9.9640e-01 9.2971e+05
1.0200e+00 8.6775e+05
1.0450e+00 8.1120e+05
1.0740e+00 7.5968e+05
1.1120e+00 7.1475e+05
1.1650e+00 6.7519e+05
1.2510e+00 6.4245e+05
1.3920e+00 6.1697e+05
1.6130e+00 5.9945e+05
1.9210e+00 5.8673e+05
2.3010e+00 5.7576e+05
2.7190e+00 5.6284e+05
3.1400e+00 5.4631e+05
3.5460e+00 5.2553e+05
3.9260e+00 5.0195e+05
4.2840e+00 4.7732e+05
4.6290e+00 4.5258e+05
4.9690e+00 4.2840e+05
5.3130e+00 4.0597e+05
5.6700e+00 3.8494e+05
6.0490e+00 3.6568e+05
6.4580e+00 3.4836e+05
6.9040e+00 3.3247e+05
7.3920e+00 3.1826e+05
7.9300e+00 3.0542e+05
8.5200e+00 2.9353e+05
9.1680e+00 2.8254e+05
9.8790e+00 2.7241e+05
1.0660e+01 2.6299e+05
1.1510e+01 2.5409e+05
1.2450e+01 2.4570e+05
1.3490e+01 2.3772e+05
1.4630e+01 2.3020e+05
1.5910e+01 2.2310e+05
1.7330e+01 2.1623e+05
1.8920e+01 2.0988e+05
2.0710e+01 2.0382e+05
2.2740e+01 1.9808e+05
2.5050e+01 1.9277e+05
2.7700e+01 1.8764e+05
3.0760e+01 1.8282e+05
3.4320e+01 1.7810e+05
3.8480e+01 1.7352e+05
