1.9850e-03 0.0000e+00
2.0360e-03 0.0000e+00
2.0990e-03 0.0000e+00
2.1780e-03 0.0000e+00
2.2740e-03 0.0000e+00
2.3910e-03 0.0000e+00
2.5320e-03 0.0000e+00
2.7010e-03 0.0000e+00
2.9020e-03 0.0000e+00
3.1410e-03 0.0000e+00
3.4230e-03 0.0000e+00
3.7590e-03 0.0000e+00
4.1610e-03 0.0000e+00
4.6480e-03 0.0000e+00
5.2470e-03 0.0000e+00
6.0000e-03 0.0000e+00
6.9640e-03 0.0000e+00
8.2250e-03 0.0000e+00
9.9000e-03 0.0000e+00
1.2140e-02 0.0000e+00
1.5000e-02 0.0000e+00
1.8890e-02 0.0000e+00
2.3980e-02 0.0000e+00
3.0020e-02 0.0000e+00
3.7130e-02 0.0000e+00
4.5330e-02 0.0000e+00
5.4130e-02 0.0000e+00
6.3540e-02 0.0000e+00
7.4860e-02 0.0000e+00
8.4950e-02 0.0000e+00
9.5490e-02 0.0000e+00
1.0800e-01 0.0000e+00
1.1960e-01 0.0000e+00
1.3210e-01 0.0000e+00
1.4580e-01 0.0000e+00
1.6200e-01 4.5052e-06
1.7910e-01 4.9120e-06
1.9900e-01 5.8837e-06
2.2230e-01 8.2640e-06
2.4980e-01 1.3883e-05
2.8250e-01 2.6350e-05
3.2070e-01 5.1916e-05
5.2650e-01 8.9707e+00
5.6070e-01 8.1990e+00
5.9810e-01 7.5352e+00
6.3750e-01 6.9598e+00
6.7730e-01 6.4400e+00
7.1630e-01 5.9923e+00
7.5360e-01 5.5791e+00
7.8860e-01 5.2143e+00
8.2110e-01 4.8881e+00
8.5120e-01 4.5802e+00
8.7900e-01 4.3023e+00
9.0480e-01 4.0342e+00
9.2900e-01 3.7756e+00
9.5130e-01 3.5205e+00
9.7390e-01 3.2806e+00
9.9640e-01 3.0475e+00
1.0200e+00 2.8271e+00
1.0450e+00 2.6205e+00
1.0740e+00 2.4455e+00
1.1120e+00 2.3695e+00
1.1650e+00 2.5752e+00
1.2510e+00 3.4860e+00
1.3920e+00 5.8353e+00
1.6130e+00 1.0409e+01
1.9210e+00 1.7516e+01
2.3010e+00 2.6609e+01
2.7190e+00 3.6458e+01
3.1400e+00 4.5816e+01
3.5460e+00 5.3811e+01
3.9260e+00 6.0070e+01
4.2840e+00 6.4676e+01
4.6290e+00 6.7652e+01
4.9690e+00 6.9200e+01
5.3130e+00 6.9543e+01
5.6700e+00 6.8828e+01
6.0490e+00 6.7222e+01
6.4580e+00 6.4851e+01
6.9040e+00 6.1917e+01
7.3920e+00 5.8469e+01
7.9300e+00 5.4743e+01
8.5200e+00 5.0789e+01
9.1680e+00 4.6751e+01
9.8790e+00 4.2721e+01
1.0660e+01 3.8781e+01
1.1510e+01 3.4971e+01
1.2450e+01 3.1352e+01
1.3490e+01 2.7939e+01
1.4630e+01 2.4758e+01
1.5910e+01 2.1826e+01
1.7330e+01 1.9140e+01
1.8920e+01 1.6703e+01
2.0710e+01 1.4517e+01
2.2740e+01 1.2567e+01
2.5050e+01 1.0843e+01
2.7700e+01 9.3154e+00
3.0760e+01 7.9743e+00
3.4320e+01 6.8085e+00
3.8480e+01 5.7898e+00
