4.9930e-02 9.5259e+06
5.0310e-02 9.3960e+06
5.0710e-02 9.2613e+06
5.1110e-02 9.1307e+06
5.1520e-02 9.0074e+06
5.1940e-02 8.8883e+06
5.2380e-02 8.7736e+06
5.2820e-02 8.6576e+06
5.3280e-02 8.5465e+06
5.3750e-02 8.4425e+06
5.4230e-02 8.3370e+06
5.4720e-02 8.2318e+06
5.5230e-02 8.1344e+06
5.5760e-02 8.0405e+06
5.6300e-02 7.9464e+06
5.6850e-02 7.8562e+06
5.7420e-02 7.7689e+06
5.8000e-02 7.6865e+06
5.8610e-02 7.6043e+06
5.9230e-02 7.5271e+06
5.9860e-02 7.4559e+06
6.0520e-02 7.3809e+06
6.1190e-02 7.3082e+06
6.1880e-02 7.2411e+06
6.2590e-02 7.1782e+06
6.3320e-02 7.1145e+06
6.4060e-02 7.0542e+06
6.4830e-02 6.9983e+06
6.5620e-02 6.9411e+06
6.6420e-02 6.8849e+06
6.7250e-02 6.8345e+06
6.8090e-02 6.7809e+06
6.8960e-02 6.7325e+06
6.9840e-02 6.6863e+06
7.0750e-02 6.6396e+06
7.1680e-02 6.5947e+06
7.2620e-02 6.5520e+06
7.3590e-02 6.5077e+06
7.4580e-02 6.4658e+06
7.5580e-02 6.4273e+06
7.6610e-02 6.3871e+06
7.7660e-02 6.3475e+06
7.8730e-02 6.3092e+06
7.9820e-02 6.2725e+06
8.0930e-02 6.2369e+06
8.2060e-02 6.2002e+06
8.3210e-02 6.1656e+06
8.4380e-02 6.1371e+06
8.5570e-02 6.1021e+06
8.6780e-02 6.0659e+06
8.8010e-02 6.0338e+06
8.9260e-02 6.0009e+06
9.0530e-02 5.9687e+06
9.1810e-02 5.9347e+06
9.3120e-02 5.9001e+06
9.4430e-02 5.8732e+06
9.5770e-02 5.8372e+06
9.7110e-02 5.8014e+06
9.8470e-02 5.7716e+06
9.9840e-02 5.7381e+06
1.0120e-01 5.7062e+06
1.0260e-01 5.6686e+06
1.0400e-01 5.6339e+06
1.0540e-01 5.5992e+06
1.0680e-01 5.5646e+06
1.0820e-01 5.5276e+06
1.0960e-01 5.4905e+06
1.1100e-01 5.4505e+06
1.1240e-01 5.4110e+06
1.1380e-01 5.3683e+06
1.1520e-01 5.3240e+06
1.1650e-01 5.2850e+06
1.1790e-01 5.2340e+06
1.1920e-01 5.1895e+06
1.2060e-01 5.1381e+06
1.2190e-01 5.0885e+06
1.2320e-01 5.0367e+06
1.2440e-01 4.9834e+06
1.2570e-01 4.9322e+06
1.2690e-01 4.8722e+06
1.2820e-01 4.8074e+06
1.2930e-01 4.7528e+06
1.3050e-01 4.6938e+06
1.3170e-01 4.6273e+06
1.3280e-01 4.5641e+06
1.3390e-01 4.5011e+06
1.3500e-01 4.4317e+06
1.3610e-01 4.3688e+06
1.3720e-01 4.2975e+06
1.3820e-01 4.2298e+06
1.3930e-01 4.1612e+06
1.4030e-01 4.0925e+06
1.4130e-01 4.0234e+06
1.4240e-01 3.9560e+06
1.4340e-01 3.8842e+06
1.4440e-01 3.8154e+06
1.4540e-01 3.7461e+06
1.4640e-01 3.6815e+06
1.4740e-01 3.6117e+06
1.4840e-01 3.5429e+06
1.4950e-01 3.4774e+06
1.5050e-01 3.4107e+06
1.5150e-01 3.3476e+06
1.5260e-01 3.2844e+06
1.5370e-01 3.2220e+06
1.5480e-01 3.1588e+06
1.5590e-01 3.1002e+06
1.5700e-01 3.0408e+06
1.5820e-01 2.9822e+06
1.5940e-01 2.9261e+06
1.6060e-01 2.8714e+06
1.6190e-01 2.8174e+06
1.6320e-01 2.7647e+06
1.6450e-01 2.7143e+06
1.6580e-01 2.6646e+06
1.6720e-01 2.6159e+06
1.6860e-01 2.5682e+06
1.7010e-01 2.5229e+06
1.7160e-01 2.4786e+06
1.7320e-01 2.4350e+06
1.7480e-01 2.3935e+06
1.7640e-01 2.3527e+06
1.7810e-01 2.3128e+06
1.7990e-01 2.2753e+06
1.8160e-01 2.2380e+06
1.8350e-01 2.2011e+06
1.8540e-01 2.1687e+06
1.8740e-01 2.1345e+06
1.8930e-01 2.1009e+06
1.9140e-01 2.0692e+06
1.9350e-01 2.0379e+06
1.9570e-01 2.0080e+06
1.9790e-01 1.9788e+06
2.0020e-01 1.9499e+06
2.0250e-01 1.9225e+06
2.0490e-01 1.8954e+06
2.0740e-01 1.8697e+06
2.0990e-01 1.8442e+06
2.1260e-01 1.8192e+06
2.1530e-01 1.7954e+06
2.1810e-01 1.7719e+06
2.2090e-01 1.7487e+06
2.2390e-01 1.7286e+06
2.2690e-01 1.7061e+06
2.3010e-01 1.6858e+06
2.3330e-01 1.6660e+06
2.3670e-01 1.6470e+06
2.4020e-01 1.6278e+06
2.4390e-01 1.6099e+06
2.4770e-01 1.5934e+06
2.5170e-01 1.5767e+06
2.5580e-01 1.5608e+06
2.6020e-01 1.5457e+06
2.6470e-01 1.5319e+06
2.6960e-01 1.5191e+06
2.7460e-01 1.5063e+06
2.8000e-01 1.4948e+06
2.8560e-01 1.4838e+06
2.9160e-01 1.4747e+06
2.9800e-01 1.4671e+06
3.0480e-01 1.4593e+06
3.1210e-01 1.4543e+06
3.1980e-01 1.4492e+06
3.2800e-01 1.4463e+06
3.3670e-01 1.4447e+06
3.4600e-01 1.4438e+06
3.5590e-01 1.4454e+06
3.6650e-01 1.4476e+06
3.7760e-01 1.4522e+06
3.8940e-01 1.4577e+06
4.0180e-01 1.4654e+06
4.1480e-01 1.4741e+06
4.2850e-01 1.4845e+06
4.4270e-01 1.4964e+06
4.5750e-01 1.5088e+06
4.7280e-01 1.5230e+06
4.8860e-01 1.5378e+06
5.0480e-01 1.5534e+06
5.2140e-01 1.5698e+06
5.3820e-01 1.5872e+06
5.5520e-01 1.6039e+06
5.7240e-01 1.6210e+06
5.8960e-01 1.6379e+06
6.0690e-01 1.6545e+06
6.2370e-01 1.6695e+06
6.4080e-01 1.6847e+06
6.5770e-01 1.6988e+06
6.7430e-01 1.7120e+06
6.9060e-01 1.7242e+06
7.0710e-01 1.7370e+06
7.2280e-01 1.7455e+06
7.3800e-01 1.7528e+06
7.5280e-01 1.7583e+06
7.6720e-01 1.7621e+06
7.8110e-01 1.7640e+06
7.9340e-01 1.7591e+06
8.0650e-01 1.7574e+06
8.1910e-01 1.7540e+06
8.3120e-01 1.7489e+06
8.4280e-01 1.7420e+06
8.5400e-01 1.7336e+06
8.6690e-01 1.7322e+06
8.7620e-01 1.7172e+06
8.8610e-01 1.7031e+06
8.9550e-01 1.6885e+06
9.0450e-01 1.6720e+06
9.1320e-01 1.6554e+06
9.2150e-01 1.6362e+06
9.2940e-01 1.6164e+06
9.3710e-01 1.5960e+06
9.4440e-01 1.5742e+06
9.5140e-01 1.5524e+06
9.5810e-01 1.5288e+06
9.6450e-01 1.5058e+06
9.7070e-01 1.4820e+06
9.7670e-01 1.4573e+06
9.8240e-01 1.4315e+06
9.8790e-01 1.4077e+06
9.9330e-01 1.3820e+06
9.9840e-01 1.3562e+06
1.0030e+00 1.3306e+06
1.0080e+00 1.3051e+06
1.0130e+00 1.2798e+06
1.0180e+00 1.2534e+06
1.0220e+00 1.2286e+06
1.0260e+00 1.2030e+06
1.0310e+00 1.1790e+06
1.0350e+00 1.1536e+06
1.0390e+00 1.1298e+06
1.0440e+00 1.1055e+06
1.0480e+00 1.0817e+06
1.0520e+00 1.0579e+06
1.0560e+00 1.0354e+06
1.0600e+00 1.0124e+06
1.0640e+00 9.8816e+05
1.0690e+00 9.6647e+05
1.0730e+00 9.4548e+05
1.0780e+00 9.2467e+05
1.0830e+00 9.0494e+05
1.0880e+00 8.8520e+05
1.0940e+00 8.6608e+05
1.1000e+00 8.4827e+05
1.1070e+00 8.3030e+05
1.1150e+00 8.1299e+05
1.1230e+00 7.9587e+05
1.1320e+00 7.7997e+05
1.1420e+00 7.6490e+05
1.1540e+00 7.5228e+05
1.1670e+00 7.3784e+05
1.1810e+00 7.2434e+05
1.1930e+00 7.1195e+05
1.2100e+00 6.9941e+05
1.2300e+00 6.8812e+05
1.2530e+00 6.7749e+05
1.2780e+00 6.6747e+05
1.3060e+00 6.5808e+05
1.3370e+00 6.4850e+05
1.3720e+00 6.4063e+05
1.4100e+00 6.3316e+05
1.4520e+00 6.2650e+05
1.4980e+00 6.1999e+05
1.5480e+00 6.1429e+05
1.6020e+00 6.0860e+05
1.6600e+00 6.0370e+05
1.7220e+00 5.9978e+05
1.7880e+00 5.9559e+05
1.8590e+00 5.9157e+05
1.9330e+00 5.8741e+05
2.0120e+00 5.8367e+05
2.0940e+00 5.8006e+05
2.1790e+00 5.7654e+05
2.2690e+00 5.7233e+05
2.3600e+00 5.6891e+05
2.4550e+00 5.6539e+05
2.5520e+00 5.6125e+05
2.6540e+00 5.5746e+05
2.7540e+00 5.5268e+05
2.8570e+00 5.4875e+05
2.9610e+00 5.4378e+05
3.0660e+00 5.3923e+05
3.1720e+00 5.3420e+05
3.2790e+00 5.2852e+05
3.3870e+00 5.2364e+05
3.4960e+00 5.1794e+05
3.6050e+00 5.1193e+05
3.7140e+00 5.0565e+05
3.8240e+00 4.9952e+05
3.9340e+00 4.9315e+05
4.0450e+00 4.8697e+05
4.1560e+00 4.8024e+05
4.2670e+00 4.7342e+05
4.3790e+00 4.6682e+05
4.4910e+00 4.6018e+05
4.6040e+00 4.5281e+05
4.7180e+00 4.4645e+05
4.8330e+00 4.3941e+05
4.9490e+00 4.3212e+05
5.0660e+00 4.2546e+05
5.1840e+00 4.1835e+05
5.3040e+00 4.1158e+05
5.4250e+00 4.0529e+05
5.5470e+00 3.9829e+05
5.6720e+00 3.9165e+05
5.7980e+00 3.8499e+05
5.9270e+00 3.7852e+05
6.0580e+00 3.7171e+05
6.1920e+00 3.6522e+05
6.3280e+00 3.5894e+05
6.4670e+00 3.5296e+05
6.6090e+00 3.4684e+05
6.7540e+00 3.4059e+05
6.9030e+00 3.3481e+05
7.0550e+00 3.2870e+05
7.2100e+00 3.2299e+05
7.3700e+00 3.1739e+05
7.5340e+00 3.1174e+05
7.6990e+00 3.0625e+05
7.8710e+00 3.0081e+05
8.0480e+00 2.9561e+05
8.2300e+00 2.9026e+05
8.4160e+00 2.8508e+05
8.6080e+00 2.8010e+05
8.8060e+00 2.7512e+05
9.0090e+00 2.7012e+05
9.2170e+00 2.6537e+05
9.4300e+00 2.6063e+05
9.6500e+00 2.5593e+05
9.8760e+00 2.5133e+05
1.0110e+01 2.4683e+05
1.0350e+01 2.4244e+05
1.0590e+01 2.3810e+05
1.0850e+01 2.3371e+05
1.1110e+01 2.2955e+05
1.1370e+01 2.2537e+05
1.1650e+01 2.2123e+05
1.1930e+01 2.1721e+05
1.2220e+01 2.1324e+05
1.2530e+01 2.0921e+05
1.2830e+01 2.0532e+05
1.3150e+01 2.0158e+05
1.3480e+01 1.9771e+05
1.3820e+01 1.9400e+05
1.4170e+01 1.9034e+05
1.4530e+01 1.8672e+05
1.4900e+01 1.8314e+05
1.5280e+01 1.7951e+05
1.5670e+01 1.7611e+05
1.6080e+01 1.7263e+05
1.6490e+01 1.6924e+05
1.6930e+01 1.6591e+05
1.7370e+01 1.6257e+05
1.7830e+01 1.5933e+05
1.8300e+01 1.5604e+05
1.8790e+01 1.5291e+05
1.9300e+01 1.4974e+05
1.9820e+01 1.4665e+05
2.0350e+01 1.4349e+05
2.0910e+01 1.4051e+05
2.1490e+01 1.3755e+05
2.2080e+01 1.3451e+05
2.2690e+01 1.3158e+05
2.3330e+01 1.2870e+05
2.3990e+01 1.2584e+05
2.4670e+01 1.2309e+05
2.5370e+01 1.2037e+05
2.6100e+01 1.1757e+05
2.6860e+01 1.1488e+05
2.7640e+01 1.1223e+05
2.8450e+01 1.0957e+05
2.9290e+01 1.0699e+05
3.0160e+01 1.0446e+05
3.1070e+01 1.0188e+05
3.2000e+01 9.9428e+04
3.2980e+01 9.6995e+04
3.3990e+01 9.4574e+04
3.5040e+01 9.2127e+04
3.6130e+01 8.9773e+04
3.7260e+01 8.7491e+04
3.8440e+01 8.5195e+04
3.9670e+01 8.2959e+04
4.0940e+01 8.0751e+04
4.2270e+01 7.8606e+04
4.3650e+01 7.6420e+04
4.5090e+01 7.4329e+04
4.6590e+01 7.2250e+04
4.8160e+01 7.0200e+04
4.9790e+01 6.8185e+04
5.1490e+01 6.6203e+04
5.3270e+01 6.4265e+04
5.5130e+01 6.2326e+04
5.7070e+01 6.0449e+04
5.9110e+01 5.8617e+04
6.1230e+01 5.6781e+04
6.3460e+01 5.5008e+04
6.5790e+01 5.3236e+04
6.8240e+01 5.1503e+04
7.0810e+01 4.9834e+04
7.3500e+01 4.8151e+04
7.6330e+01 4.6533e+04
7.9310e+01 4.4907e+04
