4.9930e-02 0.0000e+00
5.0310e-02 0.0000e+00
5.0710e-02 0.0000e+00
5.1110e-02 0.0000e+00
5.1520e-02 0.0000e+00
5.1940e-02 0.0000e+00
5.2380e-02 0.0000e+00
5.2820e-02 0.0000e+00
5.3280e-02 0.0000e+00
5.3750e-02 0.0000e+00
5.4230e-02 0.0000e+00
5.4720e-02 0.0000e+00
5.5230e-02 0.0000e+00
5.5760e-02 0.0000e+00
5.6300e-02 0.0000e+00
5.6850e-02 0.0000e+00
5.7420e-02 0.0000e+00
5.8000e-02 0.0000e+00
5.8610e-02 0.0000e+00
5.9230e-02 0.0000e+00
5.9860e-02 0.0000e+00
6.0520e-02 0.0000e+00
6.1190e-02 0.0000e+00
6.1880e-02 0.0000e+00
6.2590e-02 0.0000e+00
6.3320e-02 0.0000e+00
6.4060e-02 0.0000e+00
6.4830e-02 0.0000e+00
6.5620e-02 0.0000e+00
6.6420e-02 0.0000e+00
6.7250e-02 0.0000e+00
6.8090e-02 0.0000e+00
6.8960e-02 0.0000e+00
6.9840e-02 0.0000e+00
7.0750e-02 0.0000e+00
7.1680e-02 0.0000e+00
7.2620e-02 0.0000e+00
7.3590e-02 0.0000e+00
7.4580e-02 0.0000e+00
7.5580e-02 0.0000e+00
7.6610e-02 0.0000e+00
7.7660e-02 0.0000e+00
7.8730e-02 0.0000e+00
7.9820e-02 0.0000e+00
8.0930e-02 0.0000e+00
8.2060e-02 0.0000e+00
8.3210e-02 0.0000e+00
8.4380e-02 0.0000e+00
8.5570e-02 0.0000e+00
8.6780e-02 0.0000e+00
8.8010e-02 0.0000e+00
8.9260e-02 0.0000e+00
9.0530e-02 0.0000e+00
9.1810e-02 0.0000e+00
9.3120e-02 0.0000e+00
9.4430e-02 0.0000e+00
9.5770e-02 0.0000e+00
9.7110e-02 0.0000e+00
9.8470e-02 0.0000e+00
9.9840e-02 0.0000e+00
1.0120e-01 0.0000e+00
1.0260e-01 0.0000e+00
1.0400e-01 0.0000e+00
1.0540e-01 0.0000e+00
1.0680e-01 0.0000e+00
1.0820e-01 0.0000e+00
1.0960e-01 0.0000e+00
1.1100e-01 0.0000e+00
1.1240e-01 0.0000e+00
1.1380e-01 0.0000e+00
1.1520e-01 0.0000e+00
1.1650e-01 0.0000e+00
1.1790e-01 0.0000e+00
1.1920e-01 0.0000e+00
1.2060e-01 0.0000e+00
1.2190e-01 0.0000e+00
1.2320e-01 0.0000e+00
1.2440e-01 0.0000e+00
1.2570e-01 0.0000e+00
1.2690e-01 0.0000e+00
1.2820e-01 0.0000e+00
1.2930e-01 0.0000e+00
1.3050e-01 0.0000e+00
1.3170e-01 0.0000e+00
1.3280e-01 0.0000e+00
1.3390e-01 0.0000e+00
1.3500e-01 0.0000e+00
1.3610e-01 0.0000e+00
1.3720e-01 0.0000e+00
1.3820e-01 0.0000e+00
1.3930e-01 0.0000e+00
1.4030e-01 0.0000e+00
1.4130e-01 0.0000e+00
1.4240e-01 0.0000e+00
1.4340e-01 0.0000e+00
1.4440e-01 0.0000e+00
1.4540e-01 0.0000e+00
1.4640e-01 0.0000e+00
1.4740e-01 0.0000e+00
1.4840e-01 0.0000e+00
1.4950e-01 0.0000e+00
1.5050e-01 0.0000e+00
1.5150e-01 0.0000e+00
1.5260e-01 0.0000e+00
1.5370e-01 0.0000e+00
1.5480e-01 0.0000e+00
1.5590e-01 0.0000e+00
1.5700e-01 0.0000e+00
1.5820e-01 0.0000e+00
1.5940e-01 0.0000e+00
1.6060e-01 0.0000e+00
1.6190e-01 0.0000e+00
1.6320e-01 0.0000e+00
1.6450e-01 0.0000e+00
1.6580e-01 0.0000e+00
1.6720e-01 0.0000e+00
1.6860e-01 0.0000e+00
1.7010e-01 0.0000e+00
1.7160e-01 0.0000e+00
1.7320e-01 0.0000e+00
1.7480e-01 0.0000e+00
1.7640e-01 0.0000e+00
1.7810e-01 0.0000e+00
1.7990e-01 0.0000e+00
1.8160e-01 0.0000e+00
1.8350e-01 0.0000e+00
1.8540e-01 0.0000e+00
1.8740e-01 0.0000e+00
1.8930e-01 0.0000e+00
1.9140e-01 0.0000e+00
1.9350e-01 0.0000e+00
1.9570e-01 0.0000e+00
1.9790e-01 0.0000e+00
2.0020e-01 0.0000e+00
2.0250e-01 0.0000e+00
2.0490e-01 0.0000e+00
2.0740e-01 0.0000e+00
2.0990e-01 0.0000e+00
2.1260e-01 0.0000e+00
2.1530e-01 0.0000e+00
2.1810e-01 0.0000e+00
2.2090e-01 0.0000e+00
2.2390e-01 0.0000e+00
2.2690e-01 0.0000e+00
2.3010e-01 0.0000e+00
2.3330e-01 0.0000e+00
2.3670e-01 0.0000e+00
2.4020e-01 0.0000e+00
2.4390e-01 0.0000e+00
2.4770e-01 0.0000e+00
2.5170e-01 0.0000e+00
2.5580e-01 0.0000e+00
2.6020e-01 0.0000e+00
2.6470e-01 0.0000e+00
2.6960e-01 0.0000e+00
2.7460e-01 0.0000e+00
2.8000e-01 0.0000e+00
2.8560e-01 0.0000e+00
2.9160e-01 0.0000e+00
2.9800e-01 0.0000e+00
3.0480e-01 0.0000e+00
3.1210e-01 0.0000e+00
3.1980e-01 0.0000e+00
3.2800e-01 0.0000e+00
3.3670e-01 0.0000e+00
3.4600e-01 0.0000e+00
3.5590e-01 0.0000e+00
3.6650e-01 0.0000e+00
3.7760e-01 0.0000e+00
3.8940e-01 0.0000e+00
4.0180e-01 0.0000e+00
4.1480e-01 0.0000e+00
4.2850e-01 0.0000e+00
4.4270e-01 0.0000e+00
4.5750e-01 0.0000e+00
4.7280e-01 0.0000e+00
4.8860e-01 0.0000e+00
5.0480e-01 0.0000e+00
5.2140e-01 0.0000e+00
5.3820e-01 0.0000e+00
5.5520e-01 0.0000e+00
5.7240e-01 0.0000e+00
5.8960e-01 0.0000e+00
6.0690e-01 0.0000e+00
6.2370e-01 0.0000e+00
6.4080e-01 0.0000e+00
6.5770e-01 0.0000e+00
6.7430e-01 0.0000e+00
6.9060e-01 0.0000e+00
7.0710e-01 2.5734e-09
7.2280e-01 3.2205e-09
7.3800e-01 4.0560e-09
7.5280e-01 5.1496e-09
7.6720e-01 6.6067e-09
7.8110e-01 8.5784e-09
7.9340e-01 1.4707e-07
8.0650e-01 2.0546e-07
8.1910e-01 2.8982e-07
8.3120e-01 4.1190e-07
8.4280e-01 5.8778e-07
8.5400e-01 8.4030e-07
8.6690e-01 3.0605e-01
8.7620e-01 3.0216e-01
8.8610e-01 2.9834e-01
8.9550e-01 2.9426e-01
9.0450e-01 2.8990e-01
9.1320e-01 2.8555e-01
9.2150e-01 2.8040e-01
9.2940e-01 2.7527e-01
9.3710e-01 2.7020e-01
9.4440e-01 2.6447e-01
9.5140e-01 2.5886e-01
9.5810e-01 2.5288e-01
9.6450e-01 2.4711e-01
9.7070e-01 2.4107e-01
9.7670e-01 2.3486e-01
9.8240e-01 2.2843e-01
9.8790e-01 2.2232e-01
9.9330e-01 2.1594e-01
9.9840e-01 2.0956e-01
1.0030e+00 2.0327e-01
1.0080e+00 1.9710e-01
1.0130e+00 1.9107e-01
1.0180e+00 1.8505e-01
1.0220e+00 1.7958e-01
1.0260e+00 1.7441e-01
1.0310e+00 1.7009e-01
1.0350e+00 1.6644e-01
1.0390e+00 1.6432e-01
1.0440e+00 1.6324e-01
1.0480e+00 1.6524e-01
1.0520e+00 1.7050e-01
1.0560e+00 1.8060e-01
1.0600e+00 1.9687e-01
1.0640e+00 2.2170e-01
1.0690e+00 2.5735e-01
1.0730e+00 3.0736e-01
1.0780e+00 3.7551e-01
1.0830e+00 4.6701e-01
1.0880e+00 5.8713e-01
1.0940e+00 7.4298e-01
1.1000e+00 9.4344e-01
1.1070e+00 1.1962e+00
1.1150e+00 1.5126e+00
1.1230e+00 1.9019e+00
1.1320e+00 2.3814e+00
1.1420e+00 2.9620e+00
1.1540e+00 3.6770e+00
1.1670e+00 4.5065e+00
1.1810e+00 5.4866e+00
1.1930e+00 6.6345e+00
1.2100e+00 7.9552e+00
1.2300e+00 9.4822e+00
1.2530e+00 1.1210e+01
1.2780e+00 1.3173e+01
1.3060e+00 1.5364e+01
1.3370e+00 1.7797e+01
1.3720e+00 2.0485e+01
1.4100e+00 2.3416e+01
1.4520e+00 2.6608e+01
1.4980e+00 3.0033e+01
1.5480e+00 3.3698e+01
1.6020e+00 3.7560e+01
1.6600e+00 4.1651e+01
1.7220e+00 4.5928e+01
1.7880e+00 5.0354e+01
1.8590e+00 5.4897e+01
1.9330e+00 5.9506e+01
2.0120e+00 6.4219e+01
2.0940e+00 6.8921e+01
2.1790e+00 7.3654e+01
2.2690e+00 7.8280e+01
2.3600e+00 8.2866e+01
2.4550e+00 8.7355e+01
2.5520e+00 9.1608e+01
2.6540e+00 9.5783e+01
2.7540e+00 9.9692e+01
2.8570e+00 1.0349e+02
2.9610e+00 1.0696e+02
3.0660e+00 1.1020e+02
3.1720e+00 1.1316e+02
3.2790e+00 1.1578e+02
3.3870e+00 1.1831e+02
3.4960e+00 1.2041e+02
3.6050e+00 1.2223e+02
3.7140e+00 1.2376e+02
3.8240e+00 1.2507e+02
3.9340e+00 1.2612e+02
4.0450e+00 1.2690e+02
4.1560e+00 1.2738e+02
4.2670e+00 1.2771e+02
4.3790e+00 1.2773e+02
4.4910e+00 1.2758e+02
4.6040e+00 1.2714e+02
4.7180e+00 1.2668e+02
4.8330e+00 1.2590e+02
4.9490e+00 1.2493e+02
5.0660e+00 1.2391e+02
5.1840e+00 1.2265e+02
5.3040e+00 1.2134e+02
5.4250e+00 1.2003e+02
5.5470e+00 1.1843e+02
5.6720e+00 1.1683e+02
5.7980e+00 1.1508e+02
5.9270e+00 1.1328e+02
6.0580e+00 1.1129e+02
6.1920e+00 1.0937e+02
6.3280e+00 1.0742e+02
6.4670e+00 1.0543e+02
6.6090e+00 1.0338e+02
6.7540e+00 1.0130e+02
6.9030e+00 9.9243e+01
7.0550e+00 9.7020e+01
7.2100e+00 9.4955e+01
7.3700e+00 9.2800e+01
7.5340e+00 9.0672e+01
7.6990e+00 8.8518e+01
7.8710e+00 8.6402e+01
8.0480e+00 8.4291e+01
8.2300e+00 8.2213e+01
8.4160e+00 8.0109e+01
8.6080e+00 7.8071e+01
8.8060e+00 7.6045e+01
9.0090e+00 7.4040e+01
9.2170e+00 7.2053e+01
9.4300e+00 7.0129e+01
9.6500e+00 6.8211e+01
9.8760e+00 6.6336e+01
1.0110e+01 6.4488e+01
1.0350e+01 6.2680e+01
1.0590e+01 6.0918e+01
1.0850e+01 5.9177e+01
1.1110e+01 5.7488e+01
1.1370e+01 5.5828e+01
1.1650e+01 5.4218e+01
1.1930e+01 5.2649e+01
1.2220e+01 5.1106e+01
1.2530e+01 4.9604e+01
1.2830e+01 4.8156e+01
1.3150e+01 4.6743e+01
1.3480e+01 4.5370e+01
1.3820e+01 4.4034e+01
1.4170e+01 4.2738e+01
1.4530e+01 4.1486e+01
1.4900e+01 4.0269e+01
1.5280e+01 3.9095e+01
1.5670e+01 3.7953e+01
1.6080e+01 3.6854e+01
1.6490e+01 3.5787e+01
1.6930e+01 3.4757e+01
1.7370e+01 3.3757e+01
1.7830e+01 3.2811e+01
1.8300e+01 3.1864e+01
1.8790e+01 3.0997e+01
1.9300e+01 3.0130e+01
1.9820e+01 2.9307e+01
2.0350e+01 2.8491e+01
2.0910e+01 2.7738e+01
2.1490e+01 2.7001e+01
2.2080e+01 2.6285e+01
2.2690e+01 2.5595e+01
2.3330e+01 2.4956e+01
2.3990e+01 2.4324e+01
2.4670e+01 2.3730e+01
2.5370e+01 2.3151e+01
2.6100e+01 2.2597e+01
2.6860e+01 2.2059e+01
2.7640e+01 2.1555e+01
2.8450e+01 2.1055e+01
2.9290e+01 2.0592e+01
3.0160e+01 2.0144e+01
3.1070e+01 1.9707e+01
3.2000e+01 1.9305e+01
3.2980e+01 1.8908e+01
3.3990e+01 1.8531e+01
3.5040e+01 1.8166e+01
3.6130e+01 1.7820e+01
3.7260e+01 1.7493e+01
3.8440e+01 1.7178e+01
3.9670e+01 1.6878e+01
4.0940e+01 1.6583e+01
4.2270e+01 1.6312e+01
4.3650e+01 1.6045e+01
4.5090e+01 1.5798e+01
4.6590e+01 1.5554e+01
4.8160e+01 1.5321e+01
4.9790e+01 1.5095e+01
5.1490e+01 1.4888e+01
5.3270e+01 1.4686e+01
5.5130e+01 1.4489e+01
5.7070e+01 1.4308e+01
5.9110e+01 1.4130e+01
6.1230e+01 1.3959e+01
6.3460e+01 1.3795e+01
6.5790e+01 1.3639e+01
6.8240e+01 1.3486e+01
7.0810e+01 1.3344e+01
7.3500e+01 1.3203e+01
7.6330e+01 1.3072e+01
7.9310e+01 1.2940e+01
