4.9930e-02 3.8455e+06
5.0310e-02 3.7955e+06
5.0710e-02 3.7438e+06
5.1110e-02 3.6936e+06
5.1520e-02 3.6465e+06
5.1940e-02 3.6010e+06
5.2380e-02 3.5575e+06
5.2820e-02 3.5142e+06
5.3280e-02 3.4716e+06
5.3750e-02 3.4317e+06
5.4230e-02 3.3914e+06
5.4720e-02 3.3519e+06
5.5230e-02 3.3157e+06
5.5760e-02 3.2802e+06
5.6300e-02 3.2448e+06
5.6850e-02 3.2116e+06
5.7420e-02 3.1796e+06
5.8000e-02 3.1485e+06
5.8610e-02 3.1193e+06
5.9230e-02 3.0910e+06
5.9860e-02 3.0652e+06
6.0520e-02 3.0372e+06
6.1190e-02 3.0110e+06
6.1880e-02 2.9875e+06
6.2590e-02 2.9647e+06
6.3320e-02 2.9422e+06
6.4060e-02 2.9206e+06
6.4830e-02 2.9018e+06
6.5620e-02 2.8815e+06
6.6420e-02 2.8621e+06
6.7250e-02 2.8446e+06
6.8090e-02 2.8268e+06
6.8960e-02 2.8102e+06
6.9840e-02 2.7946e+06
7.0750e-02 2.7791e+06
7.1680e-02 2.7648e+06
7.2620e-02 2.7506e+06
7.3590e-02 2.7360e+06
7.4580e-02 2.7224e+06
7.5580e-02 2.7100e+06
7.6610e-02 2.6978e+06
7.7660e-02 2.6851e+06
7.8730e-02 2.6726e+06
7.9820e-02 2.6610e+06
8.0930e-02 2.6499e+06
8.2060e-02 2.6392e+06
8.3210e-02 2.6284e+06
8.4380e-02 2.6202e+06
8.5570e-02 2.6094e+06
8.6780e-02 2.5986e+06
8.8010e-02 2.5890e+06
8.9260e-02 2.5789e+06
9.0530e-02 2.5693e+06
9.1810e-02 2.5589e+06
9.3120e-02 2.5485e+06
9.4430e-02 2.5395e+06
9.5770e-02 2.5289e+06
9.7110e-02 2.5187e+06
9.8470e-02 2.5086e+06
9.9840e-02 2.4974e+06
1.0120e-01 2.4872e+06
1.0260e-01 2.4766e+06
1.0400e-01 2.4649e+06
1.0540e-01 2.4535e+06
1.0680e-01 2.4421e+06
1.0820e-01 2.4290e+06
1.0960e-01 2.4162e+06
1.1100e-01 2.4020e+06
1.1240e-01 2.3874e+06
1.1380e-01 2.3733e+06
1.1520e-01 2.3563e+06
1.1650e-01 2.3412e+06
1.1790e-01 2.3222e+06
1.1920e-01 2.3058e+06
1.2060e-01 2.2859e+06
1.2190e-01 2.2662e+06
1.2320e-01 2.2455e+06
1.2440e-01 2.2250e+06
1.2570e-01 2.2036e+06
1.2690e-01 2.1791e+06
1.2820e-01 2.1539e+06
1.2930e-01 2.1313e+06
1.3050e-01 2.1059e+06
1.3170e-01 2.0786e+06
1.3280e-01 2.0524e+06
1.3390e-01 2.0258e+06
1.3500e-01 1.9974e+06
1.3610e-01 1.9701e+06
1.3720e-01 1.9400e+06
1.3820e-01 1.9114e+06
1.3930e-01 1.8821e+06
1.4030e-01 1.8526e+06
1.4130e-01 1.8226e+06
1.4240e-01 1.7933e+06
1.4340e-01 1.7632e+06
1.4440e-01 1.7328e+06
1.4540e-01 1.7034e+06
1.4640e-01 1.6751e+06
1.4740e-01 1.6452e+06
1.4840e-01 1.6159e+06
1.4950e-01 1.5870e+06
1.5050e-01 1.5587e+06
1.5150e-01 1.5310e+06
1.5260e-01 1.5034e+06
1.5370e-01 1.4761e+06
1.5480e-01 1.4497e+06
1.5590e-01 1.4235e+06
1.5700e-01 1.3980e+06
1.5820e-01 1.3729e+06
1.5940e-01 1.3484e+06
1.6060e-01 1.3248e+06
1.6190e-01 1.3016e+06
1.6320e-01 1.2791e+06
1.6450e-01 1.2572e+06
1.6580e-01 1.2358e+06
1.6720e-01 1.2149e+06
1.6860e-01 1.1949e+06
1.7010e-01 1.1753e+06
1.7160e-01 1.1564e+06
1.7320e-01 1.1381e+06
1.7480e-01 1.1204e+06
1.7640e-01 1.1030e+06
1.7810e-01 1.0864e+06
1.7990e-01 1.0705e+06
1.8160e-01 1.0548e+06
1.8350e-01 1.0395e+06
1.8540e-01 1.0257e+06
1.8740e-01 1.0115e+06
1.8930e-01 9.9782e+05
1.9140e-01 9.8464e+05
1.9350e-01 9.7186e+05
1.9570e-01 9.5947e+05
1.9790e-01 9.4753e+05
2.0020e-01 9.3591e+05
2.0250e-01 9.2474e+05
2.0490e-01 9.1394e+05
2.0740e-01 9.0349e+05
2.0990e-01 8.9316e+05
2.1260e-01 8.8395e+05
2.1530e-01 8.7392e+05
2.1810e-01 8.6477e+05
2.2090e-01 8.5610e+05
2.2390e-01 8.4844e+05
2.2690e-01 8.3989e+05
2.3010e-01 8.3228e+05
2.3330e-01 8.2484e+05
2.3670e-01 8.1770e+05
2.4020e-01 8.1141e+05
2.4390e-01 8.0462e+05
2.4770e-01 7.9943e+05
2.5170e-01 7.9396e+05
2.5580e-01 7.8818e+05
2.6020e-01 7.8395e+05
2.6470e-01 7.7995e+05
2.6960e-01 7.7629e+05
2.7460e-01 7.7371e+05
2.8000e-01 7.7103e+05
2.8560e-01 7.6932e+05
2.9160e-01 7.6841e+05
2.9800e-01 7.6813e+05
3.0480e-01 7.6836e+05
3.1210e-01 7.7016e+05
3.1980e-01 7.7196e+05
3.2800e-01 7.7493e+05
3.3670e-01 7.7894e+05
3.4600e-01 7.8364e+05
3.5590e-01 7.8985e+05
3.6650e-01 7.9693e+05
3.7760e-01 8.0455e+05
3.8940e-01 8.1385e+05
4.0180e-01 8.2362e+05
4.1480e-01 8.3465e+05
4.2850e-01 8.4639e+05
4.4270e-01 8.5915e+05
4.5750e-01 8.7267e+05
4.7280e-01 8.8674e+05
4.8860e-01 9.0138e+05
5.0480e-01 9.1650e+05
5.2140e-01 9.3189e+05
5.3820e-01 9.4725e+05
5.5520e-01 9.6292e+05
5.7240e-01 9.7825e+05
5.8960e-01 9.9321e+05
6.0690e-01 1.0082e+06
6.2370e-01 1.0215e+06
6.4080e-01 1.0352e+06
6.5770e-01 1.0474e+06
6.7430e-01 1.0592e+06
6.9060e-01 1.0700e+06
7.0710e-01 1.0812e+06
7.2280e-01 1.0892e+06
7.3800e-01 1.0960e+06
7.5280e-01 1.1019e+06
7.6720e-01 1.1063e+06
7.8110e-01 1.1092e+06
7.9340e-01 1.1073e+06
8.0650e-01 1.1073e+06
8.1910e-01 1.1061e+06
8.3120e-01 1.1040e+06
8.4280e-01 1.1003e+06
8.5400e-01 1.0952e+06
8.6690e-01 1.0949e+06
8.7620e-01 1.0854e+06
8.8610e-01 1.0767e+06
8.9550e-01 1.0673e+06
9.0450e-01 1.0567e+06
9.1320e-01 1.0457e+06
9.2150e-01 1.0333e+06
9.2940e-01 1.0202e+06
9.3710e-01 1.0069e+06
9.4440e-01 9.9254e+05
9.5140e-01 9.7811e+05
9.5810e-01 9.6245e+05
9.6450e-01 9.4731e+05
9.7070e-01 9.3133e+05
9.7670e-01 9.1506e+05
9.8240e-01 8.9796e+05
9.8790e-01 8.8199e+05
9.9330e-01 8.6488e+05
9.9840e-01 8.4757e+05
1.0030e+00 8.3057e+05
1.0080e+00 8.1365e+05
1.0130e+00 7.9688e+05
1.0180e+00 7.7933e+05
1.0220e+00 7.6274e+05
1.0260e+00 7.4565e+05
1.0310e+00 7.2969e+05
1.0350e+00 7.1271e+05
1.0390e+00 6.9670e+05
1.0440e+00 6.8050e+05
1.0480e+00 6.6457e+05
1.0520e+00 6.4873e+05
1.0560e+00 6.3366e+05
1.0600e+00 6.1825e+05
1.0640e+00 6.0221e+05
1.0690e+00 5.8752e+05
1.0730e+00 5.7348e+05
1.0780e+00 5.5947e+05
1.0830e+00 5.4616e+05
1.0880e+00 5.3271e+05
1.0940e+00 5.1970e+05
1.1000e+00 5.0747e+05
1.1070e+00 4.9521e+05
1.1150e+00 4.8328e+05
1.1230e+00 4.7142e+05
1.1320e+00 4.6040e+05
1.1420e+00 4.4970e+05
1.1540e+00 4.4053e+05
1.1670e+00 4.3027e+05
1.1810e+00 4.2058e+05
1.1930e+00 4.1146e+05
1.2100e+00 4.0226e+05
1.2300e+00 3.9389e+05
1.2530e+00 3.8582e+05
1.2780e+00 3.7812e+05
1.3060e+00 3.7080e+05
1.3370e+00 3.6349e+05
1.3720e+00 3.5712e+05
1.4100e+00 3.5104e+05
1.4520e+00 3.4552e+05
1.4980e+00 3.4011e+05
1.5480e+00 3.3532e+05
1.6020e+00 3.3055e+05
1.6600e+00 3.2639e+05
1.7220e+00 3.2288e+05
1.7880e+00 3.1931e+05
1.8590e+00 3.1597e+05
1.9330e+00 3.1276e+05
2.0120e+00 3.0988e+05
2.0940e+00 3.0722e+05
2.1790e+00 3.0483e+05
2.2690e+00 3.0231e+05
2.3600e+00 3.0016e+05
2.4550e+00 2.9813e+05
2.5520e+00 2.9594e+05
2.6540e+00 2.9413e+05
2.7540e+00 2.9211e+05
2.8570e+00 2.9040e+05
2.9610e+00 2.8847e+05
3.0660e+00 2.8677e+05
3.1720e+00 2.8487e+05
3.2790e+00 2.8287e+05
3.3870e+00 2.8134e+05
3.4960e+00 2.7935e+05
3.6050e+00 2.7745e+05
3.7140e+00 2.7534e+05
3.8240e+00 2.7353e+05
3.9340e+00 2.7152e+05
4.0450e+00 2.6958e+05
4.1560e+00 2.6750e+05
4.2670e+00 2.6553e+05
4.3790e+00 2.6342e+05
4.4910e+00 2.6145e+05
4.6040e+00 2.5920e+05
4.7180e+00 2.5728e+05
4.8330e+00 2.5513e+05
4.9490e+00 2.5292e+05
5.0660e+00 2.5086e+05
5.1840e+00 2.4868e+05
5.3040e+00 2.4663e+05
5.4250e+00 2.4481e+05
5.5470e+00 2.4269e+05
5.6720e+00 2.4074e+05
5.7980e+00 2.3870e+05
5.9270e+00 2.3673e+05
6.0580e+00 2.3453e+05
6.1920e+00 2.3261e+05
6.3280e+00 2.3076e+05
6.4670e+00 2.2891e+05
6.6090e+00 2.2704e+05
6.7540e+00 2.2531e+05
6.9030e+00 2.2342e+05
7.0550e+00 2.2143e+05
7.2100e+00 2.1996e+05
7.3700e+00 2.1812e+05
7.5340e+00 2.1648e+05
7.6990e+00 2.1466e+05
7.8710e+00 2.1316e+05
8.0480e+00 2.1141e+05
8.2300e+00 2.0990e+05
8.4160e+00 2.0811e+05
8.6080e+00 2.0654e+05
8.8060e+00 2.0505e+05
9.0090e+00 2.0341e+05
9.2170e+00 2.0189e+05
9.4300e+00 2.0041e+05
9.6500e+00 1.9887e+05
9.8760e+00 1.9746e+05
1.0110e+01 1.9590e+05
1.0350e+01 1.9446e+05
1.0590e+01 1.9299e+05
1.0850e+01 1.9149e+05
1.1110e+01 1.9012e+05
1.1370e+01 1.8875e+05
1.1650e+01 1.8719e+05
1.1930e+01 1.8577e+05
1.2220e+01 1.8443e+05
1.2530e+01 1.8294e+05
1.2830e+01 1.8159e+05
1.3150e+01 1.8020e+05
1.3480e+01 1.7880e+05
1.3820e+01 1.7736e+05
1.4170e+01 1.7588e+05
1.4530e+01 1.7456e+05
1.4900e+01 1.7318e+05
1.5280e+01 1.7178e+05
1.5670e+01 1.7041e+05
1.6080e+01 1.6898e+05
1.6490e+01 1.6764e+05
1.6930e+01 1.6618e+05
1.7370e+01 1.6482e+05
1.7830e+01 1.6348e+05
1.8300e+01 1.6200e+05
1.8790e+01 1.6078e+05
1.9300e+01 1.5934e+05
1.9820e+01 1.5800e+05
2.0350e+01 1.5657e+05
2.0910e+01 1.5527e+05
2.1490e+01 1.5389e+05
2.2080e+01 1.5250e+05
2.2690e+01 1.5115e+05
2.3330e+01 1.4987e+05
2.3990e+01 1.4851e+05
2.4670e+01 1.4721e+05
2.5370e+01 1.4591e+05
2.6100e+01 1.4454e+05
2.6860e+01 1.4326e+05
2.7640e+01 1.4197e+05
2.8450e+01 1.4057e+05
2.9290e+01 1.3933e+05
3.0160e+01 1.3806e+05
3.1070e+01 1.3678e+05
3.2000e+01 1.3552e+05
3.2980e+01 1.3426e+05
3.3990e+01 1.3305e+05
3.5040e+01 1.3174e+05
3.6130e+01 1.3052e+05
3.7260e+01 1.2936e+05
3.8440e+01 1.2812e+05
3.9670e+01 1.2692e+05
4.0940e+01 1.2571e+05
4.2270e+01 1.2459e+05
4.3650e+01 1.2337e+05
4.5090e+01 1.2226e+05
4.6590e+01 1.2107e+05
4.8160e+01 1.1990e+05
4.9790e+01 1.1874e+05
5.1490e+01 1.1764e+05
5.3270e+01 1.1652e+05
5.5130e+01 1.1537e+05
5.7070e+01 1.1427e+05
5.9110e+01 1.1315e+05
6.1230e+01 1.1202e+05
6.3460e+01 1.1091e+05
6.5790e+01 1.0977e+05
6.8240e+01 1.0863e+05
7.0810e+01 1.0752e+05
7.3500e+01 1.0636e+05
7.6330e+01 1.0524e+05
7.9310e+01 1.0406e+05
