4.9930e-02 2.0928e+06
5.0310e-02 2.0575e+06
5.0710e-02 2.0208e+06
5.1110e-02 1.9869e+06
5.1520e-02 1.9541e+06
5.1940e-02 1.9210e+06
5.2380e-02 1.8899e+06
5.2820e-02 1.8586e+06
5.3280e-02 1.8279e+06
5.3750e-02 1.7990e+06
5.4230e-02 1.7709e+06
5.4720e-02 1.7415e+06
5.5230e-02 1.7147e+06
5.5760e-02 1.6874e+06
5.6300e-02 1.6611e+06
5.6850e-02 1.6356e+06
5.7420e-02 1.6105e+06
5.8000e-02 1.5862e+06
5.8610e-02 1.5632e+06
5.9230e-02 1.5398e+06
5.9860e-02 1.5186e+06
6.0520e-02 1.4966e+06
6.1190e-02 1.4748e+06
6.1880e-02 1.4541e+06
6.2590e-02 1.4342e+06
6.3320e-02 1.4148e+06
6.4060e-02 1.3961e+06
6.4830e-02 1.3772e+06
6.5620e-02 1.3589e+06
6.6420e-02 1.3409e+06
6.7250e-02 1.3247e+06
6.8090e-02 1.3069e+06
6.8960e-02 1.2909e+06
6.9840e-02 1.2744e+06
7.0750e-02 1.2587e+06
7.1680e-02 1.2432e+06
7.2620e-02 1.2280e+06
7.3590e-02 1.2135e+06
7.4580e-02 1.1986e+06
7.5580e-02 1.1849e+06
7.6610e-02 1.1702e+06
7.7660e-02 1.1564e+06
7.8730e-02 1.1427e+06
7.9820e-02 1.1294e+06
8.0930e-02 1.1162e+06
8.2060e-02 1.1037e+06
8.3210e-02 1.0908e+06
8.4380e-02 1.0796e+06
8.5570e-02 1.0667e+06
8.6780e-02 1.0542e+06
8.8010e-02 1.0425e+06
8.9260e-02 1.0307e+06
9.0530e-02 1.0191e+06
9.1810e-02 1.0078e+06
9.3120e-02 9.9623e+05
9.4430e-02 9.8500e+05
9.5770e-02 9.7399e+05
9.7110e-02 9.6265e+05
9.8470e-02 9.5215e+05
9.9840e-02 9.4071e+05
1.0120e-01 9.3027e+05
1.0260e-01 9.1993e+05
1.0400e-01 9.0889e+05
1.0540e-01 8.9854e+05
1.0680e-01 8.8840e+05
1.0820e-01 8.7754e+05
1.0960e-01 8.6734e+05
1.1100e-01 8.5638e+05
1.1240e-01 8.4612e+05
1.1380e-01 8.3576e+05
1.1520e-01 8.2461e+05
1.1650e-01 8.1445e+05
1.1790e-01 8.0325e+05
1.1920e-01 7.9316e+05
1.2060e-01 7.8174e+05
1.2190e-01 7.7113e+05
1.2320e-01 7.5993e+05
1.2440e-01 7.4921e+05
1.2570e-01 7.3836e+05
1.2690e-01 7.2648e+05
1.2820e-01 7.1490e+05
1.2930e-01 7.0406e+05
1.3050e-01 6.9267e+05
1.3170e-01 6.8078e+05
1.3280e-01 6.6914e+05
1.3390e-01 6.5795e+05
1.3500e-01 6.4606e+05
1.3610e-01 6.3475e+05
1.3720e-01 6.2274e+05
1.3820e-01 6.1133e+05
1.3930e-01 5.9958e+05
1.4030e-01 5.8818e+05
1.4130e-01 5.7651e+05
1.4240e-01 5.6518e+05
1.4340e-01 5.5367e+05
1.4440e-01 5.4228e+05
1.4540e-01 5.3126e+05
1.4640e-01 5.2061e+05
1.4740e-01 5.0963e+05
1.4840e-01 4.9884e+05
1.4950e-01 4.8827e+05
1.5050e-01 4.7767e+05
1.5150e-01 4.6756e+05
1.5260e-01 4.5749e+05
1.5370e-01 4.4761e+05
1.5480e-01 4.3795e+05
1.5590e-01 4.2844e+05
1.5700e-01 4.1932e+05
1.5820e-01 4.1018e+05
1.5940e-01 4.0138e+05
1.6060e-01 3.9266e+05
1.6190e-01 3.8425e+05
1.6320e-01 3.7607e+05
1.6450e-01 3.6822e+05
1.6580e-01 3.6033e+05
1.6720e-01 3.5280e+05
1.6860e-01 3.4530e+05
1.7010e-01 3.3826e+05
1.7160e-01 3.3128e+05
1.7320e-01 3.2443e+05
1.7480e-01 3.1788e+05
1.7640e-01 3.1147e+05
1.7810e-01 3.0523e+05
1.7990e-01 2.9930e+05
1.8160e-01 2.9345e+05
1.8350e-01 2.8771e+05
1.8540e-01 2.8229e+05
1.8740e-01 2.7695e+05
1.8930e-01 2.7173e+05
1.9140e-01 2.6667e+05
1.9350e-01 2.6180e+05
1.9570e-01 2.5693e+05
1.9790e-01 2.5229e+05
2.0020e-01 2.4782e+05
2.0250e-01 2.4337e+05
2.0490e-01 2.3910e+05
2.0740e-01 2.3492e+05
2.0990e-01 2.3090e+05
2.1260e-01 2.2699e+05
2.1530e-01 2.2316e+05
2.1810e-01 2.1947e+05
2.2090e-01 2.1577e+05
2.2390e-01 2.1239e+05
2.2690e-01 2.0892e+05
2.3010e-01 2.0557e+05
2.3330e-01 2.0239e+05
2.3670e-01 1.9935e+05
2.4020e-01 1.9630e+05
2.4390e-01 1.9336e+05
2.4770e-01 1.9060e+05
2.5170e-01 1.8791e+05
2.5580e-01 1.8521e+05
2.6020e-01 1.8275e+05
2.6470e-01 1.8041e+05
2.6960e-01 1.7813e+05
2.7460e-01 1.7589e+05
2.8000e-01 1.7380e+05
2.8560e-01 1.7185e+05
2.9160e-01 1.7002e+05
2.9800e-01 1.6838e+05
3.0480e-01 1.6674e+05
3.1210e-01 1.6537e+05
3.1980e-01 1.6407e+05
3.2800e-01 1.6291e+05
3.3670e-01 1.6197e+05
3.4600e-01 1.6109e+05
3.5590e-01 1.6038e+05
3.6650e-01 1.5986e+05
3.7760e-01 1.5947e+05
3.8940e-01 1.5924e+05
4.0180e-01 1.5917e+05
4.1480e-01 1.5924e+05
4.2850e-01 1.5950e+05
4.4270e-01 1.5980e+05
4.5750e-01 1.6027e+05
4.7280e-01 1.6086e+05
4.8860e-01 1.6149e+05
5.0480e-01 1.6222e+05
5.2140e-01 1.6301e+05
5.3820e-01 1.6388e+05
5.5520e-01 1.6470e+05
5.7240e-01 1.6561e+05
5.8960e-01 1.6645e+05
6.0690e-01 1.6723e+05
6.2370e-01 1.6791e+05
6.4080e-01 1.6866e+05
6.5770e-01 1.6925e+05
6.7430e-01 1.6975e+05
6.9060e-01 1.7019e+05
7.0710e-01 1.7072e+05
7.2280e-01 1.7081e+05
7.3800e-01 1.7084e+05
7.5280e-01 1.7071e+05
7.6720e-01 1.7042e+05
7.8110e-01 1.6999e+05
7.9340e-01 1.6893e+05
8.0650e-01 1.6818e+05
8.1910e-01 1.6730e+05
8.3120e-01 1.6628e+05
8.4280e-01 1.6511e+05
8.5400e-01 1.6379e+05
8.6690e-01 1.6311e+05
8.7620e-01 1.6127e+05
8.8610e-01 1.5953e+05
8.9550e-01 1.5772e+05
9.0450e-01 1.5579e+05
9.1320e-01 1.5382e+05
9.2150e-01 1.5167e+05
9.2940e-01 1.4948e+05
9.3710e-01 1.4726e+05
9.4440e-01 1.4491e+05
9.5140e-01 1.4257e+05
9.5810e-01 1.4010e+05
9.6450e-01 1.3770e+05
9.7070e-01 1.3525e+05
9.7670e-01 1.3272e+05
9.8240e-01 1.3009e+05
9.8790e-01 1.2766e+05
9.9330e-01 1.2508e+05
9.9840e-01 1.2248e+05
1.0030e+00 1.1994e+05
1.0080e+00 1.1742e+05
1.0130e+00 1.1490e+05
1.0180e+00 1.1231e+05
1.0220e+00 1.0988e+05
1.0260e+00 1.0737e+05
1.0310e+00 1.0502e+05
1.0350e+00 1.0253e+05
1.0390e+00 1.0023e+05
1.0440e+00 9.7857e+04
1.0480e+00 9.5550e+04
1.0520e+00 9.3258e+04
1.0560e+00 9.1078e+04
1.0600e+00 8.8855e+04
1.0640e+00 8.6548e+04
1.0690e+00 8.4445e+04
1.0730e+00 8.2413e+04
1.0780e+00 8.0420e+04
1.0830e+00 7.8509e+04
1.0880e+00 7.6594e+04
1.0940e+00 7.4736e+04
1.1000e+00 7.3003e+04
1.1070e+00 7.1259e+04
1.1150e+00 6.9573e+04
1.1230e+00 6.7917e+04
1.1320e+00 6.6358e+04
1.1420e+00 6.4866e+04
1.1540e+00 6.3590e+04
1.1670e+00 6.2163e+04
1.1810e+00 6.0830e+04
1.1930e+00 5.9588e+04
1.2100e+00 5.8334e+04
1.2300e+00 5.7204e+04
1.2530e+00 5.6121e+04
1.2780e+00 5.5108e+04
1.3060e+00 5.4148e+04
1.3370e+00 5.3185e+04
1.3720e+00 5.2380e+04
1.4100e+00 5.1604e+04
1.4520e+00 5.0920e+04
1.4980e+00 5.0257e+04
1.5480e+00 4.9669e+04
1.6020e+00 4.9104e+04
1.6600e+00 4.8611e+04
1.7220e+00 4.8221e+04
1.7880e+00 4.7817e+04
1.8590e+00 4.7449e+04
1.9330e+00 4.7079e+04
2.0120e+00 4.6760e+04
2.0940e+00 4.6470e+04
2.1790e+00 4.6196e+04
2.2690e+00 4.5910e+04
2.3600e+00 4.5661e+04
2.4550e+00 4.5419e+04
2.5520e+00 4.5141e+04
2.6540e+00 4.4913e+04
2.7540e+00 4.4637e+04
2.8570e+00 4.4395e+04
2.9610e+00 4.4109e+04
3.0660e+00 4.3850e+04
3.1720e+00 4.3548e+04
3.2790e+00 4.3223e+04
3.3870e+00 4.2958e+04
3.4960e+00 4.2610e+04
3.6050e+00 4.2272e+04
3.7140e+00 4.1905e+04
3.8240e+00 4.1535e+04
3.9340e+00 4.1140e+04
4.0450e+00 4.0791e+04
4.1560e+00 4.0382e+04
4.2670e+00 3.9988e+04
4.3790e+00 3.9574e+04
4.4910e+00 3.9146e+04
4.6040e+00 3.8709e+04
4.7180e+00 3.8323e+04
4.8330e+00 3.7865e+04
4.9490e+00 3.7436e+04
5.0660e+00 3.6996e+04
5.1840e+00 3.6536e+04
5.3040e+00 3.6098e+04
5.4250e+00 3.5723e+04
5.5470e+00 3.5274e+04
5.6720e+00 3.4849e+04
5.7980e+00 3.4414e+04
5.9270e+00 3.4013e+04
6.0580e+00 3.3550e+04
6.1920e+00 3.3154e+04
6.3280e+00 3.2744e+04
6.4670e+00 3.2357e+04
6.6090e+00 3.1969e+04
6.7540e+00 3.1583e+04
6.9030e+00 3.1210e+04
7.0550e+00 3.0800e+04
7.2100e+00 3.0439e+04
7.3700e+00 3.0081e+04
7.5340e+00 2.9729e+04
7.6990e+00 2.9385e+04
7.8710e+00 2.9037e+04
8.0480e+00 2.8686e+04
8.2300e+00 2.8367e+04
8.4160e+00 2.8038e+04
8.6080e+00 2.7721e+04
8.8060e+00 2.7412e+04
9.0090e+00 2.7110e+04
9.2170e+00 2.6807e+04
9.4300e+00 2.6514e+04
9.6500e+00 2.6232e+04
9.8760e+00 2.5951e+04
1.0110e+01 2.5673e+04
1.0350e+01 2.5411e+04
1.0590e+01 2.5147e+04
1.0850e+01 2.4883e+04
1.1110e+01 2.4634e+04
1.1370e+01 2.4388e+04
1.1650e+01 2.4138e+04
1.1930e+01 2.3904e+04
1.2220e+01 2.3667e+04
1.2530e+01 2.3429e+04
1.2830e+01 2.3208e+04
1.3150e+01 2.2983e+04
1.3480e+01 2.2769e+04
1.3820e+01 2.2553e+04
1.4170e+01 2.2344e+04
1.4530e+01 2.2143e+04
1.4900e+01 2.1935e+04
1.5280e+01 2.1736e+04
1.5670e+01 2.1542e+04
1.6080e+01 2.1351e+04
1.6490e+01 2.1159e+04
1.6930e+01 2.0976e+04
1.7370e+01 2.0792e+04
1.7830e+01 2.0620e+04
1.8300e+01 2.0431e+04
1.8790e+01 2.0273e+04
1.9300e+01 2.0098e+04
1.9820e+01 1.9932e+04
2.0350e+01 1.9763e+04
2.0910e+01 1.9610e+04
2.1490e+01 1.9447e+04
2.2080e+01 1.9280e+04
2.2690e+01 1.9125e+04
2.3330e+01 1.8984e+04
2.3990e+01 1.8828e+04
2.4670e+01 1.8689e+04
2.5370e+01 1.8543e+04
2.6100e+01 1.8401e+04
2.6860e+01 1.8253e+04
2.7640e+01 1.8118e+04
2.8450e+01 1.7968e+04
2.9290e+01 1.7833e+04
3.0160e+01 1.7702e+04
3.1070e+01 1.7553e+04
3.2000e+01 1.7427e+04
3.2980e+01 1.7290e+04
3.3990e+01 1.7153e+04
3.5040e+01 1.7013e+04
3.6130e+01 1.6878e+04
3.7260e+01 1.6743e+04
3.8440e+01 1.6607e+04
3.9670e+01 1.6470e+04
4.0940e+01 1.6326e+04
4.2270e+01 1.6191e+04
4.3650e+01 1.6049e+04
4.5090e+01 1.5909e+04
4.6590e+01 1.5759e+04
4.8160e+01 1.5611e+04
4.9790e+01 1.5459e+04
5.1490e+01 1.5310e+04
5.3270e+01 1.5154e+04
5.5130e+01 1.4998e+04
5.7070e+01 1.4836e+04
5.9110e+01 1.4673e+04
6.1230e+01 1.4501e+04
6.3460e+01 1.4333e+04
6.5790e+01 1.4158e+04
6.8240e+01 1.3973e+04
7.0810e+01 1.3793e+04
7.3500e+01 1.3603e+04
7.6330e+01 1.3415e+04
7.9310e+01 1.3215e+04
