4.9930e-02 3.0272e+03
5.0310e-02 2.9775e+03
5.0710e-02 2.9256e+03
5.1110e-02 2.8755e+03
5.1520e-02 2.8270e+03
5.1940e-02 2.7802e+03
5.2380e-02 2.7357e+03
5.2820e-02 2.6893e+03
5.3280e-02 2.6454e+03
5.3750e-02 2.6041e+03
5.4230e-02 2.5618e+03
5.4720e-02 2.5197e+03
5.5230e-02 2.4808e+03
5.5760e-02 2.4417e+03
5.6300e-02 2.4035e+03
5.6850e-02 2.3664e+03
5.7420e-02 2.3312e+03
5.8000e-02 2.2958e+03
5.8610e-02 2.2618e+03
5.9230e-02 2.2289e+03
5.9860e-02 2.1976e+03
6.0520e-02 2.1652e+03
6.1190e-02 2.1341e+03
6.1880e-02 2.1046e+03
6.2590e-02 2.0762e+03
6.3320e-02 2.0471e+03
6.4060e-02 2.0190e+03
6.4830e-02 1.9931e+03
6.5620e-02 1.9666e+03
6.6420e-02 1.9406e+03
6.7250e-02 1.9167e+03
6.8090e-02 1.8908e+03
6.8960e-02 1.8673e+03
6.9840e-02 1.8442e+03
7.0750e-02 1.8212e+03
7.1680e-02 1.7992e+03
7.2620e-02 1.7777e+03
7.3590e-02 1.7551e+03
7.4580e-02 1.7347e+03
7.5580e-02 1.7142e+03
7.6610e-02 1.6933e+03
7.7660e-02 1.6734e+03
7.8730e-02 1.6536e+03
7.9820e-02 1.6344e+03
8.0930e-02 1.6155e+03
8.2060e-02 1.5964e+03
8.3210e-02 1.5784e+03
8.4380e-02 1.5620e+03
8.5570e-02 1.5440e+03
8.6780e-02 1.5258e+03
8.8010e-02 1.5086e+03
8.9260e-02 1.4919e+03
9.0530e-02 1.4748e+03
9.1810e-02 1.4580e+03
9.3120e-02 1.4417e+03
9.4430e-02 1.4258e+03
9.5770e-02 1.4094e+03
9.7110e-02 1.3933e+03
9.8470e-02 1.3777e+03
9.9840e-02 1.3615e+03
1.0120e-01 1.3465e+03
1.0260e-01 1.3311e+03
1.0400e-01 1.3154e+03
1.0540e-01 1.3005e+03
1.0680e-01 1.2855e+03
1.0820e-01 1.2701e+03
1.0960e-01 1.2549e+03
1.1100e-01 1.2393e+03
1.1240e-01 1.2241e+03
1.1380e-01 1.2094e+03
1.1520e-01 1.1931e+03
1.1650e-01 1.1787e+03
1.1790e-01 1.1623e+03
1.1920e-01 1.1476e+03
1.2060e-01 1.1315e+03
1.2190e-01 1.1156e+03
1.2320e-01 1.0994e+03
1.2440e-01 1.0840e+03
1.2570e-01 1.0683e+03
1.2690e-01 1.0513e+03
1.2820e-01 1.0342e+03
1.2930e-01 1.0187e+03
1.3050e-01 1.0024e+03
1.3170e-01 9.8506e+02
1.3280e-01 9.6852e+02
1.3390e-01 9.5187e+02
1.3500e-01 9.3497e+02
1.3610e-01 9.1859e+02
1.3720e-01 9.0090e+02
1.3820e-01 8.8439e+02
1.3930e-01 8.6751e+02
1.4030e-01 8.5101e+02
1.4130e-01 8.3424e+02
1.4240e-01 8.1770e+02
1.4340e-01 8.0115e+02
1.4440e-01 7.8477e+02
1.4540e-01 7.6869e+02
1.4640e-01 7.5338e+02
1.4740e-01 7.3735e+02
1.4840e-01 7.2161e+02
1.4950e-01 7.0642e+02
1.5050e-01 6.9127e+02
1.5150e-01 6.7673e+02
1.5260e-01 6.6204e+02
1.5370e-01 6.4782e+02
1.5480e-01 6.3373e+02
1.5590e-01 6.2004e+02
1.5700e-01 6.0666e+02
1.5820e-01 5.9352e+02
1.5940e-01 5.8077e+02
1.6060e-01 5.6823e+02
1.6190e-01 5.5606e+02
1.6320e-01 5.4422e+02
1.6450e-01 5.3277e+02
1.6580e-01 5.2136e+02
1.6720e-01 5.1039e+02
1.6860e-01 4.9969e+02
1.7010e-01 4.8937e+02
1.7160e-01 4.7934e+02
1.7320e-01 4.6951e+02
1.7480e-01 4.6004e+02
1.7640e-01 4.5077e+02
1.7810e-01 4.4175e+02
1.7990e-01 4.3312e+02
1.8160e-01 4.2462e+02
1.8350e-01 4.1626e+02
1.8540e-01 4.0849e+02
1.8740e-01 4.0079e+02
1.8930e-01 3.9315e+02
1.9140e-01 3.8585e+02
1.9350e-01 3.7878e+02
1.9570e-01 3.7184e+02
1.9790e-01 3.6511e+02
2.0020e-01 3.5857e+02
2.0250e-01 3.5220e+02
2.0490e-01 3.4596e+02
2.0740e-01 3.4003e+02
2.0990e-01 3.3411e+02
2.1260e-01 3.2844e+02
2.1530e-01 3.2296e+02
2.1810e-01 3.1758e+02
2.2090e-01 3.1217e+02
2.2390e-01 3.0739e+02
2.2690e-01 3.0230e+02
2.3010e-01 2.9751e+02
2.3330e-01 2.9288e+02
2.3670e-01 2.8851e+02
2.4020e-01 2.8403e+02
2.4390e-01 2.7985e+02
2.4770e-01 2.7583e+02
2.5170e-01 2.7195e+02
2.5580e-01 2.6805e+02
2.6020e-01 2.6439e+02
2.6470e-01 2.6102e+02
2.6960e-01 2.5771e+02
2.7460e-01 2.5457e+02
2.8000e-01 2.5155e+02
2.8560e-01 2.4867e+02
2.9160e-01 2.4603e+02
2.9800e-01 2.4366e+02
3.0480e-01 2.4132e+02
3.1210e-01 2.3933e+02
3.1980e-01 2.3738e+02
3.2800e-01 2.3578e+02
3.3670e-01 2.3438e+02
3.4600e-01 2.3308e+02
3.5590e-01 2.3209e+02
3.6650e-01 2.3132e+02
3.7760e-01 2.3080e+02
3.8940e-01 2.3045e+02
4.0180e-01 2.3034e+02
4.1480e-01 2.3043e+02
4.2850e-01 2.3076e+02
4.4270e-01 2.3127e+02
4.5750e-01 2.3191e+02
4.7280e-01 2.3275e+02
4.8860e-01 2.3368e+02
5.0480e-01 2.3472e+02
5.2140e-01 2.3588e+02
5.3820e-01 2.3714e+02
5.5520e-01 2.3832e+02
5.7240e-01 2.3961e+02
5.8960e-01 2.4083e+02
6.0690e-01 2.4201e+02
6.2370e-01 2.4299e+02
6.4080e-01 2.4402e+02
6.5770e-01 2.4488e+02
6.7430e-01 2.4564e+02
6.9060e-01 2.4629e+02
7.0710e-01 2.4702e+02
7.2280e-01 2.4718e+02
7.3800e-01 2.4720e+02
7.5280e-01 2.4702e+02
7.6720e-01 2.4661e+02
7.8110e-01 2.4595e+02
7.9340e-01 2.4444e+02
8.0650e-01 2.4334e+02
8.1910e-01 2.4207e+02
8.3120e-01 2.4061e+02
8.4280e-01 2.3890e+02
8.5400e-01 2.3702e+02
8.6690e-01 2.3745e+02
8.7620e-01 2.3475e+02
8.8610e-01 2.3216e+02
8.9550e-01 2.2952e+02
9.0450e-01 2.2672e+02
9.1320e-01 2.2384e+02
9.2150e-01 2.2070e+02
9.2940e-01 2.1748e+02
9.3710e-01 2.1423e+02
9.4440e-01 2.1081e+02
9.5140e-01 2.0740e+02
9.5810e-01 2.0379e+02
9.6450e-01 2.0028e+02
9.7070e-01 1.9668e+02
9.7670e-01 1.9298e+02
9.8240e-01 1.8915e+02
9.8790e-01 1.8559e+02
9.9330e-01 1.8182e+02
9.9840e-01 1.7805e+02
1.0030e+00 1.7434e+02
1.0080e+00 1.7066e+02
1.0130e+00 1.6702e+02
1.0180e+00 1.6324e+02
1.0220e+00 1.5969e+02
1.0260e+00 1.5605e+02
1.0310e+00 1.5264e+02
1.0350e+00 1.4905e+02
1.0390e+00 1.4573e+02
1.0440e+00 1.4234e+02
1.0480e+00 1.3906e+02
1.0520e+00 1.3581e+02
1.0560e+00 1.3278e+02
1.0600e+00 1.2977e+02
1.0640e+00 1.2669e+02
1.0690e+00 1.2398e+02
1.0730e+00 1.2152e+02
1.0780e+00 1.1922e+02
1.0830e+00 1.1724e+02
1.0880e+00 1.1546e+02
1.0940e+00 1.1402e+02
1.1000e+00 1.1306e+02
1.1070e+00 1.1244e+02
1.1150e+00 1.1234e+02
1.1230e+00 1.1276e+02
1.1320e+00 1.1387e+02
1.1420e+00 1.1571e+02
1.1540e+00 1.1868e+02
1.1670e+00 1.2209e+02
1.1810e+00 1.2650e+02
1.1930e+00 1.3196e+02
1.2100e+00 1.3836e+02
1.2300e+00 1.4593e+02
1.2530e+00 1.5477e+02
1.2780e+00 1.6481e+02
1.3060e+00 1.7608e+02
1.3370e+00 1.8847e+02
1.3720e+00 2.0229e+02
1.4100e+00 2.1724e+02
1.4520e+00 2.3339e+02
1.4980e+00 2.5055e+02
1.5480e+00 2.6879e+02
1.6020e+00 2.8762e+02
1.6600e+00 3.0744e+02
1.7220e+00 3.2791e+02
1.7880e+00 3.4873e+02
1.8590e+00 3.6972e+02
1.9330e+00 3.9059e+02
2.0120e+00 4.1145e+02
2.0940e+00 4.3210e+02
2.1790e+00 4.5226e+02
2.2690e+00 4.7159e+02
2.3600e+00 4.9022e+02
2.4550e+00 5.0794e+02
2.5520e+00 5.2415e+02
2.6540e+00 5.3961e+02
2.7540e+00 5.5318e+02
2.8570e+00 5.6623e+02
2.9610e+00 5.7694e+02
3.0660e+00 5.8732e+02
3.1720e+00 5.9510e+02
3.2790e+00 6.0157e+02
3.3870e+00 6.0748e+02
3.4960e+00 6.1105e+02
3.6050e+00 6.1342e+02
3.7140e+00 6.1381e+02
3.8240e+00 6.1407e+02
3.9340e+00 6.1253e+02
4.0450e+00 6.0983e+02
4.1560e+00 6.0592e+02
4.2670e+00 6.0141e+02
4.3790e+00 5.9551e+02
4.4910e+00 5.8921e+02
4.6040e+00 5.8130e+02
4.7180e+00 5.7387e+02
4.8330e+00 5.6500e+02
4.9490e+00 5.5558e+02
5.0660e+00 5.4570e+02
5.1840e+00 5.3538e+02
5.3040e+00 5.2499e+02
5.4250e+00 5.1446e+02
5.5470e+00 5.0322e+02
5.6720e+00 4.9175e+02
5.7980e+00 4.8014e+02
5.9270e+00 4.6866e+02
6.0580e+00 4.5621e+02
6.1920e+00 4.4438e+02
6.3280e+00 4.3275e+02
6.4670e+00 4.2094e+02
6.6090e+00 4.0920e+02
6.7540e+00 3.9736e+02
6.9030e+00 3.8579e+02
7.0550e+00 3.7386e+02
7.2100e+00 3.6265e+02
7.3700e+00 3.5114e+02
7.5340e+00 3.4004e+02
7.6990e+00 3.2896e+02
7.8710e+00 3.1816e+02
8.0480e+00 3.0746e+02
8.2300e+00 2.9703e+02
8.4160e+00 2.8683e+02
8.6080e+00 2.7670e+02
8.8060e+00 2.6696e+02
9.0090e+00 2.5743e+02
9.2170e+00 2.4802e+02
9.4300e+00 2.3884e+02
9.6500e+00 2.2991e+02
9.8760e+00 2.2127e+02
1.0110e+01 2.1292e+02
1.0350e+01 2.0471e+02
1.0590e+01 1.9675e+02
1.0850e+01 1.8904e+02
1.1110e+01 1.8146e+02
1.1370e+01 1.7428e+02
1.1650e+01 1.6717e+02
1.1930e+01 1.6032e+02
1.2220e+01 1.5379e+02
1.2530e+01 1.4735e+02
1.2830e+01 1.4128e+02
1.3150e+01 1.3527e+02
1.3480e+01 1.2957e+02
1.3820e+01 1.2404e+02
1.4170e+01 1.1857e+02
1.4530e+01 1.1354e+02
1.4900e+01 1.0855e+02
1.5280e+01 1.0381e+02
1.5670e+01 9.9158e+01
1.6080e+01 9.4789e+01
1.6490e+01 9.0549e+01
1.6930e+01 8.6482e+01
1.7370e+01 8.2581e+01
1.7830e+01 7.8853e+01
1.8300e+01 7.5213e+01
1.8790e+01 7.1814e+01
1.9300e+01 6.8504e+01
1.9820e+01 6.5346e+01
2.0350e+01 6.2286e+01
2.0910e+01 5.9412e+01
2.1490e+01 5.6638e+01
2.2080e+01 5.3967e+01
2.2690e+01 5.1423e+01
2.3330e+01 4.9022e+01
2.3990e+01 4.6710e+01
2.4670e+01 4.4510e+01
2.5370e+01 4.2403e+01
2.6100e+01 4.0389e+01
2.6860e+01 3.8454e+01
2.7640e+01 3.6630e+01
2.8450e+01 3.4861e+01
2.9290e+01 3.3202e+01
3.0160e+01 3.1614e+01
3.1070e+01 3.0091e+01
3.2000e+01 2.8655e+01
3.2980e+01 2.7277e+01
3.3990e+01 2.5962e+01
3.5040e+01 2.4708e+01
3.6130e+01 2.3520e+01
3.7260e+01 2.2390e+01
3.8440e+01 2.1311e+01
3.9670e+01 2.0283e+01
4.0940e+01 1.9301e+01
4.2270e+01 1.8379e+01
4.3650e+01 1.7493e+01
4.5090e+01 1.6654e+01
4.6590e+01 1.5846e+01
4.8160e+01 1.5086e+01
4.9790e+01 1.4356e+01
5.1490e+01 1.3670e+01
5.3270e+01 1.3013e+01
5.5130e+01 1.2383e+01
5.7070e+01 1.1791e+01
5.9110e+01 1.1225e+01
6.1230e+01 1.0682e+01
6.3460e+01 1.0170e+01
6.5790e+01 9.6792e+00
6.8240e+01 9.2135e+00
7.0810e+01 8.7730e+00
7.3500e+01 8.3485e+00
7.6330e+01 7.9446e+00
7.9310e+01 7.5596e+00
