4.9930e-02 2.8906e+06
5.0310e-02 2.8437e+06
5.0710e-02 2.7964e+06
5.1110e-02 2.7490e+06
5.1520e-02 2.7047e+06
5.1940e-02 2.6636e+06
5.2380e-02 2.6216e+06
5.2820e-02 2.5805e+06
5.3280e-02 2.5403e+06
5.3750e-02 2.5026e+06
5.4230e-02 2.4652e+06
5.4720e-02 2.4264e+06
5.5230e-02 2.3922e+06
5.5760e-02 2.3575e+06
5.6300e-02 2.3235e+06
5.6850e-02 2.2906e+06
5.7420e-02 2.2593e+06
5.8000e-02 2.2278e+06
5.8610e-02 2.1987e+06
5.9230e-02 2.1694e+06
5.9860e-02 2.1426e+06
6.0520e-02 2.1157e+06
6.1190e-02 2.0888e+06
6.1880e-02 2.0635e+06
6.2590e-02 2.0400e+06
6.3320e-02 2.0156e+06
6.4060e-02 1.9932e+06
6.4830e-02 1.9716e+06
6.5620e-02 1.9504e+06
6.6420e-02 1.9293e+06
6.7250e-02 1.9093e+06
6.8090e-02 1.8899e+06
6.8960e-02 1.8708e+06
6.9840e-02 1.8529e+06
7.0750e-02 1.8357e+06
7.1680e-02 1.8184e+06
7.2620e-02 1.8023e+06
7.3590e-02 1.7857e+06
7.4580e-02 1.7702e+06
7.5580e-02 1.7552e+06
7.6610e-02 1.7405e+06
7.7660e-02 1.7256e+06
7.8730e-02 1.7114e+06
7.9820e-02 1.6976e+06
8.0930e-02 1.6846e+06
8.2060e-02 1.6711e+06
8.3210e-02 1.6585e+06
8.4380e-02 1.6480e+06
8.5570e-02 1.6357e+06
8.6780e-02 1.6234e+06
8.8010e-02 1.6121e+06
8.9260e-02 1.6002e+06
9.0530e-02 1.5891e+06
9.1810e-02 1.5773e+06
9.3120e-02 1.5663e+06
9.4430e-02 1.5562e+06
9.5770e-02 1.5447e+06
9.7110e-02 1.5339e+06
9.8470e-02 1.5239e+06
9.9840e-02 1.5129e+06
1.0120e-01 1.5025e+06
1.0260e-01 1.4919e+06
1.0400e-01 1.4809e+06
1.0540e-01 1.4703e+06
1.0680e-01 1.4594e+06
1.0820e-01 1.4484e+06
1.0960e-01 1.4374e+06
1.1100e-01 1.4253e+06
1.1240e-01 1.4138e+06
1.1380e-01 1.4022e+06
1.1520e-01 1.3891e+06
1.1650e-01 1.3774e+06
1.1790e-01 1.3634e+06
1.1920e-01 1.3514e+06
1.2060e-01 1.3369e+06
1.2190e-01 1.3232e+06
1.2320e-01 1.3087e+06
1.2440e-01 1.2948e+06
1.2570e-01 1.2801e+06
1.2690e-01 1.2637e+06
1.2820e-01 1.2471e+06
1.2930e-01 1.2322e+06
1.3050e-01 1.2158e+06
1.3170e-01 1.1984e+06
1.3280e-01 1.1816e+06
1.3390e-01 1.1648e+06
1.3500e-01 1.1472e+06
1.3610e-01 1.1302e+06
1.3720e-01 1.1115e+06
1.3820e-01 1.0937e+06
1.3930e-01 1.0757e+06
1.4030e-01 1.0577e+06
1.4130e-01 1.0393e+06
1.4240e-01 1.0217e+06
1.4340e-01 1.0034e+06
1.4440e-01 9.8513e+05
1.4540e-01 9.6720e+05
1.4640e-01 9.5008e+05
1.4740e-01 9.3224e+05
1.4840e-01 9.1465e+05
1.4950e-01 8.9758e+05
1.5050e-01 8.8051e+05
1.5150e-01 8.6405e+05
1.5260e-01 8.4756e+05
1.5370e-01 8.3130e+05
1.5480e-01 8.1555e+05
1.5590e-01 7.9996e+05
1.5700e-01 7.8466e+05
1.5820e-01 7.6994e+05
1.5940e-01 7.5520e+05
1.6060e-01 7.4121e+05
1.6190e-01 7.2737e+05
1.6320e-01 7.1401e+05
1.6450e-01 7.0086e+05
1.6580e-01 6.8818e+05
1.6720e-01 6.7575e+05
1.6860e-01 6.6373e+05
1.7010e-01 6.5206e+05
1.7160e-01 6.4067e+05
1.7320e-01 6.2973e+05
1.7480e-01 6.1911e+05
1.7640e-01 6.0880e+05
1.7810e-01 5.9870e+05
1.7990e-01 5.8913e+05
1.8160e-01 5.7974e+05
1.8350e-01 5.7055e+05
1.8540e-01 5.6214e+05
1.8740e-01 5.5356e+05
1.8930e-01 5.4534e+05
1.9140e-01 5.3732e+05
1.9350e-01 5.2960e+05
1.9570e-01 5.2206e+05
1.9790e-01 5.1479e+05
2.0020e-01 5.0777e+05
2.0250e-01 5.0097e+05
2.0490e-01 4.9434e+05
2.0740e-01 4.8798e+05
2.0990e-01 4.8175e+05
2.1260e-01 4.7582e+05
2.1530e-01 4.7003e+05
2.1810e-01 4.6445e+05
2.2090e-01 4.5889e+05
2.2390e-01 4.5399e+05
2.2690e-01 4.4887e+05
2.3010e-01 4.4403e+05
2.3330e-01 4.3947e+05
2.3670e-01 4.3531e+05
2.4020e-01 4.3100e+05
2.4390e-01 4.2712e+05
2.4770e-01 4.2351e+05
2.5170e-01 4.2007e+05
2.5580e-01 4.1667e+05
2.6020e-01 4.1375e+05
2.6470e-01 4.1123e+05
2.6960e-01 4.0889e+05
2.7460e-01 4.0681e+05
2.8000e-01 4.0511e+05
2.8560e-01 4.0362e+05
2.9160e-01 4.0273e+05
2.9800e-01 4.0233e+05
3.0480e-01 4.0203e+05
3.1210e-01 4.0254e+05
3.1980e-01 4.0326e+05
3.2800e-01 4.0463e+05
3.3670e-01 4.0658e+05
3.4600e-01 4.0891e+05
3.5590e-01 4.1187e+05
3.6650e-01 4.1541e+05
3.7760e-01 4.1955e+05
3.8940e-01 4.2420e+05
4.0180e-01 4.2946e+05
4.1480e-01 4.3525e+05
4.2850e-01 4.4161e+05
4.4270e-01 4.4861e+05
4.5750e-01 4.5555e+05
4.7280e-01 4.6340e+05
4.8860e-01 4.7152e+05
5.0480e-01 4.7966e+05
5.2140e-01 4.8813e+05
5.3820e-01 4.9699e+05
5.5520e-01 5.0556e+05
5.7240e-01 5.1416e+05
5.8960e-01 5.2295e+05
6.0690e-01 5.3115e+05
6.2370e-01 5.3904e+05
6.4080e-01 5.4693e+05
6.5770e-01 5.5404e+05
6.7430e-01 5.6090e+05
6.9060e-01 5.6765e+05
7.0710e-01 5.7405e+05
7.2280e-01 5.7907e+05
7.3800e-01 5.8354e+05
7.5280e-01 5.8728e+05
7.6720e-01 5.9061e+05
7.8110e-01 5.9278e+05
7.9340e-01 5.9245e+05
8.0650e-01 5.9345e+05
8.1910e-01 5.9343e+05
8.3120e-01 5.9310e+05
8.4280e-01 5.9160e+05
8.5400e-01 5.8981e+05
8.6690e-01 5.9052e+05
8.7620e-01 5.8611e+05
8.8610e-01 5.8206e+05
8.9550e-01 5.7764e+05
9.0450e-01 5.7257e+05
9.1320e-01 5.6712e+05
9.2150e-01 5.6107e+05
9.2940e-01 5.5463e+05
9.3710e-01 5.4789e+05
9.4440e-01 5.4074e+05
9.5140e-01 5.3340e+05
9.5810e-01 5.2564e+05
9.6450e-01 5.1788e+05
9.7070e-01 5.0966e+05
9.7670e-01 5.0127e+05
9.8240e-01 4.9229e+05
9.8790e-01 4.8403e+05
9.9330e-01 4.7525e+05
9.9840e-01 4.6624e+05
1.0030e+00 4.5737e+05
1.0080e+00 4.4864e+05
1.0130e+00 4.3975e+05
1.0180e+00 4.3054e+05
1.0220e+00 4.2192e+05
1.0260e+00 4.1283e+05
1.0310e+00 4.0452e+05
1.0350e+00 3.9554e+05
1.0390e+00 3.8717e+05
1.0440e+00 3.7875e+05
1.0480e+00 3.7020e+05
1.0520e+00 3.6186e+05
1.0560e+00 3.5391e+05
1.0600e+00 3.4584e+05
1.0640e+00 3.3732e+05
1.0690e+00 3.2974e+05
1.0730e+00 3.2227e+05
1.0780e+00 3.1501e+05
1.0830e+00 3.0804e+05
1.0880e+00 3.0115e+05
1.0940e+00 2.9441e+05
1.1000e+00 2.8821e+05
1.1070e+00 2.8199e+05
1.1150e+00 2.7593e+05
1.1230e+00 2.7009e+05
1.1320e+00 2.6477e+05
1.1420e+00 2.5970e+05
1.1540e+00 2.5548e+05
1.1670e+00 2.5078e+05
1.1810e+00 2.4648e+05
1.1930e+00 2.4264e+05
1.2100e+00 2.3888e+05
1.2300e+00 2.3564e+05
1.2530e+00 2.3273e+05
1.2780e+00 2.3011e+05
1.3060e+00 2.2788e+05
1.3370e+00 2.2574e+05
1.3720e+00 2.2429e+05
1.4100e+00 2.2309e+05
1.4520e+00 2.2237e+05
1.4980e+00 2.2180e+05
1.5480e+00 2.2169e+05
1.6020e+00 2.2166e+05
1.6600e+00 2.2205e+05
1.7220e+00 2.2287e+05
1.7880e+00 2.2372e+05
1.8590e+00 2.2472e+05
1.9330e+00 2.2573e+05
2.0120e+00 2.2698e+05
2.0940e+00 2.2830e+05
2.1790e+00 2.2974e+05
2.2690e+00 2.3096e+05
2.3600e+00 2.3234e+05
2.4550e+00 2.3371e+05
2.5520e+00 2.3480e+05
2.6540e+00 2.3599e+05
2.7540e+00 2.3689e+05
2.8570e+00 2.3790e+05
2.9610e+00 2.3854e+05
3.0660e+00 2.3923e+05
3.1720e+00 2.3953e+05
3.2790e+00 2.3966e+05
3.3870e+00 2.3994e+05
3.4960e+00 2.3972e+05
3.6050e+00 2.3939e+05
3.7140e+00 2.3878e+05
3.8240e+00 2.3822e+05
3.9340e+00 2.3741e+05
4.0450e+00 2.3651e+05
4.1560e+00 2.3538e+05
4.2670e+00 2.3424e+05
4.3790e+00 2.3282e+05
4.4910e+00 2.3144e+05
4.6040e+00 2.2973e+05
4.7180e+00 2.2820e+05
4.8330e+00 2.2638e+05
4.9490e+00 2.2446e+05
5.0660e+00 2.2261e+05
5.1840e+00 2.2056e+05
5.3040e+00 2.1858e+05
5.4250e+00 2.1673e+05
5.5470e+00 2.1457e+05
5.6720e+00 2.1251e+05
5.7980e+00 2.1034e+05
5.9270e+00 2.0817e+05
6.0580e+00 2.0579e+05
6.1920e+00 2.0359e+05
6.3280e+00 2.0145e+05
6.4670e+00 1.9928e+05
6.6090e+00 1.9709e+05
6.7540e+00 1.9486e+05
6.9030e+00 1.9275e+05
7.0550e+00 1.9036e+05
7.2100e+00 1.8827e+05
7.3700e+00 1.8606e+05
7.5340e+00 1.8390e+05
7.6990e+00 1.8173e+05
7.8710e+00 1.7956e+05
8.0480e+00 1.7739e+05
8.2300e+00 1.7530e+05
8.4160e+00 1.7314e+05
8.6080e+00 1.7113e+05
8.8060e+00 1.6893e+05
9.0090e+00 1.6679e+05
9.2170e+00 1.6482e+05
9.4300e+00 1.6276e+05
9.6500e+00 1.6068e+05
9.8760e+00 1.5862e+05
1.0110e+01 1.5660e+05
1.0350e+01 1.5460e+05
1.0590e+01 1.5247e+05
1.0850e+01 1.5050e+05
1.1110e+01 1.4855e+05
1.1370e+01 1.4651e+05
1.1650e+01 1.4460e+05
1.1930e+01 1.4260e+05
1.2220e+01 1.4061e+05
1.2530e+01 1.3864e+05
1.2830e+01 1.3672e+05
1.3150e+01 1.3481e+05
1.3480e+01 1.3281e+05
1.3820e+01 1.3094e+05
1.4170e+01 1.2896e+05
1.4530e+01 1.2707e+05
1.4900e+01 1.2507e+05
1.5280e+01 1.2319e+05
1.5670e+01 1.2137e+05
1.6080e+01 1.1945e+05
1.6490e+01 1.1756e+05
1.6930e+01 1.1561e+05
1.7370e+01 1.1379e+05
1.7830e+01 1.1193e+05
1.8300e+01 1.1001e+05
1.8790e+01 1.0826e+05
1.9300e+01 1.0645e+05
1.9820e+01 1.0460e+05
2.0350e+01 1.0274e+05
2.0910e+01 1.0100e+05
2.1490e+01 9.9172e+04
2.2080e+01 9.7405e+04
2.2690e+01 9.5626e+04
2.3330e+01 9.3853e+04
2.3990e+01 9.2150e+04
2.4670e+01 9.0441e+04
2.5370e+01 8.8738e+04
2.6100e+01 8.6997e+04
2.6860e+01 8.5340e+04
2.7640e+01 8.3687e+04
2.8450e+01 8.1949e+04
2.9290e+01 8.0361e+04
3.0160e+01 7.8741e+04
3.1070e+01 7.7113e+04
3.2000e+01 7.5515e+04
3.2980e+01 7.3919e+04
3.3990e+01 7.2362e+04
3.5040e+01 7.0814e+04
3.6130e+01 6.9271e+04
3.7260e+01 6.7823e+04
3.8440e+01 6.6291e+04
3.9670e+01 6.4842e+04
4.0940e+01 6.3356e+04
4.2270e+01 6.1945e+04
4.3650e+01 6.0480e+04
4.5090e+01 5.9125e+04
4.6590e+01 5.7722e+04
4.8160e+01 5.6365e+04
4.9790e+01 5.4982e+04
5.1490e+01 5.3649e+04
5.3270e+01 5.2340e+04
5.5130e+01 5.1051e+04
5.7070e+01 4.9761e+04
5.9110e+01 4.8536e+04
6.1230e+01 4.7250e+04
6.3460e+01 4.6043e+04
6.5790e+01 4.4819e+04
6.8240e+01 4.3650e+04
7.0810e+01 4.2456e+04
7.3500e+01 4.1300e+04
7.6330e+01 4.0156e+04
7.9310e+01 3.9019e+04
