4.9930e-02 2.6992e+06
5.0310e-02 2.6564e+06
5.0710e-02 2.6115e+06
5.1110e-02 2.5681e+06
5.1520e-02 2.5277e+06
5.1940e-02 2.4871e+06
5.2380e-02 2.4488e+06
5.2820e-02 2.4114e+06
5.3280e-02 2.3734e+06
5.3750e-02 2.3390e+06
5.4230e-02 2.3037e+06
5.4720e-02 2.2684e+06
5.5230e-02 2.2360e+06
5.5760e-02 2.2045e+06
5.6300e-02 2.1725e+06
5.6850e-02 2.1427e+06
5.7420e-02 2.1133e+06
5.8000e-02 2.0847e+06
5.8610e-02 2.0573e+06
5.9230e-02 2.0309e+06
5.9860e-02 2.0057e+06
6.0520e-02 1.9805e+06
6.1190e-02 1.9563e+06
6.1880e-02 1.9336e+06
6.2590e-02 1.9116e+06
6.3320e-02 1.8887e+06
6.4060e-02 1.8688e+06
6.4830e-02 1.8486e+06
6.5620e-02 1.8288e+06
6.6420e-02 1.8101e+06
6.7250e-02 1.7924e+06
6.8090e-02 1.7744e+06
6.8960e-02 1.7575e+06
6.9840e-02 1.7408e+06
7.0750e-02 1.7257e+06
7.1680e-02 1.7097e+06
7.2620e-02 1.6948e+06
7.3590e-02 1.6802e+06
7.4580e-02 1.6660e+06
7.5580e-02 1.6529e+06
7.6610e-02 1.6393e+06
7.7660e-02 1.6264e+06
7.8730e-02 1.6141e+06
7.9820e-02 1.6014e+06
8.0930e-02 1.5901e+06
8.2060e-02 1.5784e+06
8.3210e-02 1.5675e+06
8.4380e-02 1.5580e+06
8.5570e-02 1.5473e+06
8.6780e-02 1.5361e+06
8.8010e-02 1.5263e+06
8.9260e-02 1.5160e+06
9.0530e-02 1.5064e+06
9.1810e-02 1.4962e+06
9.3120e-02 1.4867e+06
9.4430e-02 1.4775e+06
9.5770e-02 1.4680e+06
9.7110e-02 1.4586e+06
9.8470e-02 1.4494e+06
9.9840e-02 1.4399e+06
1.0120e-01 1.4307e+06
1.0260e-01 1.4215e+06
1.0400e-01 1.4118e+06
1.0540e-01 1.4025e+06
1.0680e-01 1.3933e+06
1.0820e-01 1.3831e+06
1.0960e-01 1.3733e+06
1.1100e-01 1.3629e+06
1.1240e-01 1.3525e+06
1.1380e-01 1.3421e+06
1.1520e-01 1.3301e+06
1.1650e-01 1.3200e+06
1.1790e-01 1.3070e+06
1.1920e-01 1.2962e+06
1.2060e-01 1.2831e+06
1.2190e-01 1.2705e+06
1.2320e-01 1.2570e+06
1.2440e-01 1.2442e+06
1.2570e-01 1.2308e+06
1.2690e-01 1.2159e+06
1.2820e-01 1.2002e+06
1.2930e-01 1.1866e+06
1.3050e-01 1.1712e+06
1.3170e-01 1.1552e+06
1.3280e-01 1.1392e+06
1.3390e-01 1.1237e+06
1.3500e-01 1.1070e+06
1.3610e-01 1.0908e+06
1.3720e-01 1.0733e+06
1.3820e-01 1.0567e+06
1.3930e-01 1.0399e+06
1.4030e-01 1.0227e+06
1.4130e-01 1.0054e+06
1.4240e-01 9.8887e+05
1.4340e-01 9.7132e+05
1.4440e-01 9.5409e+05
1.4540e-01 9.3740e+05
1.4640e-01 9.2123e+05
1.4740e-01 9.0433e+05
1.4840e-01 8.8766e+05
1.4950e-01 8.7148e+05
1.5050e-01 8.5550e+05
1.5150e-01 8.3987e+05
1.5260e-01 8.2419e+05
1.5370e-01 8.0892e+05
1.5480e-01 7.9393e+05
1.5590e-01 7.7927e+05
1.5700e-01 7.6505e+05
1.5820e-01 7.5100e+05
1.5940e-01 7.3710e+05
1.6060e-01 7.2391e+05
1.6190e-01 7.1084e+05
1.6320e-01 6.9823e+05
1.6450e-01 6.8612e+05
1.6580e-01 6.7396e+05
1.6720e-01 6.6235e+05
1.6860e-01 6.5111e+05
1.7010e-01 6.4019e+05
1.7160e-01 6.2966e+05
1.7320e-01 6.1941e+05
1.7480e-01 6.0958e+05
1.7640e-01 5.9990e+05
1.7810e-01 5.9066e+05
1.7990e-01 5.8165e+05
1.8160e-01 5.7293e+05
1.8350e-01 5.6450e+05
1.8540e-01 5.5681e+05
1.8740e-01 5.4893e+05
1.8930e-01 5.4126e+05
1.9140e-01 5.3398e+05
1.9350e-01 5.2687e+05
1.9570e-01 5.2001e+05
1.9790e-01 5.1349e+05
2.0020e-01 5.0699e+05
2.0250e-01 5.0088e+05
2.0490e-01 4.9490e+05
2.0740e-01 4.8917e+05
2.0990e-01 4.8362e+05
2.1260e-01 4.7834e+05
2.1530e-01 4.7326e+05
2.1810e-01 4.6836e+05
2.2090e-01 4.6343e+05
2.2390e-01 4.5922e+05
2.2690e-01 4.5476e+05
2.3010e-01 4.5063e+05
2.3330e-01 4.4680e+05
2.3670e-01 4.4335e+05
2.4020e-01 4.3979e+05
2.4390e-01 4.3662e+05
2.4770e-01 4.3382e+05
2.5170e-01 4.3114e+05
2.5580e-01 4.2860e+05
2.6020e-01 4.2651e+05
2.6470e-01 4.2490e+05
2.6960e-01 4.2355e+05
2.7460e-01 4.2247e+05
2.8000e-01 4.2179e+05
2.8560e-01 4.2144e+05
2.9160e-01 4.2170e+05
2.9800e-01 4.2252e+05
3.0480e-01 4.2354e+05
3.1210e-01 4.2549e+05
3.1980e-01 4.2768e+05
3.2800e-01 4.3063e+05
3.3670e-01 4.3425e+05
3.4600e-01 4.3839e+05
3.5590e-01 4.4325e+05
3.6650e-01 4.4886e+05
3.7760e-01 4.5517e+05
3.8940e-01 4.6192e+05
4.0180e-01 4.6980e+05
4.1480e-01 4.7802e+05
4.2850e-01 4.8678e+05
4.4270e-01 4.9663e+05
4.5750e-01 5.0635e+05
4.7280e-01 5.1695e+05
4.8860e-01 5.2775e+05
5.0480e-01 5.3936e+05
5.2140e-01 5.5083e+05
5.3820e-01 5.6223e+05
5.5520e-01 5.7408e+05
5.7240e-01 5.8593e+05
5.8960e-01 5.9710e+05
6.0690e-01 6.0841e+05
6.2370e-01 6.1894e+05
6.4080e-01 6.2983e+05
6.5770e-01 6.3945e+05
6.7430e-01 6.4914e+05
6.9060e-01 6.5792e+05
7.0710e-01 6.6706e+05
7.2280e-01 6.7391e+05
7.3800e-01 6.8050e+05
7.5280e-01 6.8592e+05
7.6720e-01 6.9049e+05
7.8110e-01 6.9415e+05
7.9340e-01 6.9468e+05
8.0650e-01 6.9662e+05
8.1910e-01 6.9781e+05
8.3120e-01 6.9794e+05
8.4280e-01 6.9711e+05
8.5400e-01 6.9559e+05
8.6690e-01 6.9715e+05
8.7620e-01 6.9242e+05
8.8610e-01 6.8805e+05
8.9550e-01 6.8328e+05
9.0450e-01 6.7778e+05
9.1320e-01 6.7186e+05
9.2150e-01 6.6521e+05
9.2940e-01 6.5785e+05
9.3710e-01 6.5018e+05
9.4440e-01 6.4202e+05
9.5140e-01 6.3365e+05
9.5810e-01 6.2452e+05
9.6450e-01 6.1545e+05
9.7070e-01 6.0610e+05
9.7670e-01 5.9628e+05
9.8240e-01 5.8605e+05
9.8790e-01 5.7642e+05
9.9330e-01 5.6595e+05
9.9840e-01 5.5545e+05
1.0030e+00 5.4511e+05
1.0080e+00 5.3472e+05
1.0130e+00 5.2438e+05
1.0180e+00 5.1344e+05
1.0220e+00 5.0322e+05
1.0260e+00 4.9265e+05
1.0310e+00 4.8278e+05
1.0350e+00 4.7214e+05
1.0390e+00 4.6223e+05
1.0440e+00 4.5221e+05
1.0480e+00 4.4228e+05
1.0520e+00 4.3238e+05
1.0560e+00 4.2280e+05
1.0600e+00 4.1323e+05
1.0640e+00 4.0314e+05
1.0690e+00 3.9397e+05
1.0730e+00 3.8524e+05
1.0780e+00 3.7660e+05
1.0830e+00 3.6829e+05
1.0880e+00 3.6007e+05
1.0940e+00 3.5214e+05
1.1000e+00 3.4470e+05
1.1070e+00 3.3723e+05
1.1150e+00 3.3005e+05
1.1230e+00 3.2310e+05
1.1320e+00 3.1661e+05
1.1420e+00 3.1051e+05
1.1540e+00 3.0560e+05
1.1670e+00 2.9986e+05
1.1810e+00 2.9467e+05
1.1930e+00 2.9009e+05
1.2100e+00 2.8544e+05
1.2300e+00 2.8146e+05
1.2530e+00 2.7780e+05
1.2780e+00 2.7463e+05
1.3060e+00 2.7175e+05
1.3370e+00 2.6900e+05
1.3720e+00 2.6710e+05
1.4100e+00 2.6543e+05
1.4520e+00 2.6433e+05
1.4980e+00 2.6336e+05
1.5480e+00 2.6294e+05
1.6020e+00 2.6263e+05
1.6600e+00 2.6276e+05
1.7220e+00 2.6349e+05
1.7880e+00 2.6413e+05
1.8590e+00 2.6502e+05
1.9330e+00 2.6589e+05
2.0120e+00 2.6700e+05
2.0940e+00 2.6823e+05
2.1790e+00 2.6957e+05
2.2690e+00 2.7080e+05
2.3600e+00 2.7216e+05
2.4550e+00 2.7348e+05
2.5520e+00 2.7451e+05
2.6540e+00 2.7572e+05
2.7540e+00 2.7659e+05
2.8570e+00 2.7758e+05
2.9610e+00 2.7824e+05
3.0660e+00 2.7896e+05
3.1720e+00 2.7932e+05
3.2790e+00 2.7944e+05
3.3870e+00 2.7988e+05
3.4960e+00 2.7973e+05
3.6050e+00 2.7950e+05
3.7140e+00 2.7897e+05
3.8240e+00 2.7863e+05
3.9340e+00 2.7798e+05
4.0450e+00 2.7737e+05
4.1560e+00 2.7648e+05
4.2670e+00 2.7567e+05
4.3790e+00 2.7467e+05
4.4910e+00 2.7372e+05
4.6040e+00 2.7248e+05
4.7180e+00 2.7156e+05
4.8330e+00 2.7038e+05
4.9490e+00 2.6917e+05
5.0660e+00 2.6813e+05
5.1840e+00 2.6693e+05
5.3040e+00 2.6596e+05
5.4250e+00 2.6526e+05
5.5470e+00 2.6424e+05
5.6720e+00 2.6349e+05
5.7980e+00 2.6270e+05
5.9270e+00 2.6211e+05
6.0580e+00 2.6111e+05
6.1920e+00 2.6080e+05
6.3280e+00 2.6045e+05
6.4670e+00 2.6019e+05
6.6090e+00 2.6024e+05
6.7540e+00 2.6016e+05
6.9030e+00 2.6026e+05
7.0550e+00 2.6032e+05
7.2100e+00 2.6084e+05
7.3700e+00 2.6126e+05
7.5340e+00 2.6177e+05
7.6990e+00 2.6256e+05
7.8710e+00 2.6333e+05
8.0480e+00 2.6408e+05
8.2300e+00 2.6514e+05
8.4160e+00 2.6610e+05
8.6080e+00 2.6733e+05
8.8060e+00 2.6863e+05
9.0090e+00 2.6980e+05
9.2170e+00 2.7109e+05
9.4300e+00 2.7261e+05
9.6500e+00 2.7403e+05
9.8760e+00 2.7543e+05
1.0110e+01 2.7682e+05
1.0350e+01 2.7831e+05
1.0590e+01 2.7987e+05
1.0850e+01 2.8124e+05
1.1110e+01 2.8271e+05
1.1370e+01 2.8416e+05
1.1650e+01 2.8537e+05
1.1930e+01 2.8670e+05
1.2220e+01 2.8794e+05
1.2530e+01 2.8910e+05
1.2830e+01 2.9027e+05
1.3150e+01 2.9123e+05
1.3480e+01 2.9225e+05
1.3820e+01 2.9308e+05
1.4170e+01 2.9371e+05
1.4530e+01 2.9440e+05
1.4900e+01 2.9486e+05
1.5280e+01 2.9517e+05
1.5670e+01 2.9541e+05
1.6080e+01 2.9554e+05
1.6490e+01 2.9555e+05
1.6930e+01 2.9534e+05
1.7370e+01 2.9511e+05
1.7830e+01 2.9474e+05
1.8300e+01 2.9403e+05
1.8790e+01 2.9348e+05
1.9300e+01 2.9261e+05
1.9820e+01 2.9161e+05
2.0350e+01 2.9038e+05
2.0910e+01 2.8926e+05
2.1490e+01 2.8787e+05
2.2080e+01 2.8619e+05
2.2690e+01 2.8448e+05
2.3330e+01 2.8270e+05
2.3990e+01 2.8077e+05
2.4670e+01 2.7884e+05
2.5370e+01 2.7665e+05
2.6100e+01 2.7435e+05
2.6860e+01 2.7184e+05
2.7640e+01 2.6938e+05
2.8450e+01 2.6666e+05
2.9290e+01 2.6398e+05
3.0160e+01 2.6118e+05
3.1070e+01 2.5817e+05
3.2000e+01 2.5525e+05
3.2980e+01 2.5212e+05
3.3990e+01 2.4892e+05
3.5040e+01 2.4560e+05
3.6130e+01 2.4229e+05
3.7260e+01 2.3895e+05
3.8440e+01 2.3549e+05
3.9670e+01 2.3198e+05
4.0940e+01 2.2833e+05
4.2270e+01 2.2479e+05
4.3650e+01 2.2111e+05
4.5090e+01 2.1746e+05
4.6590e+01 2.1370e+05
4.8160e+01 2.0992e+05
4.9790e+01 2.0610e+05
5.1490e+01 2.0233e+05
5.3270e+01 1.9848e+05
5.5130e+01 1.9461e+05
5.7070e+01 1.9077e+05
5.9110e+01 1.8691e+05
6.1230e+01 1.8299e+05
6.3460e+01 1.7912e+05
6.5790e+01 1.7521e+05
6.8240e+01 1.7128e+05
7.0810e+01 1.6744e+05
7.3500e+01 1.6353e+05
7.6330e+01 1.5966e+05
7.9310e+01 1.5580e+05
