4.9930e-02 0.0000e+00
5.0310e-02 0.0000e+00
5.0710e-02 0.0000e+00
5.1110e-02 0.0000e+00
5.1520e-02 0.0000e+00
5.1940e-02 0.0000e+00
5.2380e-02 0.0000e+00
5.2820e-02 0.0000e+00
5.3280e-02 0.0000e+00
5.3750e-02 0.0000e+00
5.4230e-02 0.0000e+00
5.4720e-02 0.0000e+00
5.5230e-02 0.0000e+00
5.5760e-02 0.0000e+00
5.6300e-02 0.0000e+00
5.6850e-02 0.0000e+00
5.7420e-02 0.0000e+00
5.8000e-02 0.0000e+00
5.8610e-02 0.0000e+00
5.9230e-02 0.0000e+00
5.9860e-02 0.0000e+00
6.0520e-02 0.0000e+00
6.1190e-02 0.0000e+00
6.1880e-02 0.0000e+00
6.2590e-02 0.0000e+00
6.3320e-02 0.0000e+00
6.4060e-02 0.0000e+00
6.4830e-02 0.0000e+00
6.5620e-02 0.0000e+00
6.6420e-02 0.0000e+00
6.7250e-02 0.0000e+00
6.8090e-02 0.0000e+00
6.8960e-02 0.0000e+00
6.9840e-02 0.0000e+00
7.0750e-02 0.0000e+00
7.1680e-02 0.0000e+00
7.2620e-02 0.0000e+00
7.3590e-02 0.0000e+00
7.4580e-02 0.0000e+00
7.5580e-02 0.0000e+00
7.6610e-02 0.0000e+00
7.7660e-02 0.0000e+00
7.8730e-02 0.0000e+00
7.9820e-02 0.0000e+00
8.0930e-02 0.0000e+00
8.2060e-02 0.0000e+00
8.3210e-02 0.0000e+00
8.4380e-02 0.0000e+00
8.5570e-02 0.0000e+00
8.6780e-02 0.0000e+00
8.8010e-02 0.0000e+00
8.9260e-02 0.0000e+00
9.0530e-02 0.0000e+00
9.1810e-02 0.0000e+00
9.3120e-02 0.0000e+00
9.4430e-02 0.0000e+00
9.5770e-02 0.0000e+00
9.7110e-02 0.0000e+00
9.8470e-02 0.0000e+00
9.9840e-02 0.0000e+00
1.0120e-01 0.0000e+00
1.0260e-01 0.0000e+00
1.0400e-01 0.0000e+00
1.0540e-01 0.0000e+00
1.0680e-01 0.0000e+00
1.0820e-01 0.0000e+00
1.0960e-01 0.0000e+00
1.1100e-01 0.0000e+00
1.1240e-01 0.0000e+00
1.1380e-01 0.0000e+00
1.1520e-01 0.0000e+00
1.1650e-01 0.0000e+00
1.1790e-01 0.0000e+00
1.1920e-01 0.0000e+00
1.2060e-01 0.0000e+00
1.2190e-01 0.0000e+00
1.2320e-01 0.0000e+00
1.2440e-01 0.0000e+00
1.2570e-01 0.0000e+00
1.2690e-01 0.0000e+00
1.2820e-01 0.0000e+00
1.2930e-01 0.0000e+00
1.3050e-01 0.0000e+00
1.3170e-01 0.0000e+00
1.3280e-01 0.0000e+00
1.3390e-01 0.0000e+00
1.3500e-01 0.0000e+00
1.3610e-01 0.0000e+00
1.3720e-01 0.0000e+00
1.3820e-01 0.0000e+00
1.3930e-01 0.0000e+00
1.4030e-01 0.0000e+00
1.4130e-01 0.0000e+00
1.4240e-01 0.0000e+00
1.4340e-01 0.0000e+00
1.4440e-01 0.0000e+00
1.4540e-01 0.0000e+00
1.4640e-01 0.0000e+00
1.4740e-01 0.0000e+00
1.4840e-01 0.0000e+00
1.4950e-01 0.0000e+00
1.5050e-01 0.0000e+00
1.5150e-01 0.0000e+00
1.5260e-01 0.0000e+00
1.5370e-01 0.0000e+00
1.5480e-01 0.0000e+00
1.5590e-01 0.0000e+00
1.5700e-01 0.0000e+00
1.5820e-01 0.0000e+00
1.5940e-01 0.0000e+00
1.6060e-01 0.0000e+00
1.6190e-01 0.0000e+00
1.6320e-01 0.0000e+00
1.6450e-01 0.0000e+00
1.6580e-01 0.0000e+00
1.6720e-01 0.0000e+00
1.6860e-01 0.0000e+00
1.7010e-01 0.0000e+00
1.7160e-01 0.0000e+00
1.7320e-01 0.0000e+00
1.7480e-01 0.0000e+00
1.7640e-01 0.0000e+00
1.7810e-01 0.0000e+00
1.7990e-01 0.0000e+00
1.8160e-01 0.0000e+00
1.8350e-01 0.0000e+00
1.8540e-01 0.0000e+00
1.8740e-01 0.0000e+00
1.8930e-01 0.0000e+00
1.9140e-01 0.0000e+00
1.9350e-01 0.0000e+00
1.9570e-01 0.0000e+00
1.9790e-01 0.0000e+00
2.0020e-01 0.0000e+00
2.0250e-01 0.0000e+00
2.0490e-01 0.0000e+00
2.0740e-01 0.0000e+00
2.0990e-01 0.0000e+00
2.1260e-01 0.0000e+00
2.1530e-01 0.0000e+00
2.1810e-01 0.0000e+00
2.2090e-01 0.0000e+00
2.2390e-01 0.0000e+00
2.2690e-01 0.0000e+00
2.3010e-01 0.0000e+00
2.3330e-01 0.0000e+00
2.3670e-01 0.0000e+00
2.4020e-01 0.0000e+00
2.4390e-01 0.0000e+00
2.4770e-01 0.0000e+00
2.5170e-01 0.0000e+00
2.5580e-01 0.0000e+00
2.6020e-01 0.0000e+00
2.6470e-01 0.0000e+00
2.6960e-01 0.0000e+00
2.7460e-01 0.0000e+00
2.8000e-01 0.0000e+00
2.8560e-01 0.0000e+00
2.9160e-01 0.0000e+00
2.9800e-01 0.0000e+00
3.0480e-01 0.0000e+00
3.1210e-01 0.0000e+00
3.1980e-01 0.0000e+00
3.2800e-01 0.0000e+00
3.3670e-01 0.0000e+00
3.4600e-01 0.0000e+00
3.5590e-01 0.0000e+00
3.6650e-01 0.0000e+00
3.7760e-01 0.0000e+00
3.8940e-01 0.0000e+00
4.0180e-01 0.0000e+00
4.1480e-01 0.0000e+00
4.2850e-01 0.0000e+00
4.4270e-01 0.0000e+00
4.5750e-01 0.0000e+00
4.7280e-01 0.0000e+00
4.8860e-01 0.0000e+00
5.0480e-01 0.0000e+00
5.2140e-01 0.0000e+00
5.3820e-01 0.0000e+00
5.5520e-01 0.0000e+00
5.7240e-01 0.0000e+00
5.8960e-01 0.0000e+00
6.0690e-01 0.0000e+00
6.2370e-01 0.0000e+00
6.4080e-01 0.0000e+00
6.5770e-01 0.0000e+00
6.7430e-01 0.0000e+00
6.9060e-01 0.0000e+00
7.0710e-01 0.0000e+00
7.2280e-01 0.0000e+00
7.3800e-01 0.0000e+00
7.5280e-01 0.0000e+00
7.6720e-01 0.0000e+00
7.8110e-01 0.0000e+00
7.9340e-01 0.0000e+00
8.0650e-01 0.0000e+00
8.1910e-01 0.0000e+00
8.3120e-01 0.0000e+00
8.4280e-01 0.0000e+00
8.5400e-01 0.0000e+00
8.6690e-01 6.4632e-02
8.7620e-01 6.5191e-02
8.8610e-01 6.5721e-02
8.9550e-01 6.6180e-02
9.0450e-01 6.6506e-02
9.1320e-01 6.6760e-02
9.2150e-01 6.6855e-02
9.2940e-01 6.6878e-02
9.3710e-01 6.6813e-02
9.4440e-01 6.6642e-02
9.5140e-01 6.6424e-02
9.5810e-01 6.6076e-02
9.6450e-01 6.5684e-02
9.7070e-01 6.5191e-02
9.7670e-01 6.4627e-02
9.8240e-01 6.3972e-02
9.8790e-01 6.3344e-02
9.9330e-01 6.2582e-02
9.9840e-01 6.1757e-02
1.0030e+00 6.0913e-02
1.0080e+00 6.0030e-02
1.0130e+00 5.9121e-02
1.0180e+00 5.8133e-02
1.0220e+00 5.7196e-02
1.0260e+00 5.6226e-02
1.0310e+00 5.5361e-02
1.0350e+00 5.4503e-02
1.0390e+00 5.3849e-02
1.0440e+00 5.3323e-02
1.0480e+00 5.3185e-02
1.0520e+00 5.3586e-02
1.0560e+00 5.4786e-02
1.0600e+00 5.7051e-02
1.0640e+00 6.0853e-02
1.0690e+00 6.6906e-02
1.0730e+00 7.5948e-02
1.0780e+00 8.9008e-02
1.0830e+00 1.0744e-01
1.0880e+00 1.3276e-01
1.0940e+00 1.6718e-01
1.1000e+00 2.1341e-01
1.1070e+00 2.7404e-01
1.1150e+00 3.5284e-01
1.1230e+00 4.5387e-01
1.1320e+00 5.8248e-01
1.1420e+00 7.4409e-01
1.1540e+00 9.4921e-01
1.1670e+00 1.1966e+00
1.1810e+00 1.4971e+00
1.1930e+00 1.8615e+00
1.2100e+00 2.2942e+00
1.2300e+00 2.8082e+00
1.2530e+00 3.4101e+00
1.2780e+00 4.1112e+00
1.3060e+00 4.9171e+00
1.3370e+00 5.8389e+00
1.3720e+00 6.8856e+00
1.4100e+00 8.0548e+00
1.4520e+00 9.3660e+00
1.4980e+00 1.0809e+01
1.5480e+00 1.2403e+01
1.6020e+00 1.4120e+01
1.6600e+00 1.5980e+01
1.7220e+00 1.7984e+01
1.7880e+00 2.0110e+01
1.8590e+00 2.2350e+01
1.9330e+00 2.4686e+01
2.0120e+00 2.7131e+01
2.0940e+00 2.9651e+01
2.1790e+00 3.2238e+01
2.2690e+00 3.4863e+01
2.3600e+00 3.7529e+01
2.4550e+00 4.0205e+01
2.5520e+00 4.2841e+01
2.6540e+00 4.5495e+01
2.7540e+00 4.8070e+01
2.8570e+00 5.0650e+01
2.9610e+00 5.3099e+01
3.0660e+00 5.5495e+01
3.1720e+00 5.7751e+01
3.2790e+00 5.9893e+01
3.3870e+00 6.2038e+01
3.4960e+00 6.3915e+01
3.6050e+00 6.5720e+01
3.7140e+00 6.7327e+01
3.8240e+00 6.8888e+01
3.9340e+00 7.0227e+01
4.0450e+00 7.1487e+01
4.1560e+00 7.2543e+01
4.2670e+00 7.3506e+01
4.3790e+00 7.4283e+01
4.4910e+00 7.4956e+01
4.6040e+00 7.5414e+01
4.7180e+00 7.5875e+01
4.8330e+00 7.6075e+01
4.9490e+00 7.6186e+01
5.0660e+00 7.6201e+01
5.1840e+00 7.6071e+01
5.3040e+00 7.5863e+01
5.4250e+00 7.5613e+01
5.5470e+00 7.5157e+01
5.6720e+00 7.4676e+01
5.7980e+00 7.4051e+01
5.9270e+00 7.3380e+01
6.0580e+00 7.2545e+01
6.1920e+00 7.1697e+01
6.3280e+00 7.0825e+01
6.4670e+00 6.9858e+01
6.6090e+00 6.8851e+01
6.7540e+00 6.7768e+01
6.9030e+00 6.6662e+01
7.0550e+00 6.5426e+01
7.2100e+00 6.4271e+01
7.3700e+00 6.3018e+01
7.5340e+00 6.1743e+01
7.6990e+00 6.0430e+01
7.8710e+00 5.9118e+01
8.0480e+00 5.7774e+01
8.2300e+00 5.6430e+01
8.4160e+00 5.5049e+01
8.6080e+00 5.3671e+01
8.8060e+00 5.2294e+01
9.0090e+00 5.0916e+01
9.2170e+00 4.9510e+01
9.4300e+00 4.8142e+01
9.6500e+00 4.6757e+01
9.8760e+00 4.5400e+01
1.0110e+01 4.4040e+01
1.0350e+01 4.2693e+01
1.0590e+01 4.1340e+01
1.0850e+01 4.0028e+01
1.1110e+01 3.8716e+01
1.1370e+01 3.7423e+01
1.1650e+01 3.6150e+01
1.1930e+01 3.4908e+01
1.2220e+01 3.3676e+01
1.2530e+01 3.2468e+01
1.2830e+01 3.1282e+01
1.3150e+01 3.0129e+01
1.3480e+01 2.8990e+01
1.3820e+01 2.7885e+01
1.4170e+01 2.6789e+01
1.4530e+01 2.5739e+01
1.4900e+01 2.4705e+01
1.5280e+01 2.3704e+01
1.5670e+01 2.2731e+01
1.6080e+01 2.1783e+01
1.6490e+01 2.0858e+01
1.6930e+01 1.9962e+01
1.7370e+01 1.9097e+01
1.7830e+01 1.8263e+01
1.8300e+01 1.7443e+01
1.8790e+01 1.6670e+01
1.9300e+01 1.5909e+01
1.9820e+01 1.5176e+01
2.0350e+01 1.4468e+01
2.0910e+01 1.3788e+01
2.1490e+01 1.3132e+01
2.2080e+01 1.2499e+01
2.2690e+01 1.1891e+01
2.3330e+01 1.1317e+01
2.3990e+01 1.0757e+01
2.4670e+01 1.0219e+01
2.5370e+01 9.7097e+00
2.6100e+01 9.2103e+00
2.6860e+01 8.7390e+00
2.7640e+01 8.2872e+00
2.8450e+01 7.8512e+00
2.9290e+01 7.4411e+00
3.0160e+01 7.0443e+00
3.1070e+01 6.6689e+00
3.2000e+01 6.3108e+00
3.2980e+01 5.9676e+00
3.3990e+01 5.6366e+00
3.5040e+01 5.3256e+00
3.6130e+01 5.0286e+00
3.7260e+01 4.7476e+00
3.8440e+01 4.4786e+00
3.9670e+01 4.2237e+00
4.0940e+01 3.9796e+00
4.2270e+01 3.7516e+00
4.3650e+01 3.5318e+00
4.5090e+01 3.3254e+00
4.6590e+01 3.1278e+00
4.8160e+01 2.9412e+00
4.9790e+01 2.7637e+00
5.1490e+01 2.5974e+00
5.3270e+01 2.4389e+00
5.5130e+01 2.2887e+00
5.7070e+01 2.1471e+00
5.9110e+01 2.0134e+00
6.1230e+01 1.8863e+00
6.3460e+01 1.7668e+00
6.5790e+01 1.6539e+00
6.8240e+01 1.5468e+00
7.0810e+01 1.4467e+00
7.3500e+01 1.3514e+00
7.6330e+01 1.2620e+00
7.9310e+01 1.1775e+00
