4.9930e-02 9.5515e+06
5.0310e-02 9.3374e+06
5.0710e-02 9.1189e+06
5.1110e-02 8.9081e+06
5.1520e-02 8.7065e+06
5.1940e-02 8.5124e+06
5.2380e-02 8.3244e+06
5.2820e-02 8.1371e+06
5.3280e-02 7.9564e+06
5.3750e-02 7.7855e+06
5.4230e-02 7.6137e+06
5.4720e-02 7.4455e+06
5.5230e-02 7.2863e+06
5.5760e-02 7.1320e+06
5.6300e-02 6.9795e+06
5.6850e-02 6.8321e+06
5.7420e-02 6.6892e+06
5.8000e-02 6.5523e+06
5.8610e-02 6.4173e+06
5.9230e-02 6.2884e+06
5.9860e-02 6.1663e+06
6.0520e-02 6.0426e+06
6.1190e-02 5.9217e+06
6.1880e-02 5.8081e+06
6.2590e-02 5.6995e+06
6.3320e-02 5.5911e+06
6.4060e-02 5.4869e+06
6.4830e-02 5.3888e+06
6.5620e-02 5.2903e+06
6.6420e-02 5.1958e+06
6.7250e-02 5.1056e+06
6.8090e-02 5.0155e+06
6.8960e-02 4.9307e+06
6.9840e-02 4.8481e+06
7.0750e-02 4.7681e+06
7.1680e-02 4.6902e+06
7.2620e-02 4.6160e+06
7.3590e-02 4.5418e+06
7.4580e-02 4.4713e+06
7.5580e-02 4.4040e+06
7.6610e-02 4.3371e+06
7.7660e-02 4.2727e+06
7.8730e-02 4.2098e+06
7.9820e-02 4.1496e+06
8.0930e-02 4.0919e+06
8.2060e-02 4.0349e+06
8.3210e-02 3.9807e+06
8.4380e-02 3.9319e+06
8.5570e-02 3.8797e+06
8.6780e-02 3.8283e+06
8.8010e-02 3.7810e+06
8.9260e-02 3.7340e+06
9.0530e-02 3.6886e+06
9.1810e-02 3.6436e+06
9.3120e-02 3.6004e+06
9.4430e-02 3.5596e+06
9.5770e-02 3.5175e+06
9.7110e-02 3.4775e+06
9.8470e-02 3.4396e+06
9.9840e-02 3.4002e+06
1.0120e-01 3.3635e+06
1.0260e-01 3.3272e+06
1.0400e-01 3.2906e+06
1.0540e-01 3.2550e+06
1.0680e-01 3.2207e+06
1.0820e-01 3.1859e+06
1.0960e-01 3.1515e+06
1.1100e-01 3.1160e+06
1.1240e-01 3.0817e+06
1.1380e-01 3.0485e+06
1.1520e-01 3.0123e+06
1.1650e-01 2.9795e+06
1.1790e-01 2.9427e+06
1.1920e-01 2.9099e+06
1.2060e-01 2.8735e+06
1.2190e-01 2.8384e+06
1.2320e-01 2.8020e+06
1.2440e-01 2.7671e+06
1.2570e-01 2.7312e+06
1.2690e-01 2.6927e+06
1.2820e-01 2.6538e+06
1.2930e-01 2.6184e+06
1.3050e-01 2.5807e+06
1.3170e-01 2.5407e+06
1.3280e-01 2.5026e+06
1.3390e-01 2.4645e+06
1.3500e-01 2.4247e+06
1.3610e-01 2.3869e+06
1.3720e-01 2.3459e+06
1.3820e-01 2.3070e+06
1.3930e-01 2.2678e+06
1.4030e-01 2.2288e+06
1.4130e-01 2.1894e+06
1.4240e-01 2.1510e+06
1.4340e-01 2.1118e+06
1.4440e-01 2.0730e+06
1.4540e-01 2.0354e+06
1.4640e-01 1.9992e+06
1.4740e-01 1.9616e+06
1.4840e-01 1.9247e+06
1.4950e-01 1.8886e+06
1.5050e-01 1.8530e+06
1.5150e-01 1.8187e+06
1.5260e-01 1.7845e+06
1.5370e-01 1.7509e+06
1.5480e-01 1.7182e+06
1.5590e-01 1.6862e+06
1.5700e-01 1.6549e+06
1.5820e-01 1.6244e+06
1.5940e-01 1.5943e+06
1.6060e-01 1.5654e+06
1.6190e-01 1.5372e+06
1.6320e-01 1.5099e+06
1.6450e-01 1.4833e+06
1.6580e-01 1.4573e+06
1.6720e-01 1.4320e+06
1.6860e-01 1.4076e+06
1.7010e-01 1.3840e+06
1.7160e-01 1.3611e+06
1.7320e-01 1.3389e+06
1.7480e-01 1.3173e+06
1.7640e-01 1.2963e+06
1.7810e-01 1.2759e+06
1.7990e-01 1.2560e+06
1.8160e-01 1.2375e+06
1.8350e-01 1.2191e+06
1.8540e-01 1.2019e+06
1.8740e-01 1.1842e+06
1.8930e-01 1.1679e+06
1.9140e-01 1.1509e+06
1.9350e-01 1.1351e+06
1.9570e-01 1.1194e+06
1.9790e-01 1.1051e+06
2.0020e-01 1.0899e+06
2.0250e-01 1.0759e+06
2.0490e-01 1.0620e+06
2.0740e-01 1.0493e+06
2.0990e-01 1.0365e+06
2.1260e-01 1.0240e+06
2.1530e-01 1.0116e+06
2.1810e-01 1.0002e+06
2.2090e-01 9.8756e+05
2.2390e-01 9.7781e+05
2.2690e-01 9.6707e+05
2.3010e-01 9.5659e+05
2.3330e-01 9.4637e+05
2.3670e-01 9.3803e+05
2.4020e-01 9.2834e+05
2.4390e-01 9.2036e+05
2.4770e-01 9.1266e+05
2.5170e-01 9.0540e+05
2.5580e-01 8.9847e+05
2.6020e-01 8.9250e+05
2.6470e-01 8.8808e+05
2.6960e-01 8.8336e+05
2.7460e-01 8.8033e+05
2.8000e-01 8.7776e+05
2.8560e-01 8.7612e+05
2.9160e-01 8.7586e+05
2.9800e-01 8.7731e+05
3.0480e-01 8.7912e+05
3.1210e-01 8.8305e+05
3.1980e-01 8.8837e+05
3.2800e-01 8.9529e+05
3.3670e-01 9.0411e+05
3.4600e-01 9.1440e+05
3.5590e-01 9.2654e+05
3.6650e-01 9.4079e+05
3.7760e-01 9.5727e+05
3.8940e-01 9.7515e+05
4.0180e-01 9.9511e+05
4.1480e-01 1.0170e+06
4.2850e-01 1.0407e+06
4.4270e-01 1.0659e+06
4.5750e-01 1.0930e+06
4.7280e-01 1.1212e+06
4.8860e-01 1.1509e+06
5.0480e-01 1.1816e+06
5.2140e-01 1.2132e+06
5.3820e-01 1.2457e+06
5.5520e-01 1.2776e+06
5.7240e-01 1.3106e+06
5.8960e-01 1.3429e+06
6.0690e-01 1.3748e+06
6.2370e-01 1.4046e+06
6.4080e-01 1.4349e+06
6.5770e-01 1.4640e+06
6.7430e-01 1.4910e+06
6.9060e-01 1.5173e+06
7.0710e-01 1.5441e+06
7.2280e-01 1.5655e+06
7.3800e-01 1.5855e+06
7.5280e-01 1.6032e+06
7.6720e-01 1.6185e+06
7.8110e-01 1.6314e+06
7.9340e-01 1.6367e+06
8.0650e-01 1.6445e+06
8.1910e-01 1.6506e+06
8.3120e-01 1.6544e+06
8.4280e-01 1.6556e+06
8.5400e-01 1.6545e+06
8.6690e-01 1.6612e+06
8.7620e-01 1.6520e+06
8.8610e-01 1.6441e+06
8.9550e-01 1.6349e+06
9.0450e-01 1.6238e+06
9.1320e-01 1.6114e+06
9.2150e-01 1.5966e+06
9.2940e-01 1.5806e+06
9.3710e-01 1.5636e+06
9.4440e-01 1.5448e+06
9.5140e-01 1.5257e+06
9.5810e-01 1.5047e+06
9.6450e-01 1.4837e+06
9.7070e-01 1.4617e+06
9.7670e-01 1.4387e+06
9.8240e-01 1.4142e+06
9.8790e-01 1.3915e+06
9.9330e-01 1.3668e+06
9.9840e-01 1.3415e+06
1.0030e+00 1.3165e+06
1.0080e+00 1.2916e+06
1.0130e+00 1.2666e+06
1.0180e+00 1.2405e+06
1.0220e+00 1.2159e+06
1.0260e+00 1.1900e+06
1.0310e+00 1.1659e+06
1.0350e+00 1.1402e+06
1.0390e+00 1.1162e+06
1.0440e+00 1.0915e+06
1.0480e+00 1.0673e+06
1.0520e+00 1.0431e+06
1.0560e+00 1.0199e+06
1.0600e+00 9.9643e+05
1.0640e+00 9.7126e+05
1.0690e+00 9.4859e+05
1.0730e+00 9.2695e+05
1.0780e+00 9.0527e+05
1.0830e+00 8.8486e+05
1.0880e+00 8.6423e+05
1.0940e+00 8.4417e+05
1.1000e+00 8.2496e+05
1.1070e+00 8.0595e+05
1.1150e+00 7.8766e+05
1.1230e+00 7.6931e+05
1.1320e+00 7.5169e+05
1.1420e+00 7.3565e+05
1.1540e+00 7.2175e+05
1.1670e+00 7.0579e+05
1.1810e+00 6.9076e+05
1.1930e+00 6.7634e+05
1.2100e+00 6.6203e+05
1.2300e+00 6.4897e+05
1.2530e+00 6.3633e+05
1.2780e+00 6.2426e+05
1.3060e+00 6.1278e+05
1.3370e+00 6.0105e+05
1.3720e+00 5.9102e+05
1.4100e+00 5.8130e+05
1.4520e+00 5.7230e+05
1.4980e+00 5.6354e+05
1.5480e+00 5.5549e+05
1.6020e+00 5.4757e+05
1.6600e+00 5.4034e+05
1.7220e+00 5.3422e+05
1.7880e+00 5.2780e+05
1.8590e+00 5.2168e+05
1.9330e+00 5.1561e+05
2.0120e+00 5.0999e+05
2.0940e+00 5.0457e+05
2.1790e+00 4.9942e+05
2.2690e+00 4.9405e+05
2.3600e+00 4.8918e+05
2.4550e+00 4.8436e+05
2.5520e+00 4.7921e+05
2.6540e+00 4.7443e+05
2.7540e+00 4.6971e+05
2.8570e+00 4.6498e+05
2.9610e+00 4.5985e+05
3.0660e+00 4.5520e+05
3.1720e+00 4.5014e+05
3.2790e+00 4.4491e+05
3.3870e+00 4.4067e+05
3.4960e+00 4.3532e+05
3.6050e+00 4.3009e+05
3.7140e+00 4.2464e+05
3.8240e+00 4.1925e+05
3.9340e+00 4.1406e+05
4.0450e+00 4.0903e+05
4.1560e+00 4.0346e+05
4.2670e+00 3.9811e+05
4.3790e+00 3.9298e+05
4.4910e+00 3.8775e+05
4.6040e+00 3.8217e+05
4.7180e+00 3.7713e+05
4.8330e+00 3.7176e+05
4.9490e+00 3.6611e+05
5.0660e+00 3.6101e+05
5.1840e+00 3.5575e+05
5.3040e+00 3.5075e+05
5.4250e+00 3.4584e+05
5.5470e+00 3.4081e+05
5.6720e+00 3.3604e+05
5.7980e+00 3.3096e+05
5.9270e+00 3.2625e+05
6.0580e+00 3.2122e+05
6.1920e+00 3.1662e+05
6.3280e+00 3.1216e+05
6.4670e+00 3.0772e+05
6.6090e+00 3.0331e+05
6.7540e+00 2.9917e+05
6.9030e+00 2.9497e+05
7.0550e+00 2.9043e+05
7.2100e+00 2.8660e+05
7.3700e+00 2.8263e+05
7.5340e+00 2.7856e+05
7.6990e+00 2.7477e+05
7.8710e+00 2.7097e+05
8.0480e+00 2.6718e+05
8.2300e+00 2.6371e+05
8.4160e+00 2.6001e+05
8.6080e+00 2.5643e+05
8.8060e+00 2.5298e+05
9.0090e+00 2.4962e+05
9.2170e+00 2.4612e+05
9.4300e+00 2.4289e+05
9.6500e+00 2.3964e+05
9.8760e+00 2.3645e+05
1.0110e+01 2.3330e+05
1.0350e+01 2.3019e+05
1.0590e+01 2.2710e+05
1.0850e+01 2.2404e+05
1.1110e+01 2.2089e+05
1.1370e+01 2.1794e+05
1.1650e+01 2.1499e+05
1.1930e+01 2.1209e+05
1.2220e+01 2.0921e+05
1.2530e+01 2.0622e+05
1.2830e+01 2.0345e+05
1.3150e+01 2.0055e+05
1.3480e+01 1.9771e+05
1.3820e+01 1.9488e+05
1.4170e+01 1.9205e+05
1.4530e+01 1.8934e+05
1.4900e+01 1.8652e+05
1.5280e+01 1.8373e+05
1.5670e+01 1.8102e+05
1.6080e+01 1.7831e+05
1.6490e+01 1.7554e+05
1.6930e+01 1.7282e+05
1.7370e+01 1.7014e+05
1.7830e+01 1.6745e+05
1.8300e+01 1.6467e+05
1.8790e+01 1.6213e+05
1.9300e+01 1.5942e+05
1.9820e+01 1.5678e+05
2.0350e+01 1.5403e+05
2.0910e+01 1.5146e+05
2.1490e+01 1.4880e+05
2.2080e+01 1.4611e+05
2.2690e+01 1.4344e+05
2.3330e+01 1.4089e+05
2.3990e+01 1.3826e+05
2.4670e+01 1.3573e+05
2.5370e+01 1.3314e+05
2.6100e+01 1.3059e+05
2.6860e+01 1.2801e+05
2.7640e+01 1.2553e+05
2.8450e+01 1.2295e+05
2.9290e+01 1.2045e+05
3.0160e+01 1.1799e+05
3.1070e+01 1.1547e+05
3.2000e+01 1.1302e+05
3.2980e+01 1.1057e+05
3.3990e+01 1.0814e+05
3.5040e+01 1.0567e+05
3.6130e+01 1.0329e+05
3.7260e+01 1.0092e+05
3.8440e+01 9.8592e+04
3.9670e+01 9.6268e+04
4.0940e+01 9.3917e+04
4.2270e+01 9.1684e+04
4.3650e+01 8.9400e+04
4.5090e+01 8.7171e+04
4.6590e+01 8.4903e+04
4.8160e+01 8.2711e+04
4.9790e+01 8.0510e+04
5.1490e+01 7.8388e+04
5.3270e+01 7.6269e+04
5.5130e+01 7.4149e+04
5.7070e+01 7.2094e+04
5.9110e+01 7.0049e+04
6.1230e+01 6.7998e+04
6.3460e+01 6.6016e+04
6.5790e+01 6.4037e+04
6.8240e+01 6.2064e+04
7.0810e+01 6.0163e+04
7.3500e+01 5.8246e+04
7.6330e+01 5.6404e+04
7.9310e+01 5.4552e+04
