4.9930e-02 6.7481e+03
5.0310e-02 6.6359e+03
5.0710e-02 6.5189e+03
5.1110e-02 6.4073e+03
5.1520e-02 6.2995e+03
5.1940e-02 6.1955e+03
5.2380e-02 6.0950e+03
5.2820e-02 5.9933e+03
5.3280e-02 5.8953e+03
5.3750e-02 5.8031e+03
5.4230e-02 5.7089e+03
5.4720e-02 5.6162e+03
5.5230e-02 5.5292e+03
5.5760e-02 5.4446e+03
5.6300e-02 5.3590e+03
5.6850e-02 5.2773e+03
5.7420e-02 5.1979e+03
5.8000e-02 5.1211e+03
5.8610e-02 5.0446e+03
5.9230e-02 4.9719e+03
5.9860e-02 4.9037e+03
6.0520e-02 4.8330e+03
6.1190e-02 4.7637e+03
6.1880e-02 4.6993e+03
6.2590e-02 4.6360e+03
6.3320e-02 4.5732e+03
6.4060e-02 4.5127e+03
6.4830e-02 4.4557e+03
6.5620e-02 4.3974e+03
6.6420e-02 4.3410e+03
6.7250e-02 4.2872e+03
6.8090e-02 4.2321e+03
6.8960e-02 4.1799e+03
6.9840e-02 4.1297e+03
7.0750e-02 4.0796e+03
7.1680e-02 4.0305e+03
7.2620e-02 3.9827e+03
7.3590e-02 3.9350e+03
7.4580e-02 3.8886e+03
7.5580e-02 3.8437e+03
7.6610e-02 3.7988e+03
7.7660e-02 3.7542e+03
7.8730e-02 3.7106e+03
7.9820e-02 3.6682e+03
8.0930e-02 3.6265e+03
8.2060e-02 3.5852e+03
8.3210e-02 3.5446e+03
8.4380e-02 3.5103e+03
8.5570e-02 3.4698e+03
8.6780e-02 3.4293e+03
8.8010e-02 3.3912e+03
8.9260e-02 3.3533e+03
9.0530e-02 3.3155e+03
9.1810e-02 3.2774e+03
9.3120e-02 3.2404e+03
9.4430e-02 3.2044e+03
9.5770e-02 3.1667e+03
9.7110e-02 3.1304e+03
9.8470e-02 3.0950e+03
9.9840e-02 3.0584e+03
1.0120e-01 3.0227e+03
1.0260e-01 2.9880e+03
1.0400e-01 2.9521e+03
1.0540e-01 2.9164e+03
1.0680e-01 2.8820e+03
1.0820e-01 2.8458e+03
1.0960e-01 2.8108e+03
1.1100e-01 2.7744e+03
1.1240e-01 2.7384e+03
1.1380e-01 2.7032e+03
1.1520e-01 2.6655e+03
1.1650e-01 2.6306e+03
1.1790e-01 2.5920e+03
1.1920e-01 2.5571e+03
1.2060e-01 2.5185e+03
1.2190e-01 2.4813e+03
1.2320e-01 2.4432e+03
1.2440e-01 2.4063e+03
1.2570e-01 2.3687e+03
1.2690e-01 2.3288e+03
1.2820e-01 2.2884e+03
1.2930e-01 2.2516e+03
1.3050e-01 2.2124e+03
1.3170e-01 2.1719e+03
1.3280e-01 2.1332e+03
1.3390e-01 2.0944e+03
1.3500e-01 2.0544e+03
1.3610e-01 2.0161e+03
1.3720e-01 1.9757e+03
1.3820e-01 1.9373e+03
1.3930e-01 1.8986e+03
1.4030e-01 1.8598e+03
1.4130e-01 1.8215e+03
1.4240e-01 1.7843e+03
1.4340e-01 1.7464e+03
1.4440e-01 1.7091e+03
1.4540e-01 1.6728e+03
1.4640e-01 1.6381e+03
1.4740e-01 1.6023e+03
1.4840e-01 1.5674e+03
1.4950e-01 1.5333e+03
1.5050e-01 1.5000e+03
1.5150e-01 1.4676e+03
1.5260e-01 1.4356e+03
1.5370e-01 1.4043e+03
1.5480e-01 1.3740e+03
1.5590e-01 1.3443e+03
1.5700e-01 1.3153e+03
1.5820e-01 1.2874e+03
1.5940e-01 1.2599e+03
1.6060e-01 1.2335e+03
1.6190e-01 1.2079e+03
1.6320e-01 1.1831e+03
1.6450e-01 1.1591e+03
1.6580e-01 1.1358e+03
1.6720e-01 1.1134e+03
1.6860e-01 1.0917e+03
1.7010e-01 1.0709e+03
1.7160e-01 1.0510e+03
1.7320e-01 1.0318e+03
1.7480e-01 1.0134e+03
1.7640e-01 9.9581e+02
1.7810e-01 9.7902e+02
1.7990e-01 9.6319e+02
1.8160e-01 9.4807e+02
1.8350e-01 9.3357e+02
1.8540e-01 9.2073e+02
1.8740e-01 9.0803e+02
1.8930e-01 8.9614e+02
1.9140e-01 8.8538e+02
1.9350e-01 8.7538e+02
1.9570e-01 8.6630e+02
1.9790e-01 8.5836e+02
2.0020e-01 8.5138e+02
2.0250e-01 8.4562e+02
2.0490e-01 8.4096e+02
2.0740e-01 8.3768e+02
2.0990e-01 8.3572e+02
2.1260e-01 8.3541e+02
2.1530e-01 8.3668e+02
2.1810e-01 8.3985e+02
2.2090e-01 8.4474e+02
2.2390e-01 8.5241e+02
2.2690e-01 8.6238e+02
2.3010e-01 8.7548e+02
2.3330e-01 8.9153e+02
2.3670e-01 9.1194e+02
2.4020e-01 9.3542e+02
2.4390e-01 9.6402e+02
2.4770e-01 9.9810e+02
2.5170e-01 1.0381e+03
2.5580e-01 1.0840e+03
2.6020e-01 1.1382e+03
2.6470e-01 1.2007e+03
2.6960e-01 1.2721e+03
2.7460e-01 1.3538e+03
2.8000e-01 1.4464e+03
2.8560e-01 1.5512e+03
2.9160e-01 1.6706e+03
2.9800e-01 1.8045e+03
3.0480e-01 1.9529e+03
3.1210e-01 2.1195e+03
3.1980e-01 2.3029e+03
3.2800e-01 2.5061e+03
3.3670e-01 2.7288e+03
3.4600e-01 2.9710e+03
3.5590e-01 3.2340e+03
3.6650e-01 3.5251e+03
3.7760e-01 3.8314e+03
3.8940e-01 4.1577e+03
4.0180e-01 4.5044e+03
4.1480e-01 4.8692e+03
4.2850e-01 5.2537e+03
4.4270e-01 5.6541e+03
4.5750e-01 6.0711e+03
4.7280e-01 6.4977e+03
4.8860e-01 6.9353e+03
5.0480e-01 7.3822e+03
5.2140e-01 7.8329e+03
5.3820e-01 8.2885e+03
5.5520e-01 8.7368e+03
5.7240e-01 9.1832e+03
5.8960e-01 9.6238e+03
6.0690e-01 1.0051e+04
6.2370e-01 1.0452e+04
6.4080e-01 1.0855e+04
6.5770e-01 1.1234e+04
6.7430e-01 1.1593e+04
6.9060e-01 1.1933e+04
7.0710e-01 1.2269e+04
7.2280e-01 1.2548e+04
7.3800e-01 1.2807e+04
7.5280e-01 1.3037e+04
7.6720e-01 1.3238e+04
7.8110e-01 1.3410e+04
7.9340e-01 1.3502e+04
8.0650e-01 1.3616e+04
8.1910e-01 1.3707e+04
8.3120e-01 1.3771e+04
8.4280e-01 1.3805e+04
8.5400e-01 1.3818e+04
8.6690e-01 1.3890e+04
8.7620e-01 1.3809e+04
8.8610e-01 1.3746e+04
8.9550e-01 1.3669e+04
9.0450e-01 1.3570e+04
9.1320e-01 1.3457e+04
9.2150e-01 1.3321e+04
9.2940e-01 1.3171e+04
9.3710e-01 1.3014e+04
9.4440e-01 1.2838e+04
9.5140e-01 1.2655e+04
9.5810e-01 1.2458e+04
9.6450e-01 1.2260e+04
9.7070e-01 1.2052e+04
9.7670e-01 1.1836e+04
9.8240e-01 1.1606e+04
9.8790e-01 1.1389e+04
9.9330e-01 1.1156e+04
9.9840e-01 1.0922e+04
1.0030e+00 1.0686e+04
1.0080e+00 1.0452e+04
1.0130e+00 1.0220e+04
1.0180e+00 9.9743e+03
1.0220e+00 9.7446e+03
1.0260e+00 9.5058e+03
1.0310e+00 9.2787e+03
1.0350e+00 9.0421e+03
1.0390e+00 8.8176e+03
1.0440e+00 8.5880e+03
1.0480e+00 8.3635e+03
1.0520e+00 8.1382e+03
1.0560e+00 7.9239e+03
1.0600e+00 7.7070e+03
1.0640e+00 7.4766e+03
1.0690e+00 7.2686e+03
1.0730e+00 7.0653e+03
1.0780e+00 6.8658e+03
1.0830e+00 6.6721e+03
1.0880e+00 6.4785e+03
1.0940e+00 6.2890e+03
1.1000e+00 6.1082e+03
1.1070e+00 5.9262e+03
1.1150e+00 5.7488e+03
1.1230e+00 5.5718e+03
1.1320e+00 5.4018e+03
1.1420e+00 5.2356e+03
1.1540e+00 5.0878e+03
1.1670e+00 4.9223e+03
1.1810e+00 4.7637e+03
1.1930e+00 4.6094e+03
1.2100e+00 4.4526e+03
1.2300e+00 4.3031e+03
1.2530e+00 4.1542e+03
1.2780e+00 4.0081e+03
1.3060e+00 3.8633e+03
1.3370e+00 3.7153e+03
1.3720e+00 3.5768e+03
1.4100e+00 3.4387e+03
1.4520e+00 3.3047e+03
1.4980e+00 3.1707e+03
1.5480e+00 3.0397e+03
1.6020e+00 2.9099e+03
1.6600e+00 2.7834e+03
1.7220e+00 2.6644e+03
1.7880e+00 2.5432e+03
1.8590e+00 2.4251e+03
1.9330e+00 2.3082e+03
2.0120e+00 2.1958e+03
2.0940e+00 2.0866e+03
2.1790e+00 1.9810e+03
2.2690e+00 1.8762e+03
2.3600e+00 1.7776e+03
2.4550e+00 1.6833e+03
2.5520e+00 1.5907e+03
2.6540e+00 1.5036e+03
2.7540e+00 1.4193e+03
2.8570e+00 1.3398e+03
2.9610e+00 1.2628e+03
3.0660e+00 1.1913e+03
3.1720e+00 1.1221e+03
3.2790e+00 1.0566e+03
3.3870e+00 9.9613e+02
3.4960e+00 9.3733e+02
3.6050e+00 8.8227e+02
3.7140e+00 8.2972e+02
3.8240e+00 7.8161e+02
3.9340e+00 7.3573e+02
4.0450e+00 6.9260e+02
4.1560e+00 6.5227e+02
4.2670e+00 6.1449e+02
4.3790e+00 5.7860e+02
4.4910e+00 5.4575e+02
4.6040e+00 5.1393e+02
4.7180e+00 4.8497e+02
4.8330e+00 4.5727e+02
4.9490e+00 4.3120e+02
5.0660e+00 4.0726e+02
5.1840e+00 3.8428e+02
5.3040e+00 3.6297e+02
5.4250e+00 3.4334e+02
5.5470e+00 3.2454e+02
5.6720e+00 3.0691e+02
5.7980e+00 2.9062e+02
5.9270e+00 2.7499e+02
6.0580e+00 2.6013e+02
6.1920e+00 2.4637e+02
6.3280e+00 2.3368e+02
6.4670e+00 2.2163e+02
6.6090e+00 2.1025e+02
6.7540e+00 1.9953e+02
6.9030e+00 1.8951e+02
7.0550e+00 1.7980e+02
7.2100e+00 1.7090e+02
7.3700e+00 1.6241e+02
7.5340e+00 1.5441e+02
7.6990e+00 1.4706e+02
7.8710e+00 1.3989e+02
8.0480e+00 1.3308e+02
8.2300e+00 1.2671e+02
8.4160e+00 1.2060e+02
8.6080e+00 1.1487e+02
8.8060e+00 1.0928e+02
9.0090e+00 1.0413e+02
9.2170e+00 9.9258e+01
9.4300e+00 9.4651e+01
9.6500e+00 9.0274e+01
9.8760e+00 8.6112e+01
1.0110e+01 8.2171e+01
1.0350e+01 7.8439e+01
1.0590e+01 7.4883e+01
1.0850e+01 7.1503e+01
1.1110e+01 6.8333e+01
1.1370e+01 6.5292e+01
1.1650e+01 6.2392e+01
1.1930e+01 5.9648e+01
1.2220e+01 5.7026e+01
1.2530e+01 5.4523e+01
1.2830e+01 5.2164e+01
1.3150e+01 4.9910e+01
1.3480e+01 4.7776e+01
1.3820e+01 4.5698e+01
1.4170e+01 4.3745e+01
1.4530e+01 4.1905e+01
1.4900e+01 4.0146e+01
1.5280e+01 3.8462e+01
1.5670e+01 3.6872e+01
1.6080e+01 3.5344e+01
1.6490e+01 3.3895e+01
1.6930e+01 3.2509e+01
1.7370e+01 3.1188e+01
1.7830e+01 2.9942e+01
1.8300e+01 2.8721e+01
1.8790e+01 2.7597e+01
1.9300e+01 2.6496e+01
1.9820e+01 2.5442e+01
2.0350e+01 2.4433e+01
2.0910e+01 2.3492e+01
2.1490e+01 2.2578e+01
2.2080e+01 2.1689e+01
2.2690e+01 2.0850e+01
2.3330e+01 2.0061e+01
2.3990e+01 1.9295e+01
2.4670e+01 1.8566e+01
2.5370e+01 1.7861e+01
2.6100e+01 1.7197e+01
2.6860e+01 1.6549e+01
2.7640e+01 1.5934e+01
2.8450e+01 1.5340e+01
2.9290e+01 1.4780e+01
3.0160e+01 1.4236e+01
3.1070e+01 1.3712e+01
3.2000e+01 1.3219e+01
3.2980e+01 1.2741e+01
3.3990e+01 1.2278e+01
3.5040e+01 1.1836e+01
3.6130e+01 1.1411e+01
3.7260e+01 1.1010e+01
3.8440e+01 1.0613e+01
3.9670e+01 1.0239e+01
4.0940e+01 9.8765e+00
4.2270e+01 9.5314e+00
4.3650e+01 9.1950e+00
4.5090e+01 8.8731e+00
4.6590e+01 8.5601e+00
4.8160e+01 8.2626e+00
4.9790e+01 7.9716e+00
5.1490e+01 7.6957e+00
5.3270e+01 7.4269e+00
5.5130e+01 7.1682e+00
5.7070e+01 6.9183e+00
5.9110e+01 6.6750e+00
6.1230e+01 6.4442e+00
6.3460e+01 6.2179e+00
6.5790e+01 6.0004e+00
6.8240e+01 5.7880e+00
7.0810e+01 5.5871e+00
7.3500e+01 5.3887e+00
7.6330e+01 5.1981e+00
7.9310e+01 5.0136e+00
