4.9930e-02 3.1349e+04
5.0310e-02 3.0930e+04
5.0710e-02 3.0467e+04
5.1110e-02 3.0051e+04
5.1520e-02 2.9633e+04
5.1940e-02 2.9244e+04
5.2380e-02 2.8860e+04
5.2820e-02 2.8481e+04
5.3280e-02 2.8109e+04
5.3750e-02 2.7775e+04
5.4230e-02 2.7426e+04
5.4720e-02 2.7088e+04
5.5230e-02 2.6780e+04
5.5760e-02 2.6478e+04
5.6300e-02 2.6167e+04
5.6850e-02 2.5877e+04
5.7420e-02 2.5600e+04
5.8000e-02 2.5343e+04
5.8610e-02 2.5083e+04
5.9230e-02 2.4842e+04
5.9860e-02 2.4625e+04
6.0520e-02 2.4390e+04
6.1190e-02 2.4174e+04
6.1880e-02 2.3972e+04
6.2590e-02 2.3786e+04
6.3320e-02 2.3587e+04
6.4060e-02 2.3415e+04
6.4830e-02 2.3249e+04
6.5620e-02 2.3092e+04
6.6420e-02 2.2934e+04
6.7250e-02 2.2794e+04
6.8090e-02 2.2645e+04
6.8960e-02 2.2516e+04
6.9840e-02 2.2395e+04
7.0750e-02 2.2277e+04
7.1680e-02 2.2163e+04
7.2620e-02 2.2050e+04
7.3590e-02 2.1944e+04
7.4580e-02 2.1847e+04
7.5580e-02 2.1760e+04
7.6610e-02 2.1670e+04
7.7660e-02 2.1584e+04
7.8730e-02 2.1499e+04
7.9820e-02 2.1423e+04
8.0930e-02 2.1351e+04
8.2060e-02 2.1278e+04
8.3210e-02 2.1211e+04
8.4380e-02 2.1171e+04
8.5570e-02 2.1104e+04
8.6780e-02 2.1040e+04
8.8010e-02 2.0983e+04
8.9260e-02 2.0929e+04
9.0530e-02 2.0874e+04
9.1810e-02 2.0818e+04
9.3120e-02 2.0762e+04
9.4430e-02 2.0712e+04
9.5770e-02 2.0658e+04
9.7110e-02 2.0604e+04
9.8470e-02 2.0548e+04
9.9840e-02 2.0489e+04
1.0120e-01 2.0432e+04
1.0260e-01 2.0377e+04
1.0400e-01 2.0311e+04
1.0540e-01 2.0243e+04
1.0680e-01 2.0179e+04
1.0820e-01 2.0102e+04
1.0960e-01 2.0024e+04
1.1100e-01 1.9933e+04
1.1240e-01 1.9842e+04
1.1380e-01 1.9753e+04
1.1520e-01 1.9640e+04
1.1650e-01 1.9540e+04
1.1790e-01 1.9410e+04
1.1920e-01 1.9297e+04
1.2060e-01 1.9156e+04
1.2190e-01 1.9017e+04
1.2320e-01 1.8863e+04
1.2440e-01 1.8717e+04
1.2570e-01 1.8559e+04
1.2690e-01 1.8376e+04
1.2820e-01 1.8186e+04
1.2930e-01 1.8017e+04
1.3050e-01 1.7826e+04
1.3170e-01 1.7617e+04
1.3280e-01 1.7413e+04
1.3390e-01 1.7211e+04
1.3500e-01 1.6988e+04
1.3610e-01 1.6780e+04
1.3720e-01 1.6544e+04
1.3820e-01 1.6323e+04
1.3930e-01 1.6093e+04
1.4030e-01 1.5864e+04
1.4130e-01 1.5629e+04
1.4240e-01 1.5400e+04
1.4340e-01 1.5162e+04
1.4440e-01 1.4926e+04
1.4540e-01 1.4696e+04
1.4640e-01 1.4476e+04
1.4740e-01 1.4245e+04
1.4840e-01 1.4016e+04
1.4950e-01 1.3792e+04
1.5050e-01 1.3573e+04
1.5150e-01 1.3359e+04
1.5260e-01 1.3146e+04
1.5370e-01 1.2938e+04
1.5480e-01 1.2735e+04
1.5590e-01 1.2537e+04
1.5700e-01 1.2344e+04
1.5820e-01 1.2156e+04
1.5940e-01 1.1972e+04
1.6060e-01 1.1795e+04
1.6190e-01 1.1624e+04
1.6320e-01 1.1458e+04
1.6450e-01 1.1300e+04
1.6580e-01 1.1143e+04
1.6720e-01 1.0993e+04
1.6860e-01 1.0850e+04
1.7010e-01 1.0714e+04
1.7160e-01 1.0582e+04
1.7320e-01 1.0457e+04
1.7480e-01 1.0335e+04
1.7640e-01 1.0220e+04
1.7810e-01 1.0109e+04
1.7990e-01 1.0007e+04
1.8160e-01 9.9062e+03
1.8350e-01 9.8100e+03
1.8540e-01 9.7295e+03
1.8740e-01 9.6441e+03
1.8930e-01 9.5647e+03
1.9140e-01 9.4900e+03
1.9350e-01 9.4190e+03
1.9570e-01 9.3525e+03
1.9790e-01 9.2919e+03
2.0020e-01 9.2348e+03
2.0250e-01 9.1824e+03
2.0490e-01 9.1338e+03
2.0740e-01 9.0905e+03
2.0990e-01 9.0473e+03
2.1260e-01 9.0136e+03
2.1530e-01 8.9857e+03
2.1810e-01 8.9634e+03
2.2090e-01 8.9343e+03
2.2390e-01 8.9289e+03
2.2690e-01 8.9185e+03
2.3010e-01 8.9064e+03
2.3330e-01 8.9153e+03
2.3670e-01 8.9236e+03
2.4020e-01 8.9361e+03
2.4390e-01 8.9611e+03
2.4770e-01 8.9910e+03
2.5170e-01 9.0341e+03
2.5580e-01 9.0820e+03
2.6020e-01 9.1408e+03
2.6470e-01 9.2164e+03
2.6960e-01 9.3021e+03
2.7460e-01 9.4048e+03
2.8000e-01 9.5183e+03
2.8560e-01 9.6522e+03
2.9160e-01 9.8052e+03
2.9800e-01 9.9801e+03
3.0480e-01 1.0173e+04
3.1210e-01 1.0397e+04
3.1980e-01 1.0643e+04
3.2800e-01 1.0913e+04
3.3670e-01 1.1220e+04
3.4600e-01 1.1549e+04
3.5590e-01 1.1908e+04
3.6650e-01 1.2309e+04
3.7760e-01 1.2734e+04
3.8940e-01 1.3193e+04
4.0180e-01 1.3683e+04
4.1480e-01 1.4203e+04
4.2850e-01 1.4757e+04
4.4270e-01 1.5336e+04
4.5750e-01 1.5938e+04
4.7280e-01 1.6563e+04
4.8860e-01 1.7207e+04
5.0480e-01 1.7865e+04
5.2140e-01 1.8536e+04
5.3820e-01 1.9215e+04
5.5520e-01 1.9892e+04
5.7240e-01 2.0567e+04
5.8960e-01 2.1234e+04
6.0690e-01 2.1883e+04
6.2370e-01 2.2498e+04
6.4080e-01 2.3115e+04
6.5770e-01 2.3698e+04
6.7430e-01 2.4253e+04
6.9060e-01 2.4779e+04
7.0710e-01 2.5309e+04
7.2280e-01 2.5742e+04
7.3800e-01 2.6144e+04
7.5280e-01 2.6503e+04
7.6720e-01 2.6815e+04
7.8110e-01 2.7078e+04
7.9340e-01 2.7197e+04
8.0650e-01 2.7369e+04
8.1910e-01 2.7499e+04
8.3120e-01 2.7587e+04
8.4280e-01 2.7626e+04
8.5400e-01 2.7629e+04
8.6690e-01 2.7747e+04
8.7620e-01 2.7599e+04
8.8610e-01 2.7468e+04
8.9550e-01 2.7311e+04
9.0450e-01 2.7120e+04
9.1320e-01 2.6906e+04
9.2150e-01 2.6645e+04
9.2940e-01 2.6363e+04
9.3710e-01 2.6066e+04
9.4440e-01 2.5736e+04
9.5140e-01 2.5395e+04
9.5810e-01 2.5024e+04
9.6450e-01 2.4662e+04
9.7070e-01 2.4254e+04
9.7670e-01 2.3861e+04
9.8240e-01 2.3428e+04
9.8790e-01 2.3007e+04
9.9330e-01 2.2585e+04
9.9840e-01 2.2141e+04
1.0030e+00 2.1683e+04
1.0080e+00 2.1253e+04
1.0130e+00 2.0807e+04
1.0180e+00 2.0327e+04
1.0220e+00 1.9897e+04
1.0260e+00 1.9435e+04
1.0310e+00 1.9003e+04
1.0350e+00 1.8550e+04
1.0390e+00 1.8128e+04
1.0440e+00 1.7696e+04
1.0480e+00 1.7260e+04
1.0520e+00 1.6827e+04
1.0560e+00 1.6416e+04
1.0600e+00 1.5985e+04
1.0640e+00 1.5544e+04
1.0690e+00 1.5135e+04
1.0730e+00 1.4755e+04
1.0780e+00 1.4367e+04
1.0830e+00 1.3981e+04
1.0880e+00 1.3610e+04
1.0940e+00 1.3237e+04
1.1000e+00 1.2885e+04
1.1070e+00 1.2532e+04
1.1150e+00 1.2178e+04
1.1230e+00 1.1839e+04
1.1320e+00 1.1496e+04
1.1420e+00 1.1176e+04
1.1540e+00 1.0888e+04
1.1670e+00 1.0556e+04
1.1810e+00 1.0240e+04
1.1930e+00 9.9329e+03
1.2100e+00 9.6208e+03
1.2300e+00 9.3180e+03
1.2530e+00 9.0231e+03
1.2780e+00 8.7299e+03
1.3060e+00 8.4344e+03
1.3370e+00 8.1317e+03
1.3720e+00 7.8499e+03
1.4100e+00 7.5667e+03
1.4520e+00 7.2906e+03
1.4980e+00 7.0126e+03
1.5480e+00 6.7424e+03
1.6020e+00 6.4703e+03
1.6600e+00 6.2058e+03
1.7220e+00 5.9555e+03
1.7880e+00 5.6997e+03
1.8590e+00 5.4483e+03
1.9330e+00 5.1984e+03
2.0120e+00 4.9574e+03
2.0940e+00 4.7221e+03
2.1790e+00 4.4931e+03
2.2690e+00 4.2663e+03
2.3600e+00 4.0510e+03
2.4550e+00 3.8436e+03
2.5520e+00 3.6398e+03
2.6540e+00 3.4478e+03
2.7540e+00 3.2604e+03
2.8570e+00 3.0832e+03
2.9610e+00 2.9112e+03
3.0660e+00 2.7502e+03
3.1720e+00 2.5947e+03
3.2790e+00 2.4459e+03
3.3870e+00 2.3087e+03
3.4960e+00 2.1754e+03
3.6050e+00 2.0498e+03
3.7140e+00 1.9296e+03
3.8240e+00 1.8184e+03
3.9340e+00 1.7125e+03
4.0450e+00 1.6135e+03
4.1560e+00 1.5193e+03
4.2670e+00 1.4316e+03
4.3790e+00 1.3480e+03
4.4910e+00 1.2711e+03
4.6040e+00 1.1971e+03
4.7180e+00 1.1288e+03
4.8330e+00 1.0636e+03
4.9490e+00 1.0021e+03
5.0660e+00 9.4520e+02
5.1840e+00 8.9084e+02
5.3040e+00 8.4021e+02
5.4250e+00 7.9363e+02
5.5470e+00 7.4886e+02
5.6720e+00 7.0704e+02
5.7980e+00 6.6760e+02
5.9270e+00 6.3052e+02
6.0580e+00 5.9489e+02
6.1920e+00 5.6203e+02
6.3280e+00 5.3148e+02
6.4670e+00 5.0246e+02
6.6090e+00 4.7516e+02
6.7540e+00 4.4930e+02
6.9030e+00 4.2521e+02
7.0550e+00 4.0188e+02
7.2100e+00 3.8043e+02
7.3700e+00 3.5993e+02
7.5340e+00 3.4063e+02
7.6990e+00 3.2304e+02
7.8710e+00 3.0585e+02
8.0480e+00 2.8942e+02
8.2300e+00 2.7404e+02
8.4160e+00 2.5948e+02
8.6080e+00 2.4571e+02
8.8060e+00 2.3234e+02
9.0090e+00 2.2000e+02
9.2170e+00 2.0841e+02
9.4300e+00 1.9746e+02
9.6500e+00 1.8700e+02
9.8760e+00 1.7722e+02
1.0110e+01 1.6781e+02
1.0350e+01 1.5901e+02
1.0590e+01 1.5066e+02
1.0850e+01 1.4273e+02
1.1110e+01 1.3536e+02
1.1370e+01 1.2826e+02
1.1650e+01 1.2153e+02
1.1930e+01 1.1517e+02
1.2220e+01 1.0912e+02
1.2530e+01 1.0339e+02
1.2830e+01 9.7995e+01
1.3150e+01 9.2868e+01
1.3480e+01 8.8011e+01
1.3820e+01 8.3316e+01
1.4170e+01 7.8953e+01
1.4530e+01 7.4857e+01
1.4900e+01 7.0946e+01
1.5280e+01 6.7246e+01
1.5670e+01 6.3750e+01
1.6080e+01 6.0436e+01
1.6490e+01 5.7294e+01
1.6930e+01 5.4332e+01
1.7370e+01 5.1511e+01
1.7830e+01 4.8849e+01
1.8300e+01 4.6302e+01
1.8790e+01 4.3946e+01
1.9300e+01 4.1668e+01
1.9820e+01 3.9524e+01
2.0350e+01 3.7465e+01
2.0910e+01 3.5563e+01
2.1490e+01 3.3734e+01
2.2080e+01 3.1988e+01
2.2690e+01 3.0340e+01
2.3330e+01 2.8797e+01
2.3990e+01 2.7324e+01
2.4670e+01 2.5937e+01
2.5370e+01 2.4609e+01
2.6100e+01 2.3356e+01
2.6860e+01 2.2168e+01
2.7640e+01 2.1047e+01
2.8450e+01 1.9975e+01
2.9290e+01 1.8969e+01
3.0160e+01 1.8014e+01
3.1070e+01 1.7104e+01
3.2000e+01 1.6248e+01
3.2980e+01 1.5435e+01
3.3990e+01 1.4662e+01
3.5040e+01 1.3930e+01
3.6130e+01 1.3233e+01
3.7260e+01 1.2581e+01
3.8440e+01 1.1953e+01
3.9670e+01 1.1366e+01
4.0940e+01 1.0799e+01
4.2270e+01 1.0271e+01
4.3650e+01 9.7643e+00
4.5090e+01 9.2878e+00
4.6590e+01 8.8306e+00
4.8160e+01 8.3992e+00
4.9790e+01 7.9883e+00
5.1490e+01 7.6017e+00
5.3270e+01 7.2308e+00
5.5130e+01 6.8785e+00
5.7070e+01 6.5467e+00
5.9110e+01 6.2290e+00
6.1230e+01 5.9274e+00
6.3460e+01 5.6442e+00
6.5790e+01 5.3726e+00
6.8240e+01 5.1125e+00
7.0810e+01 4.8660e+00
7.3500e+01 4.6315e+00
7.6330e+01 4.4098e+00
7.9310e+01 4.1963e+00
