4.9930e-02 6.2526e+07
5.0310e-02 6.1491e+07
5.0710e-02 6.0411e+07
5.1110e-02 5.9382e+07
5.1520e-02 5.8388e+07
5.1940e-02 5.7429e+07
5.2380e-02 5.6488e+07
5.2820e-02 5.5551e+07
5.3280e-02 5.4635e+07
5.3750e-02 5.3788e+07
5.4230e-02 5.2907e+07
5.4720e-02 5.2042e+07
5.5230e-02 5.1230e+07
5.5760e-02 5.0441e+07
5.6300e-02 4.9643e+07
5.6850e-02 4.8882e+07
5.7420e-02 4.8133e+07
5.8000e-02 4.7419e+07
5.8610e-02 4.6708e+07
5.9230e-02 4.6021e+07
5.9860e-02 4.5378e+07
6.0520e-02 4.4712e+07
6.1190e-02 4.4060e+07
6.1880e-02 4.3445e+07
6.2590e-02 4.2860e+07
6.3320e-02 4.2261e+07
6.4060e-02 4.1694e+07
6.4830e-02 4.1150e+07
6.5620e-02 4.0606e+07
6.6420e-02 4.0069e+07
6.7250e-02 3.9558e+07
6.8090e-02 3.9035e+07
6.8960e-02 3.8550e+07
6.9840e-02 3.8074e+07
7.0750e-02 3.7600e+07
7.1680e-02 3.7137e+07
7.2620e-02 3.6685e+07
7.3590e-02 3.6228e+07
7.4580e-02 3.5791e+07
7.5580e-02 3.5376e+07
7.6610e-02 3.4946e+07
7.7660e-02 3.4535e+07
7.8730e-02 3.4119e+07
7.9820e-02 3.3723e+07
8.0930e-02 3.3332e+07
8.2060e-02 3.2945e+07
8.3210e-02 3.2567e+07
8.4380e-02 3.2220e+07
8.5570e-02 3.1850e+07
8.6780e-02 3.1473e+07
8.8010e-02 3.1118e+07
8.9260e-02 3.0766e+07
9.0530e-02 3.0421e+07
9.1810e-02 3.0067e+07
9.3120e-02 2.9729e+07
9.4430e-02 2.9395e+07
9.5770e-02 2.9056e+07
9.7110e-02 2.8730e+07
9.8470e-02 2.8407e+07
9.9840e-02 2.8072e+07
1.0120e-01 2.7756e+07
1.0260e-01 2.7439e+07
1.0400e-01 2.7121e+07
1.0540e-01 2.6803e+07
1.0680e-01 2.6496e+07
1.0820e-01 2.6178e+07
1.0960e-01 2.5866e+07
1.1100e-01 2.5544e+07
1.1240e-01 2.5230e+07
1.1380e-01 2.4923e+07
1.1520e-01 2.4591e+07
1.1650e-01 2.4289e+07
1.1790e-01 2.3951e+07
1.1920e-01 2.3648e+07
1.2060e-01 2.3312e+07
1.2190e-01 2.2989e+07
1.2320e-01 2.2655e+07
1.2440e-01 2.2337e+07
1.2570e-01 2.2010e+07
1.2690e-01 2.1660e+07
1.2820e-01 2.1308e+07
1.2930e-01 2.0990e+07
1.3050e-01 2.0647e+07
1.3170e-01 2.0290e+07
1.3280e-01 1.9950e+07
1.3390e-01 1.9608e+07
1.3500e-01 1.9257e+07
1.3610e-01 1.8917e+07
1.3720e-01 1.8560e+07
1.3820e-01 1.8215e+07
1.3930e-01 1.7871e+07
1.4030e-01 1.7526e+07
1.4130e-01 1.7179e+07
1.4240e-01 1.6841e+07
1.4340e-01 1.6499e+07
1.4440e-01 1.6160e+07
1.4540e-01 1.5829e+07
1.4640e-01 1.5510e+07
1.4740e-01 1.5181e+07
1.4840e-01 1.4858e+07
1.4950e-01 1.4541e+07
1.5050e-01 1.4230e+07
1.5150e-01 1.3929e+07
1.5260e-01 1.3628e+07
1.5370e-01 1.3331e+07
1.5480e-01 1.3042e+07
1.5590e-01 1.2759e+07
1.5700e-01 1.2482e+07
1.5820e-01 1.2213e+07
1.5940e-01 1.1946e+07
1.6060e-01 1.1688e+07
1.6190e-01 1.1437e+07
1.6320e-01 1.1190e+07
1.6450e-01 1.0952e+07
1.6580e-01 1.0718e+07
1.6720e-01 1.0489e+07
1.6860e-01 1.0268e+07
1.7010e-01 1.0052e+07
1.7160e-01 9.8437e+06
1.7320e-01 9.6394e+06
1.7480e-01 9.4423e+06
1.7640e-01 9.2485e+06
1.7810e-01 9.0610e+06
1.7990e-01 8.8805e+06
1.8160e-01 8.7027e+06
1.8350e-01 8.5292e+06
1.8540e-01 8.3678e+06
1.8740e-01 8.2046e+06
1.8930e-01 8.0450e+06
1.9140e-01 7.8924e+06
1.9350e-01 7.7417e+06
1.9570e-01 7.5949e+06
1.9790e-01 7.4534e+06
2.0020e-01 7.3143e+06
2.0250e-01 7.1797e+06
2.0490e-01 7.0479e+06
2.0740e-01 6.9191e+06
2.0990e-01 6.7935e+06
2.1260e-01 6.6714e+06
2.1530e-01 6.5527e+06
2.1810e-01 6.4364e+06
2.2090e-01 6.3206e+06
2.2390e-01 6.2145e+06
2.2690e-01 6.1041e+06
2.3010e-01 5.9980e+06
2.3330e-01 5.8961e+06
2.3670e-01 5.7978e+06
2.4020e-01 5.6983e+06
2.4390e-01 5.6033e+06
2.4770e-01 5.5119e+06
2.5170e-01 5.4218e+06
2.5580e-01 5.3318e+06
2.6020e-01 5.2465e+06
2.6470e-01 5.1651e+06
2.6960e-01 5.0848e+06
2.7460e-01 5.0068e+06
2.8000e-01 4.9312e+06
2.8560e-01 4.8575e+06
2.9160e-01 4.7879e+06
2.9800e-01 4.7223e+06
3.0480e-01 4.6564e+06
3.1210e-01 4.5967e+06
3.1980e-01 4.5376e+06
3.2800e-01 4.4825e+06
3.3670e-01 4.4308e+06
3.4600e-01 4.3810e+06
3.5590e-01 4.3353e+06
3.6650e-01 4.2923e+06
3.7760e-01 4.2532e+06
3.8940e-01 4.2164e+06
4.0180e-01 4.1835e+06
4.1480e-01 4.1532e+06
4.2850e-01 4.1271e+06
4.4270e-01 4.1028e+06
4.5750e-01 4.0807e+06
4.7280e-01 4.0618e+06
4.8860e-01 4.0437e+06
5.0480e-01 4.0283e+06
5.2140e-01 4.0146e+06
5.3820e-01 4.0021e+06
5.5520e-01 3.9879e+06
5.7240e-01 3.9785e+06
5.8960e-01 3.9650e+06
6.0690e-01 3.9556e+06
6.2370e-01 3.9415e+06
6.4080e-01 3.9288e+06
6.5770e-01 3.9146e+06
6.7430e-01 3.9000e+06
6.9060e-01 3.8859e+06
7.0710e-01 3.8730e+06
7.2280e-01 3.8509e+06
7.3800e-01 3.8287e+06
7.5280e-01 3.8052e+06
7.6720e-01 3.7767e+06
7.8110e-01 3.7498e+06
7.9340e-01 3.7113e+06
8.0650e-01 3.6778e+06
8.1910e-01 3.6400e+06
8.3120e-01 3.6046e+06
8.4280e-01 3.5636e+06
8.5400e-01 3.5250e+06
8.6690e-01 3.4935e+06
8.7620e-01 3.4454e+06
8.8610e-01 3.3983e+06
8.9550e-01 3.3487e+06
9.0450e-01 3.2978e+06
9.1320e-01 3.2500e+06
9.2150e-01 3.1966e+06
9.2940e-01 3.1404e+06
9.3710e-01 3.0876e+06
9.4440e-01 3.0330e+06
9.5140e-01 2.9768e+06
9.5810e-01 2.9213e+06
9.6450e-01 2.8653e+06
9.7070e-01 2.8087e+06
9.7670e-01 2.7515e+06
9.8240e-01 2.6930e+06
9.8790e-01 2.6388e+06
9.9330e-01 2.5821e+06
9.9840e-01 2.5257e+06
1.0030e+00 2.4684e+06
1.0080e+00 2.4143e+06
1.0130e+00 2.3608e+06
1.0180e+00 2.3039e+06
1.0220e+00 2.2524e+06
1.0260e+00 2.1978e+06
1.0310e+00 2.1467e+06
1.0350e+00 2.0951e+06
1.0390e+00 2.0452e+06
1.0440e+00 1.9944e+06
1.0480e+00 1.9466e+06
1.0520e+00 1.8976e+06
1.0560e+00 1.8510e+06
1.0600e+00 1.8055e+06
1.0640e+00 1.7571e+06
1.0690e+00 1.7124e+06
1.0730e+00 1.6692e+06
1.0780e+00 1.6279e+06
1.0830e+00 1.5871e+06
1.0880e+00 1.5476e+06
1.0940e+00 1.5078e+06
1.1000e+00 1.4715e+06
1.1070e+00 1.4349e+06
1.1150e+00 1.3993e+06
1.1230e+00 1.3640e+06
1.1320e+00 1.3304e+06
1.1420e+00 1.2980e+06
1.1540e+00 1.2701e+06
1.1670e+00 1.2392e+06
1.1810e+00 1.2107e+06
1.1930e+00 1.1829e+06
1.2100e+00 1.1551e+06
1.2300e+00 1.1298e+06
1.2530e+00 1.1050e+06
1.2780e+00 1.0817e+06
1.3060e+00 1.0588e+06
1.3370e+00 1.0360e+06
1.3720e+00 1.0162e+06
1.4100e+00 9.9730e+05
1.4520e+00 9.7917e+05
1.4980e+00 9.6159e+05
1.5480e+00 9.4556e+05
1.6020e+00 9.2986e+05
1.6600e+00 9.1567e+05
1.7220e+00 9.0288e+05
1.7880e+00 8.9045e+05
1.8590e+00 8.7808e+05
1.9330e+00 8.6598e+05
2.0120e+00 8.5504e+05
2.0940e+00 8.4480e+05
2.1790e+00 8.3467e+05
2.2690e+00 8.2444e+05
2.3600e+00 8.1548e+05
2.4550e+00 8.0656e+05
2.5520e+00 7.9694e+05
2.6540e+00 7.8850e+05
2.7540e+00 7.8002e+05
2.8570e+00 7.7165e+05
2.9610e+00 7.6310e+05
3.0660e+00 7.5520e+05
3.1720e+00 7.4670e+05
3.2790e+00 7.3799e+05
3.3870e+00 7.3043e+05
3.4960e+00 7.2218e+05
3.6050e+00 7.1368e+05
3.7140e+00 7.0480e+05
3.8240e+00 6.9667e+05
3.9340e+00 6.8820e+05
4.0450e+00 6.7961e+05
4.1560e+00 6.7111e+05
4.2670e+00 6.6293e+05
4.3790e+00 6.5416e+05
4.4910e+00 6.4580e+05
4.6040e+00 6.3683e+05
4.7180e+00 6.2876e+05
4.8330e+00 6.2013e+05
4.9490e+00 6.1151e+05
5.0660e+00 6.0328e+05
5.1840e+00 5.9448e+05
5.3040e+00 5.8638e+05
5.4250e+00 5.7862e+05
5.5470e+00 5.7019e+05
5.6720e+00 5.6245e+05
5.7980e+00 5.5435e+05
5.9270e+00 5.4644e+05
6.0580e+00 5.3799e+05
6.1920e+00 5.3027e+05
6.3280e+00 5.2302e+05
6.4670e+00 5.1555e+05
6.6090e+00 5.0814e+05
6.7540e+00 5.0081e+05
6.9030e+00 4.9397e+05
7.0550e+00 4.8636e+05
7.2100e+00 4.7978e+05
7.3700e+00 4.7279e+05
7.5340e+00 4.6615e+05
7.6990e+00 4.5967e+05
7.8710e+00 4.5318e+05
8.0480e+00 4.4670e+05
8.2300e+00 4.4047e+05
8.4160e+00 4.3433e+05
8.6080e+00 4.2841e+05
8.8060e+00 4.2241e+05
9.0090e+00 4.1657e+05
9.2170e+00 4.1094e+05
9.4300e+00 4.0534e+05
9.6500e+00 3.9986e+05
9.8760e+00 3.9462e+05
1.0110e+01 3.8932e+05
1.0350e+01 3.8422e+05
1.0590e+01 3.7929e+05
1.0850e+01 3.7440e+05
1.1110e+01 3.6958e+05
1.1370e+01 3.6485e+05
1.1650e+01 3.6022e+05
1.1930e+01 3.5569e+05
1.2220e+01 3.5128e+05
1.2530e+01 3.4689e+05
1.2830e+01 3.4274e+05
1.3150e+01 3.3856e+05
1.3480e+01 3.3454e+05
1.3820e+01 3.3064e+05
1.4170e+01 3.2659e+05
1.4530e+01 3.2291e+05
1.4900e+01 3.1918e+05
1.5280e+01 3.1555e+05
1.5670e+01 3.1202e+05
1.6080e+01 3.0853e+05
1.6490e+01 3.0516e+05
1.6930e+01 3.0188e+05
1.7370e+01 2.9862e+05
1.7830e+01 2.9553e+05
1.8300e+01 2.9230e+05
1.8790e+01 2.8942e+05
1.9300e+01 2.8640e+05
1.9820e+01 2.8359e+05
2.0350e+01 2.8063e+05
2.0910e+01 2.7800e+05
2.1490e+01 2.7533e+05
2.2080e+01 2.7259e+05
2.2690e+01 2.6992e+05
2.3330e+01 2.6752e+05
2.3990e+01 2.6501e+05
2.4670e+01 2.6272e+05
2.5370e+01 2.6033e+05
2.6100e+01 2.5805e+05
2.6860e+01 2.5570e+05
2.7640e+01 2.5357e+05
2.8450e+01 2.5125e+05
2.9290e+01 2.4914e+05
3.0160e+01 2.4705e+05
3.1070e+01 2.4487e+05
3.2000e+01 2.4285e+05
3.2980e+01 2.4080e+05
3.3990e+01 2.3876e+05
3.5040e+01 2.3666e+05
3.6130e+01 2.3468e+05
3.7260e+01 2.3272e+05
3.8440e+01 2.3073e+05
3.9670e+01 2.2872e+05
4.0940e+01 2.2666e+05
4.2270e+01 2.2474e+05
4.3650e+01 2.2266e+05
4.5090e+01 2.2071e+05
4.6590e+01 2.1858e+05
4.8160e+01 2.1653e+05
4.9790e+01 2.1441e+05
5.1490e+01 2.1231e+05
5.3270e+01 2.1016e+05
5.5130e+01 2.0792e+05
5.7070e+01 2.0571e+05
5.9110e+01 2.0347e+05
6.1230e+01 2.0110e+05
6.3460e+01 1.9877e+05
6.5790e+01 1.9632e+05
6.8240e+01 1.9384e+05
7.0810e+01 1.9136e+05
7.3500e+01 1.8873e+05
7.6330e+01 1.8613e+05
7.9310e+01 1.8342e+05
