4.9930e-02 1.0891e+01
5.0310e-02 1.0714e+01
5.0710e-02 1.0529e+01
5.1110e-02 1.0352e+01
5.1520e-02 1.0181e+01
5.1940e-02 1.0018e+01
5.2380e-02 9.8583e+00
5.2820e-02 9.6972e+00
5.3280e-02 9.5410e+00
5.3750e-02 9.3970e+00
5.4230e-02 9.2493e+00
5.4720e-02 9.1032e+00
5.5230e-02 8.9653e+00
5.5760e-02 8.8324e+00
5.6300e-02 8.6990e+00
5.6850e-02 8.5721e+00
5.7420e-02 8.4482e+00
5.8000e-02 8.3293e+00
5.8610e-02 8.2130e+00
5.9230e-02 8.1018e+00
5.9860e-02 7.9981e+00
6.0520e-02 7.8911e+00
6.1190e-02 7.7865e+00
6.1880e-02 7.6899e+00
6.2590e-02 7.5975e+00
6.3320e-02 7.5053e+00
6.4060e-02 7.4174e+00
6.4830e-02 7.3350e+00
6.5620e-02 7.2522e+00
6.6420e-02 7.1720e+00
6.7250e-02 7.0969e+00
6.8090e-02 7.0200e+00
6.8960e-02 6.9494e+00
6.9840e-02 6.8817e+00
7.0750e-02 6.8152e+00
7.1680e-02 6.7493e+00
7.2620e-02 6.6873e+00
7.3590e-02 6.6252e+00
7.4580e-02 6.5660e+00
7.5580e-02 6.5103e+00
7.6610e-02 6.4540e+00
7.7660e-02 6.3990e+00
7.8730e-02 6.3451e+00
7.9820e-02 6.2941e+00
8.0930e-02 6.2439e+00
8.2060e-02 6.1939e+00
8.3210e-02 6.1459e+00
8.4380e-02 6.1598e+00
8.5570e-02 6.1113e+00
8.6780e-02 6.0614e+00
8.8010e-02 6.0155e+00
8.9260e-02 5.9687e+00
9.0530e-02 5.9225e+00
9.1810e-02 5.8739e+00
9.3120e-02 5.8264e+00
9.4430e-02 5.7813e+00
9.5770e-02 5.7300e+00
9.7110e-02 5.6796e+00
9.8470e-02 5.6303e+00
9.9840e-02 5.5781e+00
1.0120e-01 5.5282e+00
1.0260e-01 5.4733e+00
1.0400e-01 5.4171e+00
1.0540e-01 5.3566e+00
1.0680e-01 5.3022e+00
1.0820e-01 5.2366e+00
1.0960e-01 5.1769e+00
1.1100e-01 5.1061e+00
1.1240e-01 5.0416e+00
1.1380e-01 4.9704e+00
1.1520e-01 4.8948e+00
1.1650e-01 4.8254e+00
1.1790e-01 4.7461e+00
1.1920e-01 4.6698e+00
1.2060e-01 4.5886e+00
1.2190e-01 4.5104e+00
1.2320e-01 4.4278e+00
1.2440e-01 4.3449e+00
1.2570e-01 4.2657e+00
1.2690e-01 4.1798e+00
1.2820e-01 4.0942e+00
1.2930e-01 4.0157e+00
1.3050e-01 3.9347e+00
1.3170e-01 3.8550e+00
1.3280e-01 3.7757e+00
1.3390e-01 3.7042e+00
1.3500e-01 3.6308e+00
1.3610e-01 3.5609e+00
1.3720e-01 3.4934e+00
1.3820e-01 3.4322e+00
1.3930e-01 3.3734e+00
1.4030e-01 3.3201e+00
1.4130e-01 3.2719e+00
1.4240e-01 3.2273e+00
1.4340e-01 3.1886e+00
1.4440e-01 3.1542e+00
1.4540e-01 3.1279e+00
1.4640e-01 3.1092e+00
1.4740e-01 3.0957e+00
1.4840e-01 3.0854e+00
1.4950e-01 3.0849e+00
1.5050e-01 3.0909e+00
1.5150e-01 3.1058e+00
1.5260e-01 3.1272e+00
1.5370e-01 3.1554e+00
1.5480e-01 3.1922e+00
1.5590e-01 3.2382e+00
1.5700e-01 3.2929e+00
1.5820e-01 3.3554e+00
1.5940e-01 3.4282e+00
1.6060e-01 3.5114e+00
1.6190e-01 3.6031e+00
1.6320e-01 3.7081e+00
1.6450e-01 3.8216e+00
1.6580e-01 3.9469e+00
1.6720e-01 4.0852e+00
1.6860e-01 4.2353e+00
1.7010e-01 4.3973e+00
1.7160e-01 4.5746e+00
1.7320e-01 4.7653e+00
1.7480e-01 4.9695e+00
1.7640e-01 5.1898e+00
1.7810e-01 5.4251e+00
1.7990e-01 5.6782e+00
1.8160e-01 5.9469e+00
1.8350e-01 6.2321e+00
1.8540e-01 6.5477e+00
1.8740e-01 6.8724e+00
1.8930e-01 7.2157e+00
1.9140e-01 7.5802e+00
1.9350e-01 7.9645e+00
1.9570e-01 8.3696e+00
1.9790e-01 8.7990e+00
2.0020e-01 9.2495e+00
2.0250e-01 9.7271e+00
2.0490e-01 1.0219e+01
2.0740e-01 1.0748e+01
2.0990e-01 1.1300e+01
2.1260e-01 1.1876e+01
2.1530e-01 1.2480e+01
2.1810e-01 1.3117e+01
2.2090e-01 1.3771e+01
2.2390e-01 1.4461e+01
2.2690e-01 1.5185e+01
2.3010e-01 1.5941e+01
2.3330e-01 1.6741e+01
2.3670e-01 1.7579e+01
2.4020e-01 1.8446e+01
2.4390e-01 1.9364e+01
2.4770e-01 2.0328e+01
2.5170e-01 2.1332e+01
2.5580e-01 2.2387e+01
2.6020e-01 2.3500e+01
2.6470e-01 2.4679e+01
2.6960e-01 2.5917e+01
2.7460e-01 2.7220e+01
2.8000e-01 2.8602e+01
2.8560e-01 3.0059e+01
2.9160e-01 3.1609e+01
2.9800e-01 3.3265e+01
3.0480e-01 3.4998e+01
3.1210e-01 3.6868e+01
3.1980e-01 3.8831e+01
3.2800e-01 4.0925e+01
3.3670e-01 4.3151e+01
3.4600e-01 4.5500e+01
3.5590e-01 4.7993e+01
3.6650e-01 5.0636e+01
3.7760e-01 5.3451e+01
3.8940e-01 5.6365e+01
4.0180e-01 5.9436e+01
4.1480e-01 6.2654e+01
4.2850e-01 6.6001e+01
4.4270e-01 6.9476e+01
4.5750e-01 7.3092e+01
4.7280e-01 7.6783e+01
4.8860e-01 8.0599e+01
5.0480e-01 8.4445e+01
5.2140e-01 8.8385e+01
5.3820e-01 9.2389e+01
5.5520e-01 9.6371e+01
5.7240e-01 1.0035e+02
5.8960e-01 1.0432e+02
6.0690e-01 1.0820e+02
6.2370e-01 1.1190e+02
6.4080e-01 1.1567e+02
6.5770e-01 1.1927e+02
6.7430e-01 1.2275e+02
6.9060e-01 1.2612e+02
7.0710e-01 1.2952e+02
7.2280e-01 1.3245e+02
7.3800e-01 1.3521e+02
7.5280e-01 1.3778e+02
7.6720e-01 1.4011e+02
7.8110e-01 1.4222e+02
7.9340e-01 1.4356e+02
8.0650e-01 1.4522e+02
8.1910e-01 1.4668e+02
8.3120e-01 1.4790e+02
8.4280e-01 1.4889e+02
8.5400e-01 1.4963e+02
8.6690e-01 1.5109e+02
8.7620e-01 1.5104e+02
8.8610e-01 1.5108e+02
8.9550e-01 1.5105e+02
9.0450e-01 1.5076e+02
9.1320e-01 1.5038e+02
9.2150e-01 1.4972e+02
9.2940e-01 1.4894e+02
9.3710e-01 1.4806e+02
9.4440e-01 1.4701e+02
9.5140e-01 1.4586e+02
9.5810e-01 1.4453e+02
9.6450e-01 1.4319e+02
9.7070e-01 1.4174e+02
9.7670e-01 1.4017e+02
9.8240e-01 1.3843e+02
9.8790e-01 1.3683e+02
9.9330e-01 1.3505e+02
9.9840e-01 1.3319e+02
1.0030e+00 1.3133e+02
1.0080e+00 1.2947e+02
1.0130e+00 1.2758e+02
1.0180e+00 1.2555e+02
1.0220e+00 1.2366e+02
1.0260e+00 1.2166e+02
1.0310e+00 1.1980e+02
1.0350e+00 1.1776e+02
1.0390e+00 1.1589e+02
1.0440e+00 1.1394e+02
1.0480e+00 1.1201e+02
1.0520e+00 1.1007e+02
1.0560e+00 1.0822e+02
1.0600e+00 1.0632e+02
1.0640e+00 1.0422e+02
1.0690e+00 1.0240e+02
1.0730e+00 1.0064e+02
1.0780e+00 9.8884e+01
1.0830e+00 9.7194e+01
1.0880e+00 9.5492e+01
1.0940e+00 9.3821e+01
1.1000e+00 9.2270e+01
1.1070e+00 9.0668e+01
1.1150e+00 8.9105e+01
1.1230e+00 8.7521e+01
1.1320e+00 8.6030e+01
1.1420e+00 8.4581e+01
1.1540e+00 8.3386e+01
1.1670e+00 8.1896e+01
1.1810e+00 8.0472e+01
1.1930e+00 7.9107e+01
1.2100e+00 7.7660e+01
1.2300e+00 7.6296e+01
1.2530e+00 7.4923e+01
1.2780e+00 7.3563e+01
1.3060e+00 7.2195e+01
1.3370e+00 7.0735e+01
1.3720e+00 6.9400e+01
1.4100e+00 6.8041e+01
1.4520e+00 6.6695e+01
1.4980e+00 6.5311e+01
1.5480e+00 6.3957e+01
1.6020e+00 6.2549e+01
1.6600e+00 6.1173e+01
1.7220e+00 5.9864e+01
1.7880e+00 5.8481e+01
1.8590e+00 5.7091e+01
1.9330e+00 5.5670e+01
2.0120e+00 5.4280e+01
2.0940e+00 5.2895e+01
2.1790e+00 5.1518e+01
2.2690e+00 5.0114e+01
2.3600e+00 4.8764e+01
2.4550e+00 4.7423e+01
2.5520e+00 4.6066e+01
2.6540e+00 4.4775e+01
2.7540e+00 4.3463e+01
2.8570e+00 4.2215e+01
2.9610e+00 4.0949e+01
3.0660e+00 3.9753e+01
3.1720e+00 3.8558e+01
3.2790e+00 3.7379e+01
3.3870e+00 3.6290e+01
3.4960e+00 3.5178e+01
3.6050e+00 3.4104e+01
3.7140e+00 3.3041e+01
3.8240e+00 3.2048e+01
3.9340e+00 3.1064e+01
4.0450e+00 3.0124e+01
4.1560e+00 2.9198e+01
4.2670e+00 2.8317e+01
4.3790e+00 2.7447e+01
4.4910e+00 2.6624e+01
4.6040e+00 2.5795e+01
4.7180e+00 2.5025e+01
4.8330e+00 2.4257e+01
4.9490e+00 2.3507e+01
5.0660e+00 2.2795e+01
5.1840e+00 2.2088e+01
5.3040e+00 2.1415e+01
5.4250e+00 2.0781e+01
5.5470e+00 2.0137e+01
5.6720e+00 1.9524e+01
5.7980e+00 1.8921e+01
5.9270e+00 1.8340e+01
6.0580e+00 1.7748e+01
6.1920e+00 1.7198e+01
6.3280e+00 1.6666e+01
6.4670e+00 1.6144e+01
6.6090e+00 1.5637e+01
6.7540e+00 1.5140e+01
6.9030e+00 1.4660e+01
7.0550e+00 1.4175e+01
7.2100e+00 1.3723e+01
7.3700e+00 1.3273e+01
7.5340e+00 1.2839e+01
7.6990e+00 1.2420e+01
7.8710e+00 1.2005e+01
8.0480e+00 1.1597e+01
8.2300e+00 1.1204e+01
8.4160e+00 1.0818e+01
8.6080e+00 1.0445e+01
8.8060e+00 1.0074e+01
9.0090e+00 9.7179e+00
9.2170e+00 9.3705e+00
9.4300e+00 9.0356e+00
9.6500e+00 8.7079e+00
9.8760e+00 8.3880e+00
1.0110e+01 8.0789e+00
1.0350e+01 7.7770e+00
1.0590e+01 7.4828e+00
1.0850e+01 7.1980e+00
1.1110e+01 6.9212e+00
1.1370e+01 6.6530e+00
1.1650e+01 6.3909e+00
1.1930e+01 6.1369e+00
1.2220e+01 5.8905e+00
1.2530e+01 5.6518e+00
1.2830e+01 5.4221e+00
1.3150e+01 5.1979e+00
1.3480e+01 4.9812e+00
1.3820e+01 4.7701e+00
1.4170e+01 4.5662e+00
1.4530e+01 4.3708e+00
1.4900e+01 4.1808e+00
1.5280e+01 3.9978e+00
1.5670e+01 3.8219e+00
1.6080e+01 3.6508e+00
1.6490e+01 3.4864e+00
1.6930e+01 3.3274e+00
1.7370e+01 3.1756e+00
1.7830e+01 3.0286e+00
1.8300e+01 2.8859e+00
1.8790e+01 2.7521e+00
1.9300e+01 2.6206e+00
1.9820e+01 2.4956e+00
2.0350e+01 2.3735e+00
2.0910e+01 2.2583e+00
2.1490e+01 2.1476e+00
2.2080e+01 2.0403e+00
2.2690e+01 1.9380e+00
2.3330e+01 1.8407e+00
2.3990e+01 1.7474e+00
2.4670e+01 1.6585e+00
2.5370e+01 1.5728e+00
2.6100e+01 1.4912e+00
2.6860e+01 1.4127e+00
2.7640e+01 1.3387e+00
2.8450e+01 1.2670e+00
2.9290e+01 1.1991e+00
3.0160e+01 1.1346e+00
3.1070e+01 1.0723e+00
3.2000e+01 1.0140e+00
3.2980e+01 9.5835e-01
3.3990e+01 9.0466e-01
3.5040e+01 8.5411e-01
3.6130e+01 8.0609e-01
3.7260e+01 7.6035e-01
3.8440e+01 7.1699e-01
3.9670e+01 6.7562e-01
4.0940e+01 6.3641e-01
4.2270e+01 5.9944e-01
4.3650e+01 5.6427e-01
4.5090e+01 5.3105e-01
4.6590e+01 4.9912e-01
4.8160e+01 4.6928e-01
4.9790e+01 4.4078e-01
5.1490e+01 4.1382e-01
5.3270e+01 3.8863e-01
5.5130e+01 3.6456e-01
5.7070e+01 3.4193e-01
5.9110e+01 3.2048e-01
6.1230e+01 3.0022e-01
6.3460e+01 2.8113e-01
6.5790e+01 2.6309e-01
6.8240e+01 2.4603e-01
7.0810e+01 2.3002e-01
7.3500e+01 2.1483e-01
7.6330e+01 2.0062e-01
7.9310e+01 1.8717e-01
