4.9930e-02 4.4196e+07
5.0310e-02 4.3225e+07
5.0710e-02 4.2248e+07
5.1110e-02 4.1291e+07
5.1520e-02 4.0383e+07
5.1940e-02 3.9493e+07
5.2380e-02 3.8640e+07
5.2820e-02 3.7774e+07
5.3280e-02 3.6932e+07
5.3750e-02 3.6150e+07
5.4230e-02 3.5349e+07
5.4720e-02 3.4559e+07
5.5230e-02 3.3805e+07
5.5760e-02 3.3075e+07
5.6300e-02 3.2347e+07
5.6850e-02 3.1644e+07
5.7420e-02 3.0956e+07
5.8000e-02 3.0293e+07
5.8610e-02 2.9627e+07
5.9230e-02 2.8998e+07
5.9860e-02 2.8396e+07
6.0520e-02 2.7777e+07
6.1190e-02 2.7179e+07
6.1880e-02 2.6601e+07
6.2590e-02 2.6043e+07
6.3320e-02 2.5495e+07
6.4060e-02 2.4957e+07
6.4830e-02 2.4440e+07
6.5620e-02 2.3925e+07
6.6420e-02 2.3422e+07
6.7250e-02 2.2932e+07
6.8090e-02 2.2446e+07
6.8960e-02 2.1984e+07
6.9840e-02 2.1526e+07
7.0750e-02 2.1075e+07
7.1680e-02 2.0642e+07
7.2620e-02 2.0213e+07
7.3590e-02 1.9788e+07
7.4580e-02 1.9376e+07
7.5580e-02 1.8978e+07
7.6610e-02 1.8576e+07
7.7660e-02 1.8189e+07
7.8730e-02 1.7802e+07
7.9820e-02 1.7436e+07
8.0930e-02 1.7071e+07
8.2060e-02 1.6711e+07
8.3210e-02 1.6361e+07
8.4380e-02 1.6033e+07
8.5570e-02 1.5689e+07
8.6780e-02 1.5354e+07
8.8010e-02 1.5029e+07
8.9260e-02 1.4708e+07
9.0530e-02 1.4402e+07
9.1810e-02 1.4091e+07
9.3120e-02 1.3790e+07
9.4430e-02 1.3494e+07
9.5770e-02 1.3203e+07
9.7110e-02 1.2920e+07
9.8470e-02 1.2641e+07
9.9840e-02 1.2367e+07
1.0120e-01 1.2098e+07
1.0260e-01 1.1836e+07
1.0400e-01 1.1576e+07
1.0540e-01 1.1322e+07
1.0680e-01 1.1081e+07
1.0820e-01 1.0836e+07
1.0960e-01 1.0597e+07
1.1100e-01 1.0359e+07
1.1240e-01 1.0128e+07
1.1380e-01 9.9054e+06
1.1520e-01 9.6768e+06
1.1650e-01 9.4636e+06
1.1790e-01 9.2461e+06
1.1920e-01 9.0408e+06
1.2060e-01 8.8282e+06
1.2190e-01 8.6276e+06
1.2320e-01 8.4240e+06
1.2440e-01 8.2327e+06
1.2570e-01 8.0427e+06
1.2690e-01 7.8484e+06
1.2820e-01 7.6563e+06
1.2930e-01 7.4786e+06
1.3050e-01 7.2977e+06
1.3170e-01 7.1141e+06
1.3280e-01 6.9422e+06
1.3390e-01 6.7740e+06
1.3500e-01 6.6009e+06
1.3610e-01 6.4389e+06
1.3720e-01 6.2721e+06
1.3820e-01 6.1133e+06
1.3930e-01 5.9560e+06
1.4030e-01 5.8012e+06
1.4130e-01 5.6484e+06
1.4240e-01 5.5008e+06
1.4340e-01 5.3557e+06
1.4440e-01 5.2108e+06
1.4540e-01 5.0737e+06
1.4640e-01 4.9392e+06
1.4740e-01 4.8031e+06
1.4840e-01 4.6728e+06
1.4950e-01 4.5437e+06
1.5050e-01 4.4200e+06
1.5150e-01 4.2980e+06
1.5260e-01 4.1778e+06
1.5370e-01 4.0627e+06
1.5480e-01 3.9490e+06
1.5590e-01 3.8379e+06
1.5700e-01 3.7300e+06
1.5820e-01 3.6248e+06
1.5940e-01 3.5223e+06
1.6060e-01 3.4232e+06
1.6190e-01 3.3249e+06
1.6320e-01 3.2315e+06
1.6450e-01 3.1390e+06
1.6580e-01 3.0504e+06
1.6720e-01 2.9631e+06
1.6860e-01 2.8785e+06
1.7010e-01 2.7964e+06
1.7160e-01 2.7171e+06
1.7320e-01 2.6387e+06
1.7480e-01 2.5640e+06
1.7640e-01 2.4902e+06
1.7810e-01 2.4201e+06
1.7990e-01 2.3513e+06
1.8160e-01 2.2842e+06
1.8350e-01 2.2189e+06
1.8540e-01 2.1559e+06
1.8740e-01 2.0949e+06
1.8930e-01 2.0347e+06
1.9140e-01 1.9777e+06
1.9350e-01 1.9212e+06
1.9570e-01 1.8674e+06
1.9790e-01 1.8145e+06
2.0020e-01 1.7630e+06
2.0250e-01 1.7132e+06
2.0490e-01 1.6649e+06
2.0740e-01 1.6181e+06
2.0990e-01 1.5726e+06
2.1260e-01 1.5286e+06
2.1530e-01 1.4860e+06
2.1810e-01 1.4446e+06
2.2090e-01 1.4038e+06
2.2390e-01 1.3659e+06
2.2690e-01 1.3277e+06
2.3010e-01 1.2909e+06
2.3330e-01 1.2562e+06
2.3670e-01 1.2222e+06
2.4020e-01 1.1891e+06
2.4390e-01 1.1574e+06
2.4770e-01 1.1263e+06
2.5170e-01 1.0971e+06
2.5580e-01 1.0678e+06
2.6020e-01 1.0404e+06
2.6470e-01 1.0149e+06
2.6960e-01 9.8983e+05
2.7460e-01 9.6550e+05
2.8000e-01 9.4250e+05
2.8560e-01 9.2067e+05
2.9160e-01 9.0049e+05
2.9800e-01 8.8170e+05
3.0480e-01 8.6353e+05
3.1210e-01 8.4718e+05
3.1980e-01 8.3198e+05
3.2800e-01 8.1810e+05
3.3670e-01 8.0537e+05
3.4600e-01 7.9441e+05
3.5590e-01 7.8503e+05
3.6650e-01 7.7705e+05
3.7760e-01 7.7057e+05
3.8940e-01 7.6528e+05
4.0180e-01 7.6134e+05
4.1480e-01 7.5906e+05
4.2850e-01 7.5824e+05
4.4270e-01 7.5879e+05
4.5750e-01 7.6038e+05
4.7280e-01 7.6319e+05
4.8860e-01 7.6725e+05
5.0480e-01 7.7239e+05
5.2140e-01 7.7800e+05
5.3820e-01 7.8495e+05
5.5520e-01 7.9201e+05
5.7240e-01 7.9964e+05
5.8960e-01 8.0784e+05
6.0690e-01 8.1585e+05
6.2370e-01 8.2385e+05
6.4080e-01 8.3232e+05
6.5770e-01 8.4024e+05
6.7430e-01 8.4784e+05
6.9060e-01 8.5533e+05
7.0710e-01 8.6325e+05
7.2280e-01 8.6897e+05
7.3800e-01 8.7442e+05
7.5280e-01 8.7934e+05
7.6720e-01 8.8297e+05
7.8110e-01 8.8592e+05
7.9340e-01 8.8531e+05
8.0650e-01 8.8634e+05
8.1910e-01 8.8654e+05
8.3120e-01 8.8593e+05
8.4280e-01 8.8390e+05
8.5400e-01 8.8142e+05
8.6690e-01 8.8252e+05
8.7620e-01 8.7642e+05
8.8610e-01 8.7069e+05
8.9550e-01 8.6454e+05
9.0450e-01 8.5756e+05
9.1320e-01 8.5012e+05
9.2150e-01 8.4147e+05
9.2940e-01 8.3263e+05
9.3710e-01 8.2317e+05
9.4440e-01 8.1282e+05
9.5140e-01 8.0254e+05
9.5810e-01 7.9110e+05
9.6450e-01 7.8003e+05
9.7070e-01 7.6859e+05
9.7670e-01 7.5638e+05
9.8240e-01 7.4362e+05
9.8790e-01 7.3169e+05
9.9330e-01 7.1893e+05
9.9840e-01 7.0592e+05
1.0030e+00 6.9309e+05
1.0080e+00 6.8023e+05
1.0130e+00 6.6743e+05
1.0180e+00 6.5390e+05
1.0220e+00 6.4145e+05
1.0260e+00 6.2834e+05
1.0310e+00 6.1593e+05
1.0350e+00 6.0293e+05
1.0390e+00 5.9065e+05
1.0440e+00 5.7802e+05
1.0480e+00 5.6601e+05
1.0520e+00 5.5401e+05
1.0560e+00 5.4212e+05
1.0600e+00 5.3017e+05
1.0640e+00 5.1714e+05
1.0690e+00 5.0598e+05
1.0730e+00 4.9517e+05
1.0780e+00 4.8485e+05
1.0830e+00 4.7428e+05
1.0880e+00 4.6350e+05
1.0940e+00 4.5420e+05
1.1000e+00 4.4439e+05
1.1070e+00 4.3558e+05
1.1150e+00 4.2777e+05
1.1230e+00 4.1493e+05
1.1320e+00 4.1020e+05
1.1420e+00 3.9932e+05
1.1540e+00 3.9562e+05
1.1670e+00 3.8920e+05
1.1810e+00 3.8207e+05
1.1930e+00 3.7605e+05
1.2100e+00 3.7003e+05
1.2300e+00 3.6478e+05
1.2530e+00 3.5986e+05
1.2780e+00 3.5543e+05
1.3060e+00 3.5140e+05
1.3370e+00 3.4748e+05
1.3720e+00 3.4448e+05
1.4100e+00 3.4184e+05
1.4520e+00 3.3974e+05
1.4980e+00 3.3781e+05
1.5480e+00 3.3647e+05
1.6020e+00 3.3527e+05
1.6600e+00 3.3456e+05
1.7220e+00 3.3447e+05
1.7880e+00 3.3434e+05
1.8590e+00 3.3446e+05
1.9330e+00 3.3452e+05
2.0120e+00 3.3486e+05
2.0940e+00 3.3538e+05
2.1790e+00 3.3595e+05
2.2690e+00 3.3636e+05
2.3600e+00 3.3696e+05
2.4550e+00 3.3757e+05
2.5520e+00 3.3780e+05
2.6540e+00 3.3932e+05
2.7540e+00 3.3847e+05
2.8570e+00 3.3780e+05
2.9610e+00 3.3863e+05
3.0660e+00 3.3797e+05
3.1720e+00 3.3843e+05
3.2790e+00 3.3735e+05
3.3870e+00 3.3689e+05
3.4960e+00 3.3614e+05
3.6050e+00 3.3445e+05
3.7140e+00 3.3340e+05
3.8240e+00 3.3205e+05
3.9340e+00 3.3034e+05
4.0450e+00 3.2882e+05
4.1560e+00 3.2654e+05
4.2670e+00 3.2475e+05
4.3790e+00 3.2273e+05
4.4910e+00 3.2041e+05
4.6040e+00 3.1799e+05
4.7180e+00 3.1586e+05
4.8330e+00 3.1320e+05
4.9490e+00 3.1049e+05
5.0660e+00 3.0791e+05
5.1840e+00 3.0510e+05
5.3040e+00 3.0243e+05
5.4250e+00 3.0001e+05
5.5470e+00 2.9716e+05
5.6720e+00 2.9420e+05
5.7980e+00 2.9140e+05
5.9270e+00 2.8862e+05
6.0580e+00 2.8550e+05
6.1920e+00 2.8270e+05
6.3280e+00 2.7973e+05
6.4670e+00 2.7695e+05
6.6090e+00 2.7415e+05
6.7540e+00 2.7133e+05
6.9030e+00 2.6862e+05
7.0550e+00 2.6555e+05
7.2100e+00 2.6289e+05
7.3700e+00 2.5986e+05
7.5340e+00 2.5708e+05
7.6990e+00 2.5435e+05
7.8710e+00 2.5158e+05
8.0480e+00 2.4859e+05
8.2300e+00 2.4589e+05
8.4160e+00 2.4311e+05
8.6080e+00 2.4043e+05
8.8060e+00 2.3750e+05
9.0090e+00 2.3481e+05
9.2170e+00 2.3196e+05
9.4300e+00 2.2920e+05
9.6500e+00 2.2641e+05
9.8760e+00 2.2365e+05
1.0110e+01 2.2093e+05
1.0350e+01 2.1809e+05
1.0590e+01 2.1527e+05
1.0850e+01 2.1247e+05
1.1110e+01 2.0970e+05
1.1370e+01 2.0699e+05
1.1650e+01 2.0427e+05
1.1930e+01 2.0149e+05
1.2220e+01 1.9871e+05
1.2530e+01 1.9584e+05
1.2830e+01 1.9305e+05
1.3150e+01 1.9026e+05
1.3480e+01 1.8752e+05
1.3820e+01 1.8470e+05
1.4170e+01 1.8188e+05
1.4530e+01 1.7907e+05
1.4900e+01 1.7626e+05
1.5280e+01 1.7339e+05
1.5670e+01 1.7060e+05
1.6080e+01 1.6782e+05
1.6490e+01 1.6500e+05
1.6930e+01 1.6222e+05
1.7370e+01 1.5941e+05
1.7830e+01 1.5668e+05
1.8300e+01 1.5379e+05
1.8790e+01 1.5114e+05
1.9300e+01 1.4833e+05
1.9820e+01 1.4552e+05
2.0350e+01 1.4277e+05
2.0910e+01 1.4005e+05
2.1490e+01 1.3732e+05
2.2080e+01 1.3458e+05
2.2690e+01 1.3187e+05
2.3330e+01 1.2920e+05
2.3990e+01 1.2654e+05
2.4670e+01 1.2391e+05
2.5370e+01 1.2130e+05
2.6100e+01 1.1868e+05
2.6860e+01 1.1609e+05
2.7640e+01 1.1355e+05
2.8450e+01 1.1092e+05
2.9290e+01 1.0843e+05
3.0160e+01 1.0599e+05
3.1070e+01 1.0349e+05
3.2000e+01 1.0106e+05
3.2980e+01 9.8651e+04
3.3990e+01 9.6249e+04
3.5040e+01 9.3872e+04
3.6130e+01 9.1533e+04
3.7260e+01 8.9265e+04
3.8440e+01 8.6982e+04
3.9670e+01 8.4708e+04
4.0940e+01 8.2510e+04
4.2270e+01 8.0328e+04
4.3650e+01 7.8196e+04
4.5090e+01 7.6068e+04
4.6590e+01 7.3995e+04
4.8160e+01 7.1950e+04
4.9790e+01 6.9898e+04
5.1490e+01 6.7920e+04
5.3270e+01 6.5985e+04
5.5130e+01 6.4048e+04
5.7070e+01 6.2173e+04
5.9110e+01 6.0304e+04
6.1230e+01 5.8467e+04
6.3460e+01 5.6693e+04
6.5790e+01 5.4919e+04
6.8240e+01 5.3183e+04
7.0810e+01 5.1511e+04
7.3500e+01 4.9822e+04
7.6330e+01 4.8200e+04
7.9310e+01 4.6598e+04
