2.4850e-01 1.8090e+08
2.5520e-01 1.8227e+08
2.6210e-01 1.8350e+08
2.6910e-01 1.8467e+08
2.7630e-01 1.8587e+08
2.8370e-01 1.8715e+08
2.9130e-01 1.8832e+08
2.9900e-01 1.8935e+08
3.0690e-01 1.9040e+08
3.1500e-01 1.9143e+08
3.2330e-01 1.9238e+08
3.3170e-01 1.9318e+08
3.4030e-01 1.9405e+08
3.4910e-01 1.9491e+08
3.5810e-01 1.9562e+08
3.6720e-01 1.9636e+08
3.7650e-01 1.9705e+08
3.8600e-01 1.9778e+08
3.9560e-01 1.9836e+08
4.0540e-01 1.9901e+08
4.1530e-01 1.9957e+08
4.2540e-01 2.0008e+08
4.3560e-01 2.0054e+08
4.4590e-01 2.0096e+08
4.5640e-01 2.0141e+08
4.6690e-01 2.0173e+08
4.7760e-01 2.0207e+08
4.8830e-01 2.0240e+08
4.9910e-01 2.0262e+08
5.0990e-01 2.0280e+08
5.2070e-01 2.0290e+08
5.3160e-01 2.0292e+08
5.4250e-01 2.0292e+08
5.5330e-01 2.0293e+08
5.6410e-01 2.0281e+08
5.7490e-01 2.0258e+08
5.8550e-01 2.0231e+08
5.9610e-01 2.0189e+08
6.0660e-01 2.0149e+08
6.1690e-01 2.0095e+08
6.2720e-01 2.0033e+08
6.3720e-01 1.9960e+08
6.4710e-01 1.9870e+08
6.5680e-01 1.9780e+08
6.6630e-01 1.9670e+08
6.7550e-01 1.9556e+08
6.8460e-01 1.9424e+08
6.9340e-01 1.9289e+08
7.0200e-01 1.9139e+08
7.1040e-01 1.8973e+08
7.1850e-01 1.8804e+08
7.2630e-01 1.8620e+08
7.3390e-01 1.8421e+08
7.4120e-01 1.8213e+08
7.4830e-01 1.7997e+08
7.5510e-01 1.7771e+08
7.6170e-01 1.7539e+08
7.6800e-01 1.7292e+08
7.7400e-01 1.7034e+08
7.7980e-01 1.6771e+08
7.8540e-01 1.6507e+08
7.9070e-01 1.6231e+08
7.9580e-01 1.5950e+08
8.0060e-01 1.5668e+08
8.0520e-01 1.5373e+08
8.0970e-01 1.5078e+08
8.1390e-01 1.4781e+08
8.1790e-01 1.4481e+08
8.2170e-01 1.4179e+08
8.2530e-01 1.3879e+08
8.2880e-01 1.3568e+08
8.3200e-01 1.3271e+08
8.3510e-01 1.2961e+08
8.3810e-01 1.2665e+08
8.4090e-01 1.2362e+08
8.4360e-01 1.2066e+08
8.4610e-01 1.1759e+08
8.4840e-01 1.1472e+08
8.5080e-01 1.1181e+08
8.5300e-01 1.0891e+08
8.5500e-01 1.0605e+08
8.5700e-01 1.0329e+08
8.5880e-01 1.0053e+08
8.6060e-01 9.7810e+07
8.6220e-01 9.5132e+07
8.6380e-01 9.2527e+07
8.6530e-01 8.9925e+07
8.6680e-01 8.7440e+07
8.6810e-01 8.4970e+07
8.6950e-01 8.2560e+07
8.7070e-01 8.0177e+07
8.7190e-01 7.7908e+07
8.7300e-01 7.5636e+07
8.7410e-01 7.3425e+07
8.7520e-01 7.1290e+07
8.7620e-01 6.9197e+07
8.7710e-01 6.7149e+07
8.7800e-01 6.5163e+07
8.7890e-01 6.3227e+07
8.7980e-01 6.1341e+07
8.8060e-01 5.9518e+07
8.8140e-01 5.7699e+07
8.8220e-01 5.5993e+07
8.8290e-01 5.4293e+07
8.8360e-01 5.2640e+07
8.8440e-01 5.1052e+07
8.8500e-01 4.9493e+07
8.8570e-01 4.7999e+07
8.8640e-01 4.6514e+07
8.8700e-01 4.5094e+07
8.8760e-01 4.3708e+07
8.8830e-01 4.2373e+07
8.8890e-01 4.1072e+07
8.8950e-01 3.9822e+07
8.9010e-01 3.8588e+07
8.9070e-01 3.7396e+07
8.9130e-01 3.6240e+07
8.9190e-01 3.5118e+07
8.9250e-01 3.4056e+07
8.9310e-01 3.3005e+07
8.9370e-01 3.1982e+07
8.9430e-01 3.0995e+07
8.9490e-01 3.0037e+07
8.9550e-01 2.9113e+07
8.9610e-01 2.8214e+07
8.9670e-01 2.7340e+07
8.9720e-01 2.6496e+07
8.9790e-01 2.5677e+07
8.9850e-01 2.4884e+07
8.9910e-01 2.4120e+07
8.9970e-01 2.3378e+07
9.0040e-01 2.2654e+07
9.0100e-01 2.1956e+07
9.0170e-01 2.1281e+07
9.0230e-01 2.0636e+07
9.0300e-01 2.0000e+07
9.0370e-01 1.9384e+07
9.0440e-01 1.8788e+07
9.0500e-01 1.8208e+07
9.0580e-01 1.7659e+07
9.0650e-01 1.7116e+07
9.0730e-01 1.6584e+07
9.0810e-01 1.6091e+07
9.0890e-01 1.5593e+07
9.0960e-01 1.5123e+07
9.1050e-01 1.4660e+07
9.1130e-01 1.4222e+07
9.1220e-01 1.3791e+07
9.1310e-01 1.3371e+07
9.1400e-01 1.2974e+07
9.1490e-01 1.2581e+07
9.1580e-01 1.2201e+07
9.1680e-01 1.1834e+07
9.1760e-01 1.1481e+07
9.1870e-01 1.1140e+07
9.1970e-01 1.0807e+07
9.2070e-01 1.0481e+07
9.2180e-01 1.0171e+07
9.2290e-01 9.8694e+06
9.2400e-01 9.5818e+06
9.2510e-01 9.2929e+06
9.2620e-01 9.0240e+06
9.2740e-01 8.7578e+06
9.2860e-01 8.4974e+06
9.2980e-01 8.2503e+06
9.3110e-01 8.0082e+06
9.3230e-01 7.7748e+06
9.3360e-01 7.5551e+06
9.3500e-01 7.3354e+06
9.3630e-01 7.1225e+06
9.3770e-01 6.9190e+06
9.3910e-01 6.7176e+06
9.4060e-01 6.5278e+06
9.4200e-01 6.3425e+06
9.4350e-01 6.1629e+06
9.4500e-01 5.9880e+06
9.4650e-01 5.8181e+06
9.4810e-01 5.6548e+06
9.4970e-01 5.4947e+06
9.5130e-01 5.3403e+06
9.5300e-01 5.1924e+06
9.5460e-01 5.0472e+06
9.5640e-01 4.9077e+06
9.5780e-01 4.7725e+06
9.5950e-01 4.6424e+06
9.6130e-01 4.5146e+06
9.6300e-01 4.3908e+06
9.6480e-01 4.2705e+06
9.6660e-01 4.1543e+06
9.6840e-01 4.0408e+06
9.7030e-01 3.9327e+06
9.7210e-01 3.8253e+06
9.7390e-01 3.7241e+06
9.7590e-01 3.6228e+06
9.7780e-01 3.5265e+06
9.7960e-01 3.4330e+06
9.8160e-01 3.3418e+06
9.8350e-01 3.2534e+06
9.8550e-01 3.1670e+06
9.8750e-01 3.0836e+06
9.8940e-01 3.0021e+06
9.9140e-01 2.9227e+06
9.9340e-01 2.8459e+06
9.9540e-01 2.7730e+06
9.9740e-01 2.7002e+06
9.9940e-01 2.6293e+06
1.0010e+00 2.5622e+06
1.0030e+00 2.4949e+06
1.0050e+00 2.4311e+06
1.0080e+00 2.3675e+06
1.0100e+00 2.3070e+06
1.0120e+00 2.2488e+06
1.0140e+00 2.1892e+06
1.0160e+00 2.1349e+06
1.0180e+00 2.0804e+06
1.0200e+00 2.0265e+06
1.0220e+00 1.9743e+06
1.0240e+00 1.9241e+06
1.0260e+00 1.8755e+06
1.0280e+00 1.8275e+06
1.0300e+00 1.7801e+06
1.0320e+00 1.7358e+06
1.0340e+00 1.6922e+06
1.0360e+00 1.6493e+06
1.0380e+00 1.6072e+06
1.0400e+00 1.5669e+06
1.0420e+00 1.5273e+06
1.0450e+00 1.4877e+06
1.0470e+00 1.4511e+06
1.0490e+00 1.4135e+06
1.0510e+00 1.3778e+06
1.0530e+00 1.3424e+06
1.0550e+00 1.3087e+06
1.0570e+00 1.2756e+06
1.0600e+00 1.2443e+06
1.0620e+00 1.2125e+06
1.0640e+00 1.1821e+06
1.0660e+00 1.1526e+06
1.0690e+00 1.1245e+06
1.0720e+00 1.0963e+06
1.0740e+00 1.0690e+06
1.0760e+00 1.0426e+06
1.0790e+00 1.0168e+06
1.0820e+00 9.9175e+05
1.0850e+00 9.6743e+05
1.0870e+00 9.4394e+05
1.0910e+00 9.2130e+05
1.0940e+00 9.0117e+05
1.0980e+00 8.7962e+05
1.1010e+00 8.5866e+05
1.1060e+00 8.3917e+05
1.1100e+00 8.1954e+05
1.1150e+00 8.0074e+05
1.1220e+00 7.8304e+05
1.1280e+00 7.6616e+05
1.1350e+00 7.4806e+05
1.1440e+00 7.3188e+05
1.1530e+00 7.1678e+05
1.1640e+00 7.0254e+05
1.1770e+00 6.8885e+05
1.1910e+00 6.7593e+05
1.2080e+00 6.6407e+05
1.2280e+00 6.5238e+05
1.2500e+00 6.4345e+05
1.2760e+00 6.3311e+05
1.3040e+00 6.2409e+05
1.3370e+00 6.1523e+05
1.3740e+00 6.0763e+05
1.4160e+00 6.0057e+05
1.4630e+00 5.9369e+05
1.5170e+00 5.8677e+05
1.5740e+00 5.8158e+05
1.6380e+00 5.7701e+05
1.7080e+00 5.7302e+05
1.7830e+00 5.6938e+05
1.8650e+00 5.6567e+05
1.9530e+00 5.6279e+05
2.0450e+00 5.6057e+05
2.1440e+00 5.5813e+05
2.2490e+00 5.5541e+05
2.3580e+00 5.5264e+05
2.4730e+00 5.4977e+05
2.5910e+00 5.4767e+05
2.7130e+00 5.4442e+05
2.8380e+00 5.4162e+05
2.9670e+00 5.3824e+05
3.0970e+00 5.3434e+05
3.2300e+00 5.3047e+05
3.3630e+00 5.2617e+05
3.4970e+00 5.2149e+05
3.6320e+00 5.1651e+05
3.7670e+00 5.1165e+05
3.9020e+00 5.0616e+05
4.0370e+00 5.0001e+05
4.1720e+00 4.9402e+05
4.3070e+00 4.8774e+05
4.4410e+00 4.8100e+05
4.5740e+00 4.7417e+05
4.7100e+00 4.6720e+05
4.8440e+00 4.5994e+05
4.9760e+00 4.5281e+05
5.1080e+00 4.4522e+05
5.2400e+00 4.3795e+05
5.3720e+00 4.3030e+05
5.5040e+00 4.2278e+05
5.6370e+00 4.1503e+05
5.7700e+00 4.0748e+05
5.9040e+00 4.0011e+05
6.0390e+00 3.9258e+05
6.1750e+00 3.8510e+05
6.3110e+00 3.7790e+05
6.4510e+00 3.7055e+05
6.5920e+00 3.6325e+05
6.7360e+00 3.5618e+05
6.8820e+00 3.4898e+05
7.0300e+00 3.4217e+05
7.1810e+00 3.3527e+05
7.3350e+00 3.2856e+05
7.4930e+00 3.2196e+05
7.6550e+00 3.1537e+05
7.8200e+00 3.0902e+05
7.9920e+00 3.0267e+05
8.1660e+00 2.9653e+05
8.3440e+00 2.9048e+05
8.5270e+00 2.8455e+05
8.7150e+00 2.7886e+05
8.9070e+00 2.7312e+05
9.1060e+00 2.6760e+05
9.3110e+00 2.6213e+05
9.5220e+00 2.5675e+05
9.7390e+00 2.5150e+05
9.9630e+00 2.4639e+05
1.0190e+01 2.4139e+05
1.0430e+01 2.3654e+05
1.0680e+01 2.3164e+05
1.0930e+01 2.2696e+05
1.1190e+01 2.2231e+05
1.1460e+01 2.1776e+05
1.1740e+01 2.1332e+05
1.2030e+01 2.0900e+05
1.2320e+01 2.0467e+05
1.2630e+01 2.0055e+05
1.2950e+01 1.9640e+05
1.3280e+01 1.9238e+05
1.3610e+01 1.8834e+05
1.3970e+01 1.8450e+05
1.4330e+01 1.8062e+05
1.4700e+01 1.7687e+05
1.5090e+01 1.7319e+05
1.5490e+01 1.6963e+05
1.5910e+01 1.6603e+05
1.6340e+01 1.6257e+05
1.6780e+01 1.5899e+05
1.7240e+01 1.5573e+05
1.7720e+01 1.5235e+05
1.8220e+01 1.4910e+05
1.8730e+01 1.4576e+05
1.9260e+01 1.4264e+05
1.9810e+01 1.3945e+05
2.0390e+01 1.3633e+05
2.0980e+01 1.3330e+05
2.1600e+01 1.3028e+05
2.2240e+01 1.2730e+05
2.2900e+01 1.2445e+05
2.3590e+01 1.2156e+05
2.4310e+01 1.1873e+05
2.5050e+01 1.1588e+05
2.5830e+01 1.1316e+05
2.6640e+01 1.1035e+05
2.7470e+01 1.0769e+05
2.8350e+01 1.0507e+05
2.9250e+01 1.0242e+05
3.0200e+01 9.9843e+04
3.1190e+01 9.7288e+04
3.2210e+01 9.4784e+04
3.3280e+01 9.2292e+04
3.4400e+01 8.9807e+04
3.5570e+01 8.7415e+04
3.6780e+01 8.5062e+04
3.8050e+01 8.2705e+04
3.9380e+01 8.0367e+04
4.0770e+01 7.8094e+04
4.2220e+01 7.5862e+04
4.3730e+01 7.3667e+04
4.5320e+01 7.1461e+04
4.6980e+01 6.9316e+04
4.8720e+01 6.7170e+04
5.0540e+01 6.5104e+04
5.2460e+01 6.3085e+04
5.4460e+01 6.1071e+04
5.6560e+01 5.9085e+04
5.8770e+01 5.7138e+04
6.1090e+01 5.5206e+04
6.3530e+01 5.3329e+04
6.6100e+01 5.1508e+04
6.8790e+01 4.9698e+04
7.1630e+01 4.7945e+04
7.4630e+01 4.6196e+04
7.7780e+01 4.4477e+04
8.1110e+01 4.2828e+04
