2.4850e-01 2.1919e+07
2.5520e-01 2.1955e+07
2.6210e-01 2.1960e+07
2.6910e-01 2.1977e+07
2.7630e-01 2.1984e+07
2.8370e-01 2.2019e+07
2.9130e-01 2.2027e+07
2.9900e-01 2.2029e+07
3.0690e-01 2.2036e+07
3.1500e-01 2.2036e+07
3.2330e-01 2.2029e+07
3.3170e-01 2.2015e+07
3.4030e-01 2.2004e+07
3.4910e-01 2.2001e+07
3.5810e-01 2.1969e+07
3.6720e-01 2.1951e+07
3.7650e-01 2.1929e+07
3.8600e-01 2.1915e+07
3.9560e-01 2.1878e+07
4.0540e-01 2.1860e+07
4.1530e-01 2.1833e+07
4.2540e-01 2.1797e+07
4.3560e-01 2.1757e+07
4.4590e-01 2.1723e+07
4.5640e-01 2.1680e+07
4.6690e-01 2.1633e+07
4.7760e-01 2.1591e+07
4.8830e-01 2.1548e+07
4.9910e-01 2.1497e+07
5.0990e-01 2.1443e+07
5.2070e-01 2.1382e+07
5.3160e-01 2.1316e+07
5.4250e-01 2.1244e+07
5.5330e-01 2.1180e+07
5.6410e-01 2.1105e+07
5.7490e-01 2.1020e+07
5.8550e-01 2.0933e+07
5.9610e-01 2.0831e+07
6.0660e-01 2.0734e+07
6.1690e-01 2.0624e+07
6.2720e-01 2.0508e+07
6.3720e-01 2.0387e+07
6.4710e-01 2.0250e+07
6.5680e-01 2.0109e+07
6.6630e-01 1.9960e+07
6.7550e-01 1.9797e+07
6.8460e-01 1.9627e+07
6.9340e-01 1.9452e+07
7.0200e-01 1.9266e+07
7.1040e-01 1.9066e+07
7.1850e-01 1.8863e+07
7.2630e-01 1.8648e+07
7.3390e-01 1.8425e+07
7.4120e-01 1.8187e+07
7.4830e-01 1.7950e+07
7.5510e-01 1.7699e+07
7.6170e-01 1.7444e+07
7.6800e-01 1.7181e+07
7.7400e-01 1.6905e+07
7.7980e-01 1.6625e+07
7.8540e-01 1.6348e+07
7.9070e-01 1.6056e+07
7.9580e-01 1.5763e+07
8.0060e-01 1.5470e+07
8.0520e-01 1.5168e+07
8.0970e-01 1.4866e+07
8.1390e-01 1.4560e+07
8.1790e-01 1.4254e+07
8.2170e-01 1.3949e+07
8.2530e-01 1.3644e+07
8.2880e-01 1.3332e+07
8.3200e-01 1.3030e+07
8.3510e-01 1.2720e+07
8.3810e-01 1.2423e+07
8.4090e-01 1.2119e+07
8.4360e-01 1.1823e+07
8.4610e-01 1.1517e+07
8.4840e-01 1.1233e+07
8.5080e-01 1.0942e+07
8.5300e-01 1.0655e+07
8.5500e-01 1.0370e+07
8.5700e-01 1.0098e+07
8.5880e-01 9.8228e+06
8.6060e-01 9.5542e+06
8.6220e-01 9.2911e+06
8.6380e-01 9.0337e+06
8.6530e-01 8.7782e+06
8.6680e-01 8.5327e+06
8.6810e-01 8.2888e+06
8.6950e-01 8.0524e+06
8.7070e-01 7.8188e+06
8.7190e-01 7.5949e+06
8.7300e-01 7.3708e+06
8.7410e-01 7.1542e+06
8.7520e-01 6.9450e+06
8.7620e-01 6.7401e+06
8.7710e-01 6.5382e+06
8.7800e-01 6.3439e+06
8.7890e-01 6.1555e+06
8.7980e-01 5.9709e+06
8.8060e-01 5.7914e+06
8.8140e-01 5.6135e+06
8.8220e-01 5.4466e+06
8.8290e-01 5.2804e+06
8.8360e-01 5.1187e+06
8.8440e-01 4.9635e+06
8.8500e-01 4.8111e+06
8.8570e-01 4.6642e+06
8.8640e-01 4.5200e+06
8.8700e-01 4.3805e+06
8.8760e-01 4.2459e+06
8.8830e-01 4.1155e+06
8.8890e-01 3.9884e+06
8.8950e-01 3.8665e+06
8.9010e-01 3.7460e+06
8.9070e-01 3.6297e+06
8.9130e-01 3.5169e+06
8.9190e-01 3.4075e+06
8.9250e-01 3.3038e+06
8.9310e-01 3.2013e+06
8.9370e-01 3.1016e+06
8.9430e-01 3.0053e+06
8.9490e-01 2.9114e+06
8.9550e-01 2.8214e+06
8.9610e-01 2.7338e+06
8.9670e-01 2.6487e+06
8.9720e-01 2.5665e+06
8.9790e-01 2.4868e+06
8.9850e-01 2.4095e+06
8.9910e-01 2.3348e+06
8.9970e-01 2.2625e+06
9.0040e-01 2.1921e+06
9.0100e-01 2.1242e+06
9.0170e-01 2.0583e+06
9.0230e-01 1.9955e+06
9.0300e-01 1.9334e+06
9.0370e-01 1.8735e+06
9.0440e-01 1.8153e+06
9.0500e-01 1.7589e+06
9.0580e-01 1.7053e+06
9.0650e-01 1.6523e+06
9.0730e-01 1.6007e+06
9.0810e-01 1.5526e+06
9.0890e-01 1.5040e+06
9.0960e-01 1.4582e+06
9.1050e-01 1.4131e+06
9.1130e-01 1.3706e+06
9.1220e-01 1.3285e+06
9.1310e-01 1.2876e+06
9.1400e-01 1.2489e+06
9.1490e-01 1.2109e+06
9.1580e-01 1.1735e+06
9.1680e-01 1.1379e+06
9.1760e-01 1.1036e+06
9.1870e-01 1.0704e+06
9.1970e-01 1.0379e+06
9.2070e-01 1.0061e+06
9.2180e-01 9.7596e+05
9.2290e-01 9.4659e+05
9.2400e-01 9.1854e+05
9.2510e-01 8.9057e+05
9.2620e-01 8.6422e+05
9.2740e-01 8.3831e+05
9.2860e-01 8.1299e+05
9.2980e-01 7.8896e+05
9.3110e-01 7.6543e+05
9.3230e-01 7.4263e+05
9.3360e-01 7.2118e+05
9.3500e-01 6.9987e+05
9.3630e-01 6.7911e+05
9.3770e-01 6.5927e+05
9.3910e-01 6.3966e+05
9.4060e-01 6.2119e+05
9.4200e-01 6.0317e+05
9.4350e-01 5.8561e+05
9.4500e-01 5.6863e+05
9.4650e-01 5.5214e+05
9.4810e-01 5.3612e+05
9.4970e-01 5.2061e+05
9.5130e-01 5.0566e+05
9.5300e-01 4.9117e+05
9.5460e-01 4.7706e+05
9.5640e-01 4.6351e+05
9.5780e-01 4.5039e+05
9.5950e-01 4.3761e+05
9.6130e-01 4.2523e+05
9.6300e-01 4.1325e+05
9.6480e-01 4.0154e+05
9.6660e-01 3.9025e+05
9.6840e-01 3.7922e+05
9.7030e-01 3.6868e+05
9.7210e-01 3.5833e+05
9.7390e-01 3.4847e+05
9.7590e-01 3.3862e+05
9.7780e-01 3.2931e+05
9.7960e-01 3.2023e+05
9.8160e-01 3.1144e+05
9.8350e-01 3.0283e+05
9.8550e-01 2.9452e+05
9.8750e-01 2.8640e+05
9.8940e-01 2.7858e+05
9.9140e-01 2.7088e+05
9.9340e-01 2.6349e+05
9.9540e-01 2.5642e+05
9.9740e-01 2.4938e+05
9.9940e-01 2.4258e+05
1.0010e+00 2.3611e+05
1.0030e+00 2.2962e+05
1.0050e+00 2.2349e+05
1.0080e+00 2.1738e+05
1.0100e+00 2.1157e+05
1.0120e+00 2.0598e+05
1.0140e+00 2.0029e+05
1.0160e+00 1.9506e+05
1.0180e+00 1.8986e+05
1.0200e+00 1.8472e+05
1.0220e+00 1.7970e+05
1.0240e+00 1.7493e+05
1.0260e+00 1.7028e+05
1.0280e+00 1.6571e+05
1.0300e+00 1.6122e+05
1.0320e+00 1.5698e+05
1.0340e+00 1.5286e+05
1.0360e+00 1.4877e+05
1.0380e+00 1.4478e+05
1.0400e+00 1.4095e+05
1.0420e+00 1.3721e+05
1.0450e+00 1.3348e+05
1.0470e+00 1.2999e+05
1.0490e+00 1.2646e+05
1.0510e+00 1.2309e+05
1.0530e+00 1.1974e+05
1.0550e+00 1.1657e+05
1.0570e+00 1.1345e+05
1.0600e+00 1.1050e+05
1.0620e+00 1.0752e+05
1.0640e+00 1.0465e+05
1.0660e+00 1.0188e+05
1.0690e+00 9.9212e+04
1.0720e+00 9.6565e+04
1.0740e+00 9.4001e+04
1.0760e+00 9.1522e+04
1.0790e+00 8.9093e+04
1.0820e+00 8.6734e+04
1.0850e+00 8.4460e+04
1.0870e+00 8.2242e+04
1.0910e+00 8.0107e+04
1.0940e+00 7.8203e+04
1.0980e+00 7.6158e+04
1.1010e+00 7.4189e+04
1.1060e+00 7.2345e+04
1.1100e+00 7.0489e+04
1.1150e+00 6.8703e+04
1.1220e+00 6.7036e+04
1.1280e+00 6.5418e+04
1.1350e+00 6.3710e+04
1.1440e+00 6.2159e+04
1.1530e+00 6.0713e+04
1.1640e+00 5.9344e+04
1.1770e+00 5.8027e+04
1.1910e+00 5.6772e+04
1.2080e+00 5.5620e+04
1.2280e+00 5.4483e+04
1.2500e+00 5.3583e+04
1.2760e+00 5.2581e+04
1.3040e+00 5.1691e+04
1.3370e+00 5.0825e+04
1.3740e+00 5.0073e+04
1.4160e+00 4.9374e+04
1.4630e+00 4.8708e+04
1.5170e+00 4.8046e+04
1.5740e+00 4.7546e+04
1.6380e+00 4.7117e+04
1.7080e+00 4.6738e+04
1.7830e+00 4.6413e+04
1.8650e+00 4.6098e+04
1.9530e+00 4.5868e+04
2.0450e+00 4.5703e+04
2.1440e+00 4.5540e+04
2.2490e+00 4.5370e+04
2.3580e+00 4.5217e+04
2.4730e+00 4.5064e+04
2.5910e+00 4.4958e+04
2.7130e+00 4.4817e+04
2.8380e+00 4.4685e+04
2.9670e+00 4.4524e+04
3.0970e+00 4.4354e+04
3.2300e+00 4.4145e+04
3.3630e+00 4.3936e+04
3.4970e+00 4.3697e+04
3.6320e+00 4.3460e+04
3.7670e+00 4.3182e+04
3.9020e+00 4.2918e+04
4.0370e+00 4.2549e+04
4.1720e+00 4.2219e+04
4.3070e+00 4.1817e+04
4.4410e+00 4.1399e+04
4.5740e+00 4.0996e+04
4.7100e+00 4.0541e+04
4.8440e+00 4.0111e+04
4.9760e+00 3.9649e+04
5.1080e+00 3.9135e+04
5.2400e+00 3.8672e+04
5.3720e+00 3.8162e+04
5.5040e+00 3.7656e+04
5.6370e+00 3.7144e+04
5.7700e+00 3.6643e+04
5.9040e+00 3.6121e+04
6.0390e+00 3.5627e+04
6.1750e+00 3.5103e+04
6.3110e+00 3.4595e+04
6.4510e+00 3.4089e+04
6.5920e+00 3.3578e+04
6.7360e+00 3.3104e+04
6.8820e+00 3.2606e+04
7.0300e+00 3.2116e+04
7.1810e+00 3.1629e+04
7.3350e+00 3.1173e+04
7.4930e+00 3.0698e+04
7.6550e+00 3.0254e+04
7.8200e+00 2.9806e+04
7.9920e+00 2.9367e+04
8.1660e+00 2.8941e+04
8.3440e+00 2.8531e+04
8.5270e+00 2.8125e+04
8.7150e+00 2.7717e+04
8.9070e+00 2.7328e+04
9.1060e+00 2.6953e+04
9.3110e+00 2.6590e+04
9.5220e+00 2.6226e+04
9.7390e+00 2.5868e+04
9.9630e+00 2.5529e+04
1.0190e+01 2.5192e+04
1.0430e+01 2.4862e+04
1.0680e+01 2.4545e+04
1.0930e+01 2.4230e+04
1.1190e+01 2.3934e+04
1.1460e+01 2.3640e+04
1.1740e+01 2.3349e+04
1.2030e+01 2.3072e+04
1.2320e+01 2.2800e+04
1.2630e+01 2.2539e+04
1.2950e+01 2.2278e+04
1.3280e+01 2.2022e+04
1.3610e+01 2.1788e+04
1.3970e+01 2.1544e+04
1.4330e+01 2.1309e+04
1.4700e+01 2.1087e+04
1.5090e+01 2.0864e+04
1.5490e+01 2.0656e+04
1.5910e+01 2.0453e+04
1.6340e+01 2.0256e+04
1.6780e+01 2.0044e+04
1.7240e+01 1.9860e+04
1.7720e+01 1.9671e+04
1.8220e+01 1.9493e+04
1.8730e+01 1.9305e+04
1.9260e+01 1.9134e+04
1.9810e+01 1.8969e+04
2.0390e+01 1.8792e+04
2.0980e+01 1.8633e+04
2.1600e+01 1.8473e+04
2.2240e+01 1.8315e+04
2.2900e+01 1.8171e+04
2.3590e+01 1.8018e+04
2.4310e+01 1.7876e+04
2.5050e+01 1.7727e+04
2.5830e+01 1.7587e+04
2.6640e+01 1.7441e+04
2.7470e+01 1.7300e+04
2.8350e+01 1.7165e+04
2.9250e+01 1.7021e+04
3.0200e+01 1.6893e+04
3.1190e+01 1.6754e+04
3.2210e+01 1.6615e+04
3.3280e+01 1.6481e+04
3.4400e+01 1.6343e+04
3.5570e+01 1.6207e+04
3.6780e+01 1.6071e+04
3.8050e+01 1.5929e+04
3.9380e+01 1.5791e+04
4.0770e+01 1.5646e+04
4.2220e+01 1.5501e+04
4.3730e+01 1.5358e+04
4.5320e+01 1.5207e+04
4.6980e+01 1.5051e+04
4.8720e+01 1.4893e+04
5.0540e+01 1.4734e+04
5.2460e+01 1.4573e+04
5.4460e+01 1.4406e+04
5.6560e+01 1.4238e+04
5.8770e+01 1.4064e+04
6.1090e+01 1.3881e+04
6.3530e+01 1.3698e+04
6.6100e+01 1.3515e+04
6.8790e+01 1.3323e+04
7.1630e+01 1.3129e+04
7.4630e+01 1.2928e+04
7.7780e+01 1.2723e+04
8.1110e+01 1.2514e+04
