2.4850e-01 4.9941e+07
2.5520e-01 5.0513e+07
2.6210e-01 5.1045e+07
2.6910e-01 5.1588e+07
2.7630e-01 5.2134e+07
2.8370e-01 5.2729e+07
2.9130e-01 5.3288e+07
2.9900e-01 5.3821e+07
3.0690e-01 5.4364e+07
3.1500e-01 5.4918e+07
3.2330e-01 5.5449e+07
3.3170e-01 5.5952e+07
3.4030e-01 5.6474e+07
3.4910e-01 5.7007e+07
3.5810e-01 5.7488e+07
3.6720e-01 5.7999e+07
3.7650e-01 5.8481e+07
3.8600e-01 5.8999e+07
3.9560e-01 5.9456e+07
4.0540e-01 5.9949e+07
4.1530e-01 6.0423e+07
4.2540e-01 6.0872e+07
4.3560e-01 6.1287e+07
4.4590e-01 6.1742e+07
4.5640e-01 6.2178e+07
4.6690e-01 6.2568e+07
4.7760e-01 6.2956e+07
4.8830e-01 6.3386e+07
4.9910e-01 6.3721e+07
5.0990e-01 6.4089e+07
5.2070e-01 6.4368e+07
5.3160e-01 6.4669e+07
5.4250e-01 6.4956e+07
5.5330e-01 6.5202e+07
5.6410e-01 6.5451e+07
5.7490e-01 6.5605e+07
5.8550e-01 6.5757e+07
5.9610e-01 6.5867e+07
6.0660e-01 6.5978e+07
6.1690e-01 6.6005e+07
6.2720e-01 6.6047e+07
6.3720e-01 6.5982e+07
6.4710e-01 6.5917e+07
6.5680e-01 6.5799e+07
6.6630e-01 6.5641e+07
6.7550e-01 6.5417e+07
6.8460e-01 6.5156e+07
6.9340e-01 6.4854e+07
7.0200e-01 6.4507e+07
7.1040e-01 6.4090e+07
7.1850e-01 6.3656e+07
7.2630e-01 6.3158e+07
7.3390e-01 6.2587e+07
7.4120e-01 6.2023e+07
7.4830e-01 6.1377e+07
7.5510e-01 6.0705e+07
7.6170e-01 6.0021e+07
7.6800e-01 5.9270e+07
7.7400e-01 5.8457e+07
7.7980e-01 5.7632e+07
7.8540e-01 5.6815e+07
7.9070e-01 5.5929e+07
7.9580e-01 5.5016e+07
8.0060e-01 5.4096e+07
8.0520e-01 5.3149e+07
8.0970e-01 5.2178e+07
8.1390e-01 5.1173e+07
8.1790e-01 5.0200e+07
8.2170e-01 4.9199e+07
8.2530e-01 4.8180e+07
8.2880e-01 4.7138e+07
8.3200e-01 4.6141e+07
8.3510e-01 4.5084e+07
8.3810e-01 4.4082e+07
8.4090e-01 4.3052e+07
8.4360e-01 4.2055e+07
8.4610e-01 4.1000e+07
8.4840e-01 4.0012e+07
8.5080e-01 3.9014e+07
8.5300e-01 3.8025e+07
8.5500e-01 3.7038e+07
8.5700e-01 3.6090e+07
8.5880e-01 3.5139e+07
8.6060e-01 3.4206e+07
8.6220e-01 3.3279e+07
8.6380e-01 3.2371e+07
8.6530e-01 3.1470e+07
8.6680e-01 3.0609e+07
8.6810e-01 2.9753e+07
8.6950e-01 2.8922e+07
8.7070e-01 2.8086e+07
8.7190e-01 2.7304e+07
8.7300e-01 2.6506e+07
8.7410e-01 2.5735e+07
8.7520e-01 2.4990e+07
8.7620e-01 2.4259e+07
8.7710e-01 2.3544e+07
8.7800e-01 2.2855e+07
8.7890e-01 2.2183e+07
8.7980e-01 2.1528e+07
8.8060e-01 2.0880e+07
8.8140e-01 2.0251e+07
8.8220e-01 1.9659e+07
8.8290e-01 1.9058e+07
8.8360e-01 1.8487e+07
8.8440e-01 1.7925e+07
8.8500e-01 1.7377e+07
8.8570e-01 1.6858e+07
8.8640e-01 1.6336e+07
8.8700e-01 1.5837e+07
8.8760e-01 1.5357e+07
8.8830e-01 1.4888e+07
8.8890e-01 1.4430e+07
8.8950e-01 1.3991e+07
8.9010e-01 1.3564e+07
8.9070e-01 1.3145e+07
8.9130e-01 1.2738e+07
8.9190e-01 1.2343e+07
8.9250e-01 1.1970e+07
8.9310e-01 1.1606e+07
8.9370e-01 1.1246e+07
8.9430e-01 1.0898e+07
8.9490e-01 1.0561e+07
8.9550e-01 1.0236e+07
8.9610e-01 9.9198e+06
8.9670e-01 9.6170e+06
8.9720e-01 9.3198e+06
8.9790e-01 9.0315e+06
8.9850e-01 8.7522e+06
8.9910e-01 8.4819e+06
8.9970e-01 8.2247e+06
9.0040e-01 7.9700e+06
9.0100e-01 7.7242e+06
9.0170e-01 7.4853e+06
9.0230e-01 7.2616e+06
9.0300e-01 7.0366e+06
9.0370e-01 6.8229e+06
9.0440e-01 6.6120e+06
9.0500e-01 6.4075e+06
9.0580e-01 6.2163e+06
9.0650e-01 6.0238e+06
9.0730e-01 5.8384e+06
9.0810e-01 5.6637e+06
9.0890e-01 5.4899e+06
9.0960e-01 5.3224e+06
9.1050e-01 5.1611e+06
9.1130e-01 5.0083e+06
9.1220e-01 4.8548e+06
9.1310e-01 4.7074e+06
9.1400e-01 4.5682e+06
9.1490e-01 4.4313e+06
9.1580e-01 4.2948e+06
9.1680e-01 4.1663e+06
9.1760e-01 4.0432e+06
9.1870e-01 3.9229e+06
9.1970e-01 3.8054e+06
9.2070e-01 3.6909e+06
9.2180e-01 3.5815e+06
9.2290e-01 3.4752e+06
9.2400e-01 3.3754e+06
9.2510e-01 3.2735e+06
9.2620e-01 3.1781e+06
9.2740e-01 3.0841e+06
9.2860e-01 2.9932e+06
9.2980e-01 2.9055e+06
9.3110e-01 2.8210e+06
9.3230e-01 2.7381e+06
9.3360e-01 2.6610e+06
9.3500e-01 2.5830e+06
9.3630e-01 2.5083e+06
9.3770e-01 2.4368e+06
9.3910e-01 2.3661e+06
9.4060e-01 2.2983e+06
9.4200e-01 2.2329e+06
9.4350e-01 2.1695e+06
9.4500e-01 2.1081e+06
9.4650e-01 2.0481e+06
9.4810e-01 1.9902e+06
9.4970e-01 1.9337e+06
9.5130e-01 1.8801e+06
9.5300e-01 1.8275e+06
9.5460e-01 1.7760e+06
9.5640e-01 1.7265e+06
9.5780e-01 1.6793e+06
9.5950e-01 1.6329e+06
9.6130e-01 1.5875e+06
9.6300e-01 1.5441e+06
9.6480e-01 1.5011e+06
9.6660e-01 1.4604e+06
9.6840e-01 1.4206e+06
9.7030e-01 1.3818e+06
9.7210e-01 1.3441e+06
9.7390e-01 1.3078e+06
9.7590e-01 1.2721e+06
9.7780e-01 1.2382e+06
9.7960e-01 1.2052e+06
9.8160e-01 1.1725e+06
9.8350e-01 1.1413e+06
9.8550e-01 1.1108e+06
9.8750e-01 1.0813e+06
9.8940e-01 1.0526e+06
9.9140e-01 1.0245e+06
9.9340e-01 9.9735e+05
9.9540e-01 9.7094e+05
9.9740e-01 9.4520e+05
9.9940e-01 9.2014e+05
1.0010e+00 8.9631e+05
1.0030e+00 8.7253e+05
1.0050e+00 8.4989e+05
1.0080e+00 8.2745e+05
1.0100e+00 8.0598e+05
1.0120e+00 7.8530e+05
1.0140e+00 7.6419e+05
1.0160e+00 7.4493e+05
1.0180e+00 7.2562e+05
1.0200e+00 7.0653e+05
1.0220e+00 6.8798e+05
1.0240e+00 6.7023e+05
1.0260e+00 6.5301e+05
1.0280e+00 6.3597e+05
1.0300e+00 6.1921e+05
1.0320e+00 6.0350e+05
1.0340e+00 5.8802e+05
1.0360e+00 5.7280e+05
1.0380e+00 5.5786e+05
1.0400e+00 5.4358e+05
1.0420e+00 5.2957e+05
1.0450e+00 5.1558e+05
1.0470e+00 5.0255e+05
1.0490e+00 4.8925e+05
1.0510e+00 4.7658e+05
1.0530e+00 4.6423e+05
1.0550e+00 4.5227e+05
1.0570e+00 4.4046e+05
1.0600e+00 4.2932e+05
1.0620e+00 4.1807e+05
1.0640e+00 4.0739e+05
1.0660e+00 3.9690e+05
1.0690e+00 3.8689e+05
1.0720e+00 3.7701e+05
1.0740e+00 3.6720e+05
1.0760e+00 3.5792e+05
1.0790e+00 3.4876e+05
1.0820e+00 3.3986e+05
1.0850e+00 3.3135e+05
1.0870e+00 3.2296e+05
1.0910e+00 3.1496e+05
1.0940e+00 3.0779e+05
1.0980e+00 3.0024e+05
1.1010e+00 2.9285e+05
1.1060e+00 2.8594e+05
1.1100e+00 2.7915e+05
1.1150e+00 2.7260e+05
1.1220e+00 2.6648e+05
1.1280e+00 2.6064e+05
1.1350e+00 2.5442e+05
1.1440e+00 2.4892e+05
1.1530e+00 2.4392e+05
1.1640e+00 2.3917e+05
1.1770e+00 2.3485e+05
1.1910e+00 2.3081e+05
1.2080e+00 2.2725e+05
1.2280e+00 2.2381e+05
1.2500e+00 2.2154e+05
1.2760e+00 2.1890e+05
1.3040e+00 2.1685e+05
1.3370e+00 2.1497e+05
1.3740e+00 2.1380e+05
1.4160e+00 2.1290e+05
1.4630e+00 2.1234e+05
1.5170e+00 2.1190e+05
1.5740e+00 2.1225e+05
1.6380e+00 2.1303e+05
1.7080e+00 2.1411e+05
1.7830e+00 2.1550e+05
1.8650e+00 2.1703e+05
1.9530e+00 2.1898e+05
2.0450e+00 2.2122e+05
2.1440e+00 2.2353e+05
2.2490e+00 2.2578e+05
2.3580e+00 2.2804e+05
2.4730e+00 2.3030e+05
2.5910e+00 2.3271e+05
2.7130e+00 2.3483e+05
2.8380e+00 2.3690e+05
2.9670e+00 2.3880e+05
3.0970e+00 2.4041e+05
3.2300e+00 2.4174e+05
3.3630e+00 2.4288e+05
3.4970e+00 2.4384e+05
3.6320e+00 2.4450e+05
3.7670e+00 2.4495e+05
3.9020e+00 2.4510e+05
4.0370e+00 2.4471e+05
4.1720e+00 2.4433e+05
4.3070e+00 2.4361e+05
4.4410e+00 2.4260e+05
4.5740e+00 2.4150e+05
4.7100e+00 2.3998e+05
4.8440e+00 2.3843e+05
4.9760e+00 2.3666e+05
5.1080e+00 2.3465e+05
5.2400e+00 2.3262e+05
5.3720e+00 2.3036e+05
5.5040e+00 2.2804e+05
5.6370e+00 2.2554e+05
5.7700e+00 2.2302e+05
5.9040e+00 2.2045e+05
6.0390e+00 2.1782e+05
6.1750e+00 2.1507e+05
6.3110e+00 2.1231e+05
6.4510e+00 2.0956e+05
6.5920e+00 2.0672e+05
6.7360e+00 2.0393e+05
6.8820e+00 2.0109e+05
7.0300e+00 1.9828e+05
7.1810e+00 1.9542e+05
7.3350e+00 1.9263e+05
7.4930e+00 1.8982e+05
7.6550e+00 1.8705e+05
7.8200e+00 1.8426e+05
7.9920e+00 1.8156e+05
8.1660e+00 1.7887e+05
8.3440e+00 1.7617e+05
8.5270e+00 1.7349e+05
8.7150e+00 1.7084e+05
8.9070e+00 1.6826e+05
9.1060e+00 1.6568e+05
9.3110e+00 1.6318e+05
9.5220e+00 1.6070e+05
9.7390e+00 1.5826e+05
9.9630e+00 1.5586e+05
1.0190e+01 1.5334e+05
1.0430e+01 1.5103e+05
1.0680e+01 1.4860e+05
1.0930e+01 1.4633e+05
1.1190e+01 1.4399e+05
1.1460e+01 1.4181e+05
1.1740e+01 1.3955e+05
1.2030e+01 1.3733e+05
1.2320e+01 1.3516e+05
1.2630e+01 1.3302e+05
1.2950e+01 1.3078e+05
1.3280e+01 1.2872e+05
1.3610e+01 1.2659e+05
1.3970e+01 1.2459e+05
1.4330e+01 1.2252e+05
1.4700e+01 1.2049e+05
1.5090e+01 1.1841e+05
1.5490e+01 1.1647e+05
1.5910e+01 1.1446e+05
1.6340e+01 1.1252e+05
1.6780e+01 1.1054e+05
1.7240e+01 1.0870e+05
1.7720e+01 1.0682e+05
1.8220e+01 1.0491e+05
1.8730e+01 1.0299e+05
1.9260e+01 1.0120e+05
1.9810e+01 9.9328e+04
2.0390e+01 9.7436e+04
2.0980e+01 9.5638e+04
2.1600e+01 9.3884e+04
2.2240e+01 9.2070e+04
2.2900e+01 9.0335e+04
2.3590e+01 8.8606e+04
2.4310e+01 8.6903e+04
2.5050e+01 8.5149e+04
2.5830e+01 8.3481e+04
2.6640e+01 8.1710e+04
2.7470e+01 8.0043e+04
2.8350e+01 7.8389e+04
2.9250e+01 7.6740e+04
3.0200e+01 7.5122e+04
3.1190e+01 7.3504e+04
3.2210e+01 7.1910e+04
3.3280e+01 7.0301e+04
3.4400e+01 6.8721e+04
3.5570e+01 6.7199e+04
3.6780e+01 6.5645e+04
3.8050e+01 6.4112e+04
3.9380e+01 6.2618e+04
4.0770e+01 6.1113e+04
4.2220e+01 5.9628e+04
4.3730e+01 5.8195e+04
4.5320e+01 5.6731e+04
4.6980e+01 5.5302e+04
4.8720e+01 5.3892e+04
5.0540e+01 5.2491e+04
5.2460e+01 5.1117e+04
5.4460e+01 4.9766e+04
5.6560e+01 4.8417e+04
5.8770e+01 4.7087e+04
6.1090e+01 4.5786e+04
6.3530e+01 4.4482e+04
6.6100e+01 4.3245e+04
6.8790e+01 4.1966e+04
7.1630e+01 4.0755e+04
7.4630e+01 3.9529e+04
7.7780e+01 3.8342e+04
8.1110e+01 3.7176e+04
