5.6390e-02 0.0000e+00
6.4740e-02 0.0000e+00
7.0950e-02 0.0000e+00
7.7400e-02 0.0000e+00
8.4460e-02 0.0000e+00
9.1380e-02 0.0000e+00
9.8660e-02 0.0000e+00
1.0640e-01 0.0000e+00
1.1520e-01 0.0000e+00
1.2460e-01 0.0000e+00
1.3560e-01 0.0000e+00
1.4920e-01 2.6530e-12
1.6600e-01 7.1011e-12
1.8780e-01 2.2573e-11
2.1640e-01 8.6590e-11
2.5380e-01 1.5346e-08
3.0080e-01 6.4753e-08
3.5780e-01 3.4025e-07
4.2290e-01 1.6176e-06
4.9420e-01 7.8814e-06
5.7010e-01 3.7498e-05
6.4810e-01 1.6282e-04
7.2810e-01 6.4001e-04
8.1060e-01 2.2721e-03
8.9600e-01 7.3030e-03
1.4210e+00 1.7819e+01
1.4810e+00 1.6333e+01
1.5500e+00 1.4999e+01
1.6300e+00 1.3858e+01
1.7200e+00 1.3007e+01
1.8230e+00 1.2568e+01
1.9380e+00 1.2736e+01
2.0660e+00 1.3732e+01
2.2080e+00 1.5805e+01
2.3640e+00 1.9198e+01
2.5280e+00 2.3770e+01
2.7120e+00 3.0229e+01
2.9100e+00 3.8261e+01
3.1200e+00 4.7638e+01
3.3390e+00 5.7977e+01
3.5640e+00 6.8655e+01
3.7880e+00 7.9103e+01
4.0080e+00 8.8671e+01
4.2190e+00 9.6743e+01
4.4180e+00 1.0288e+02
4.6040e+00 1.0703e+02
4.7770e+00 1.0926e+02
4.9370e+00 1.0971e+02
5.0860e+00 1.0870e+02
5.2270e+00 1.0643e+02
5.3620e+00 1.0331e+02
5.4910e+00 9.9518e+01
5.6170e+00 9.5295e+01
5.7430e+00 9.0773e+01
5.8680e+00 8.6157e+01
5.9940e+00 8.1464e+01
6.1220e+00 7.6776e+01
6.2540e+00 7.2187e+01
6.3890e+00 6.7690e+01
6.5290e+00 6.3337e+01
6.6730e+00 5.9161e+01
6.8240e+00 5.5160e+01
6.9800e+00 5.1305e+01
7.1440e+00 4.7694e+01
7.3150e+00 4.4247e+01
7.4940e+00 4.1019e+01
7.6840e+00 3.7990e+01
7.8850e+00 3.5158e+01
8.0980e+00 3.2512e+01
8.3260e+00 3.0037e+01
8.5700e+00 2.7729e+01
8.8340e+00 2.5569e+01
9.1200e+00 2.3554e+01
9.4330e+00 2.1680e+01
9.7740e+00 1.9924e+01
1.0150e+01 1.8279e+01
1.0570e+01 1.6733e+01
1.1030e+01 1.5287e+01
1.1550e+01 1.3935e+01
1.2140e+01 1.2660e+01
1.2790e+01 1.1472e+01
1.3540e+01 1.0365e+01
1.4390e+01 9.3354e+00
1.5350e+01 8.3806e+00
1.6450e+01 7.5009e+00
1.7720e+01 6.6977e+00
1.9160e+01 5.9616e+00
2.0820e+01 5.2981e+00
2.2720e+01 4.6980e+00
2.4900e+01 4.1589e+00
2.7410e+01 3.6784e+00
3.0280e+01 3.2488e+00
3.3580e+01 2.8694e+00
3.7380e+01 2.5320e+00
4.1780e+01 2.2341e+00
4.6880e+01 1.9700e+00
5.2840e+01 1.7366e+00
5.9850e+01 1.5290e+00
6.8170e+01 1.3436e+00
7.8120e+01 1.1783e+00
