5.6390e-02 0.0000e+00
6.4740e-02 0.0000e+00
7.0950e-02 0.0000e+00
7.7400e-02 0.0000e+00
8.4460e-02 0.0000e+00
9.1380e-02 0.0000e+00
9.8660e-02 0.0000e+00
1.0640e-01 0.0000e+00
1.1520e-01 0.0000e+00
1.2460e-01 0.0000e+00
1.3560e-01 0.0000e+00
1.4920e-01 0.0000e+00
1.6600e-01 0.0000e+00
1.8780e-01 0.0000e+00
2.1640e-01 0.0000e+00
2.5380e-01 6.1942e-08
3.0080e-01 2.6416e-07
3.5780e-01 1.4482e-06
4.2290e-01 7.0056e-06
4.9420e-01 3.4971e-05
5.7010e-01 1.7013e-04
6.4810e-01 7.5205e-04
7.2810e-01 2.9545e-03
8.1060e-01 1.0247e-02
8.9600e-01 3.1476e-02
1.4210e+00 7.5827e+01
1.4810e+00 6.9788e+01
1.5500e+00 6.4181e+01
1.6300e+00 5.9168e+01
1.7200e+00 5.4914e+01
1.8230e+00 5.1666e+01
1.9380e+00 4.9800e+01
2.0660e+00 4.9718e+01
2.2080e+00 5.1856e+01
2.3640e+00 5.6843e+01
2.5280e+00 6.4766e+01
2.7120e+00 7.7432e+01
2.9100e+00 9.4993e+01
3.1200e+00 1.1788e+02
3.3390e+00 1.4607e+02
3.5640e+00 1.7866e+02
3.7880e+00 2.1417e+02
4.0080e+00 2.5065e+02
4.2190e+00 2.8550e+02
4.4180e+00 3.1648e+02
4.6040e+00 3.4199e+02
4.7770e+00 3.6157e+02
4.9370e+00 3.7463e+02
5.0860e+00 3.8160e+02
5.2270e+00 3.8313e+02
5.3620e+00 3.8038e+02
5.4910e+00 3.7360e+02
5.6170e+00 3.6411e+02
5.7430e+00 3.5242e+02
5.8680e+00 3.3913e+02
5.9940e+00 3.2471e+02
6.1220e+00 3.0935e+02
6.2540e+00 2.9359e+02
6.3890e+00 2.7764e+02
6.5290e+00 2.6167e+02
6.6730e+00 2.4586e+02
6.8240e+00 2.3044e+02
6.9800e+00 2.1526e+02
7.1440e+00 2.0070e+02
7.3150e+00 1.8667e+02
7.4940e+00 1.7331e+02
7.6840e+00 1.6062e+02
7.8850e+00 1.4864e+02
8.0980e+00 1.3734e+02
8.3260e+00 1.2668e+02
8.5700e+00 1.1670e+02
8.8340e+00 1.0730e+02
9.1200e+00 9.8523e+01
9.4330e+00 9.0319e+01
9.7740e+00 8.2600e+01
1.0150e+01 7.5357e+01
1.0570e+01 6.8517e+01
1.1030e+01 6.2106e+01
1.1550e+01 5.6105e+01
1.2140e+01 5.0446e+01
1.2790e+01 4.5149e+01
1.3540e+01 4.0234e+01
1.4390e+01 3.5660e+01
1.5350e+01 3.1438e+01
1.6450e+01 2.7567e+01
1.7720e+01 2.4054e+01
1.9160e+01 2.0877e+01
2.0820e+01 1.8048e+01
2.2720e+01 1.5524e+01
2.4900e+01 1.3294e+01
2.7410e+01 1.1346e+01
3.0280e+01 9.6540e+00
3.3580e+01 8.1981e+00
3.7380e+01 6.9388e+00
4.1780e+01 5.8634e+00
4.6880e+01 4.9526e+00
5.2840e+01 4.1768e+00
5.9850e+01 3.5176e+00
6.8170e+01 2.9578e+00
7.8120e+01 2.4842e+00
