5.6390e-02 5.9875e+06
6.4740e-02 6.2290e+06
7.0950e-02 6.0733e+06
7.7400e-02 5.9004e+06
8.4460e-02 5.7500e+06
9.1380e-02 5.5386e+06
9.8660e-02 5.3230e+06
1.0640e-01 5.1102e+06
1.1520e-01 4.9171e+06
1.2460e-01 4.7248e+06
1.3560e-01 4.5409e+06
1.4920e-01 4.3932e+06
1.6600e-01 4.2676e+06
1.8780e-01 4.1817e+06
2.1640e-01 4.1437e+06
2.5380e-01 4.1654e+06
3.0080e-01 4.2347e+06
3.5780e-01 4.3574e+06
4.2290e-01 4.5033e+06
4.9420e-01 4.6677e+06
5.7010e-01 4.8283e+06
6.4810e-01 4.9623e+06
7.2810e-01 5.0724e+06
8.1060e-01 5.1424e+06
8.9600e-01 5.1813e+06
1.4210e+00 6.1628e+06
1.4810e+00 6.0341e+06
1.5500e+00 5.9064e+06
1.6300e+00 5.7818e+06
1.7200e+00 5.6692e+06
1.8230e+00 5.5625e+06
1.9380e+00 5.4756e+06
2.0660e+00 5.3940e+06
2.2080e+00 5.3250e+06
2.3640e+00 5.2614e+06
2.5280e+00 5.1948e+06
2.7120e+00 5.1424e+06
2.9100e+00 5.0916e+06
3.1200e+00 5.0423e+06
3.3390e+00 4.9858e+06
3.5640e+00 4.9145e+06
3.7880e+00 4.8260e+06
4.0080e+00 4.7173e+06
4.2190e+00 4.5840e+06
4.4180e+00 4.4238e+06
4.6040e+00 4.2380e+06
4.7770e+00 4.0357e+06
4.9370e+00 3.8244e+06
5.0860e+00 3.6050e+06
5.2270e+00 3.3822e+06
5.3620e+00 3.1660e+06
5.4910e+00 2.9522e+06
5.6170e+00 2.7471e+06
5.7430e+00 2.5513e+06
5.8680e+00 2.3665e+06
5.9940e+00 2.1920e+06
6.1220e+00 2.0279e+06
6.2540e+00 1.8733e+06
6.3890e+00 1.7284e+06
6.5290e+00 1.5937e+06
6.6730e+00 1.4687e+06
6.8240e+00 1.3519e+06
6.9800e+00 1.2426e+06
7.1440e+00 1.1426e+06
7.3150e+00 1.0487e+06
7.4940e+00 9.6251e+05
7.6840e+00 8.8335e+05
7.8850e+00 8.0988e+05
8.0980e+00 7.4231e+05
8.3260e+00 6.8010e+05
8.5700e+00 6.2204e+05
8.8340e+00 5.6857e+05
9.1200e+00 5.1959e+05
9.4330e+00 4.7429e+05
9.7740e+00 4.3191e+05
1.0150e+01 3.9302e+05
1.0570e+01 3.5690e+05
1.1030e+01 3.2353e+05
1.1550e+01 2.9245e+05
1.2140e+01 2.6363e+05
1.2790e+01 2.3692e+05
1.3540e+01 2.1237e+05
1.4390e+01 1.8968e+05
1.5350e+01 1.6879e+05
1.6450e+01 1.4981e+05
1.7720e+01 1.3249e+05
1.9160e+01 1.1673e+05
2.0820e+01 1.0257e+05
2.2720e+01 8.9834e+04
2.4900e+01 7.8451e+04
2.7410e+01 6.8331e+04
3.0280e+01 5.9359e+04
3.3580e+01 5.1475e+04
3.7380e+01 4.4505e+04
4.1780e+01 3.8415e+04
4.6880e+01 3.3080e+04
5.2840e+01 2.8416e+04
5.9850e+01 2.4334e+04
6.8170e+01 2.0760e+04
7.8120e+01 1.7643e+04
